family_name,task_type,outcome,handle,metric,higher_is_better,n_eval,point,ci_lo,ci_hi,pred_path,outcomes_parquet
exp1_primary_binary,classification,icu_admission,centiles_fused,brier,False,53978,0.0362301368341189,0.0348965880578126,0.037608878495634,/gpfs/data/bbj-lab/users/daniel/input-representation-benchmark/outputs/runs/tokenized/mimiciv-3.1_meds_70-10-20/centiles_none_fused_time_tokens_first_24h-tokenized/test/logistic_regression-preds-base-primary_binary-checkpoint-16500.pkl,/gpfs/data/bbj-lab/users/daniel/input-representation-benchmark/outputs/runs/tokenized/mimiciv-3.1_meds_70-10-20/centiles_none_fused_time_tokens_first_24h-tokenized/test/tokens_timelines_outcomes.parquet
exp1_primary_binary,classification,icu_admission,centiles_unfused,brier,False,53978,0.0364492577305773,0.0350711630560808,0.0377849722390744,/gpfs/data/bbj-lab/users/daniel/input-representation-benchmark/outputs/runs/tokenized/mimiciv-3.1_meds_70-10-20/centiles_none_unfused_time_tokens_first_24h-tokenized/test/logistic_regression-preds-base-primary_binary-checkpoint-37000.pkl,/gpfs/data/bbj-lab/users/daniel/input-representation-benchmark/outputs/runs/tokenized/mimiciv-3.1_meds_70-10-20/centiles_none_unfused_time_tokens_first_24h-tokenized/test/tokens_timelines_outcomes.parquet
exp1_primary_binary,classification,icu_admission,deciles_fused,brier,False,53978,0.0359950087996543,0.0347081514354805,0.0373565017657307,/gpfs/data/bbj-lab/users/daniel/input-representation-benchmark/outputs/runs/tokenized/mimiciv-3.1_meds_70-10-20/deciles_none_fused_time_tokens_first_24h-tokenized/test/logistic_regression-preds-base-primary_binary-checkpoint-17000.pkl,/gpfs/data/bbj-lab/users/daniel/input-representation-benchmark/outputs/runs/tokenized/mimiciv-3.1_meds_70-10-20/deciles_none_fused_time_tokens_first_24h-tokenized/test/tokens_timelines_outcomes.parquet
exp1_primary_binary,classification,icu_admission,deciles_unfused,brier,False,53978,0.0371390455169232,0.0357520919654379,0.0385194632319906,/gpfs/data/bbj-lab/users/daniel/input-representation-benchmark/outputs/runs/tokenized/mimiciv-3.1_meds_70-10-20/deciles_none_unfused_time_tokens_first_24h-tokenized/test/logistic_regression-preds-base-primary_binary-checkpoint-10000.pkl,/gpfs/data/bbj-lab/users/daniel/input-representation-benchmark/outputs/runs/tokenized/mimiciv-3.1_meds_70-10-20/deciles_none_unfused_time_tokens_first_24h-tokenized/test/tokens_timelines_outcomes.parquet
exp1_primary_binary,classification,icu_admission,trentiles_10_10_10_fused,brier,False,53978,0.0371034457502356,0.0357654198099487,0.0385012147765648,/gpfs/data/bbj-lab/users/daniel/input-representation-benchmark/outputs/runs/tokenized/mimiciv-3.1_meds_70-10-20/trentiles_10-10-10_fused_time_tokens_first_24h-tokenized/test/logistic_regression-preds-base-primary_binary-checkpoint-37000.pkl,/gpfs/data/bbj-lab/users/daniel/input-representation-benchmark/outputs/runs/tokenized/mimiciv-3.1_meds_70-10-20/trentiles_10-10-10_fused_time_tokens_first_24h-tokenized/test/tokens_timelines_outcomes.parquet
exp1_primary_binary,classification,icu_admission,trentiles_10_10_10_unfused,brier,False,53978,0.0372107930512391,0.0358401356050743,0.0385813810242263,/gpfs/data/bbj-lab/users/daniel/input-representation-benchmark/outputs/runs/tokenized/mimiciv-3.1_meds_70-10-20/trentiles_10-10-10_unfused_time_tokens_first_24h-tokenized/test/logistic_regression-preds-base-primary_binary-checkpoint-10000.pkl,/gpfs/data/bbj-lab/users/daniel/input-representation-benchmark/outputs/runs/tokenized/mimiciv-3.1_meds_70-10-20/trentiles_10-10-10_unfused_time_tokens_first_24h-tokenized/test/tokens_timelines_outcomes.parquet
exp1_primary_binary,classification,icu_admission,trentiles_fused,brier,False,53978,0.0366146084102388,0.0353145412259728,0.0380225739815341,/gpfs/data/bbj-lab/users/daniel/input-representation-benchmark/outputs/runs/tokenized/mimiciv-3.1_meds_70-10-20/trentiles_none_fused_time_tokens_first_24h-tokenized/test/logistic_regression-preds-base-primary_binary-checkpoint-37000.pkl,/gpfs/data/bbj-lab/users/daniel/input-representation-benchmark/outputs/runs/tokenized/mimiciv-3.1_meds_70-10-20/trentiles_none_fused_time_tokens_first_24h-tokenized/test/tokens_timelines_outcomes.parquet
exp1_primary_binary,classification,icu_admission,trentiles_unfused,brier,False,53978,0.0363338299337139,0.0349445157469053,0.0377080010708251,/gpfs/data/bbj-lab/users/daniel/input-representation-benchmark/outputs/runs/tokenized/mimiciv-3.1_meds_70-10-20/trentiles_none_unfused_time_tokens_first_24h-tokenized/test/logistic_regression-preds-base-primary_binary-checkpoint-37000.pkl,/gpfs/data/bbj-lab/users/daniel/input-representation-benchmark/outputs/runs/tokenized/mimiciv-3.1_meds_70-10-20/trentiles_none_unfused_time_tokens_first_24h-tokenized/test/tokens_timelines_outcomes.parquet
exp1_primary_binary,classification,icu_admission,ventiles_5_10_5_fused,brier,False,53978,0.0364818050331688,0.0351518236705708,0.0378659670422449,/gpfs/data/bbj-lab/users/daniel/input-representation-benchmark/outputs/runs/tokenized/mimiciv-3.1_meds_70-10-20/ventiles_5-10-5_fused_time_tokens_first_24h-tokenized/test/logistic_regression-preds-base-primary_binary-checkpoint-37000.pkl,/gpfs/data/bbj-lab/users/daniel/input-representation-benchmark/outputs/runs/tokenized/mimiciv-3.1_meds_70-10-20/ventiles_5-10-5_fused_time_tokens_first_24h-tokenized/test/tokens_timelines_outcomes.parquet
exp1_primary_binary,classification,icu_admission,ventiles_5_10_5_unfused,brier,False,53978,0.0362471916943365,0.0348799251013367,0.0375818889897997,/gpfs/data/bbj-lab/users/daniel/input-representation-benchmark/outputs/runs/tokenized/mimiciv-3.1_meds_70-10-20/ventiles_5-10-5_unfused_time_tokens_first_24h-tokenized/test/logistic_regression-preds-base-primary_binary-checkpoint-37000.pkl,/gpfs/data/bbj-lab/users/daniel/input-representation-benchmark/outputs/runs/tokenized/mimiciv-3.1_meds_70-10-20/ventiles_5-10-5_unfused_time_tokens_first_24h-tokenized/test/tokens_timelines_outcomes.parquet
exp1_primary_binary,classification,icu_admission,ventiles_fused,brier,False,53978,0.0363523735807107,0.0350058528255372,0.0377281590928692,/gpfs/data/bbj-lab/users/daniel/input-representation-benchmark/outputs/runs/tokenized/mimiciv-3.1_meds_70-10-20/ventiles_none_fused_time_tokens_first_24h-tokenized/test/logistic_regression-preds-base-primary_binary-checkpoint-37000.pkl,/gpfs/data/bbj-lab/users/daniel/input-representation-benchmark/outputs/runs/tokenized/mimiciv-3.1_meds_70-10-20/ventiles_none_fused_time_tokens_first_24h-tokenized/test/tokens_timelines_outcomes.parquet
exp1_primary_binary,classification,icu_admission,ventiles_unfused,brier,False,53978,0.0365207317736748,0.0351910009432303,0.0378270095377943,/gpfs/data/bbj-lab/users/daniel/input-representation-benchmark/outputs/runs/tokenized/mimiciv-3.1_meds_70-10-20/ventiles_none_unfused_time_tokens_first_24h-tokenized/test/logistic_regression-preds-base-primary_binary-checkpoint-37000.pkl,/gpfs/data/bbj-lab/users/daniel/input-representation-benchmark/outputs/runs/tokenized/mimiciv-3.1_meds_70-10-20/ventiles_none_unfused_time_tokens_first_24h-tokenized/test/tokens_timelines_outcomes.parquet
exp1_primary_binary,classification,icu_admission,centiles_fused,ece_15,False,53978,0.0054165980482273,0.0041713244895736,0.007042192278187,/gpfs/data/bbj-lab/users/daniel/input-representation-benchmark/outputs/runs/tokenized/mimiciv-3.1_meds_70-10-20/centiles_none_fused_time_tokens_first_24h-tokenized/test/logistic_regression-preds-base-primary_binary-checkpoint-16500.pkl,/gpfs/data/bbj-lab/users/daniel/input-representation-benchmark/outputs/runs/tokenized/mimiciv-3.1_meds_70-10-20/centiles_none_fused_time_tokens_first_24h-tokenized/test/tokens_timelines_outcomes.parquet
exp1_primary_binary,classification,icu_admission,centiles_unfused,ece_15,False,53978,0.0053603615416315,0.00413965657741,0.007179858124943,/gpfs/data/bbj-lab/users/daniel/input-representation-benchmark/outputs/runs/tokenized/mimiciv-3.1_meds_70-10-20/centiles_none_unfused_time_tokens_first_24h-tokenized/test/logistic_regression-preds-base-primary_binary-checkpoint-37000.pkl,/gpfs/data/bbj-lab/users/daniel/input-representation-benchmark/outputs/runs/tokenized/mimiciv-3.1_meds_70-10-20/centiles_none_unfused_time_tokens_first_24h-tokenized/test/tokens_timelines_outcomes.parquet
exp1_primary_binary,classification,icu_admission,deciles_fused,ece_15,False,53978,0.0047064967338157,0.0037224560802624,0.0066662567501347,/gpfs/data/bbj-lab/users/daniel/input-representation-benchmark/outputs/runs/tokenized/mimiciv-3.1_meds_70-10-20/deciles_none_fused_time_tokens_first_24h-tokenized/test/logistic_regression-preds-base-primary_binary-checkpoint-17000.pkl,/gpfs/data/bbj-lab/users/daniel/input-representation-benchmark/outputs/runs/tokenized/mimiciv-3.1_meds_70-10-20/deciles_none_fused_time_tokens_first_24h-tokenized/test/tokens_timelines_outcomes.parquet
exp1_primary_binary,classification,icu_admission,deciles_unfused,ece_15,False,53978,0.0056071200408464,0.0047137335583557,0.0076902564109085,/gpfs/data/bbj-lab/users/daniel/input-representation-benchmark/outputs/runs/tokenized/mimiciv-3.1_meds_70-10-20/deciles_none_unfused_time_tokens_first_24h-tokenized/test/logistic_regression-preds-base-primary_binary-checkpoint-10000.pkl,/gpfs/data/bbj-lab/users/daniel/input-representation-benchmark/outputs/runs/tokenized/mimiciv-3.1_meds_70-10-20/deciles_none_unfused_time_tokens_first_24h-tokenized/test/tokens_timelines_outcomes.parquet
exp1_primary_binary,classification,icu_admission,trentiles_10_10_10_fused,ece_15,False,53978,0.0064156094341097,0.0051441713823366,0.0082030377270641,/gpfs/data/bbj-lab/users/daniel/input-representation-benchmark/outputs/runs/tokenized/mimiciv-3.1_meds_70-10-20/trentiles_10-10-10_fused_time_tokens_first_24h-tokenized/test/logistic_regression-preds-base-primary_binary-checkpoint-37000.pkl,/gpfs/data/bbj-lab/users/daniel/input-representation-benchmark/outputs/runs/tokenized/mimiciv-3.1_meds_70-10-20/trentiles_10-10-10_fused_time_tokens_first_24h-tokenized/test/tokens_timelines_outcomes.parquet
exp1_primary_binary,classification,icu_admission,trentiles_10_10_10_unfused,ece_15,False,53978,0.0063273868094833,0.0050194566325471,0.0081465424202394,/gpfs/data/bbj-lab/users/daniel/input-representation-benchmark/outputs/runs/tokenized/mimiciv-3.1_meds_70-10-20/trentiles_10-10-10_unfused_time_tokens_first_24h-tokenized/test/logistic_regression-preds-base-primary_binary-checkpoint-10000.pkl,/gpfs/data/bbj-lab/users/daniel/input-representation-benchmark/outputs/runs/tokenized/mimiciv-3.1_meds_70-10-20/trentiles_10-10-10_unfused_time_tokens_first_24h-tokenized/test/tokens_timelines_outcomes.parquet
exp1_primary_binary,classification,icu_admission,trentiles_fused,ece_15,False,53978,0.0055239207179561,0.0044069463497206,0.0075274073955361,/gpfs/data/bbj-lab/users/daniel/input-representation-benchmark/outputs/runs/tokenized/mimiciv-3.1_meds_70-10-20/trentiles_none_fused_time_tokens_first_24h-tokenized/test/logistic_regression-preds-base-primary_binary-checkpoint-37000.pkl,/gpfs/data/bbj-lab/users/daniel/input-representation-benchmark/outputs/runs/tokenized/mimiciv-3.1_meds_70-10-20/trentiles_none_fused_time_tokens_first_24h-tokenized/test/tokens_timelines_outcomes.parquet
exp1_primary_binary,classification,icu_admission,trentiles_unfused,ece_15,False,53978,0.0050071831466661,0.0039940630818746,0.0068472002159594,/gpfs/data/bbj-lab/users/daniel/input-representation-benchmark/outputs/runs/tokenized/mimiciv-3.1_meds_70-10-20/trentiles_none_unfused_time_tokens_first_24h-tokenized/test/logistic_regression-preds-base-primary_binary-checkpoint-37000.pkl,/gpfs/data/bbj-lab/users/daniel/input-representation-benchmark/outputs/runs/tokenized/mimiciv-3.1_meds_70-10-20/trentiles_none_unfused_time_tokens_first_24h-tokenized/test/tokens_timelines_outcomes.parquet
exp1_primary_binary,classification,icu_admission,ventiles_5_10_5_fused,ece_15,False,53978,0.0053271405358448,0.0043382854044503,0.0072583951480124,/gpfs/data/bbj-lab/users/daniel/input-representation-benchmark/outputs/runs/tokenized/mimiciv-3.1_meds_70-10-20/ventiles_5-10-5_fused_time_tokens_first_24h-tokenized/test/logistic_regression-preds-base-primary_binary-checkpoint-37000.pkl,/gpfs/data/bbj-lab/users/daniel/input-representation-benchmark/outputs/runs/tokenized/mimiciv-3.1_meds_70-10-20/ventiles_5-10-5_fused_time_tokens_first_24h-tokenized/test/tokens_timelines_outcomes.parquet
exp1_primary_binary,classification,icu_admission,ventiles_5_10_5_unfused,ece_15,False,53978,0.0054886277165039,0.0045020941359583,0.0074645732930082,/gpfs/data/bbj-lab/users/daniel/input-representation-benchmark/outputs/runs/tokenized/mimiciv-3.1_meds_70-10-20/ventiles_5-10-5_unfused_time_tokens_first_24h-tokenized/test/logistic_regression-preds-base-primary_binary-checkpoint-37000.pkl,/gpfs/data/bbj-lab/users/daniel/input-representation-benchmark/outputs/runs/tokenized/mimiciv-3.1_meds_70-10-20/ventiles_5-10-5_unfused_time_tokens_first_24h-tokenized/test/tokens_timelines_outcomes.parquet
exp1_primary_binary,classification,icu_admission,ventiles_fused,ece_15,False,53978,0.0049963864969724,0.0039994137208885,0.0068625251298652,/gpfs/data/bbj-lab/users/daniel/input-representation-benchmark/outputs/runs/tokenized/mimiciv-3.1_meds_70-10-20/ventiles_none_fused_time_tokens_first_24h-tokenized/test/logistic_regression-preds-base-primary_binary-checkpoint-37000.pkl,/gpfs/data/bbj-lab/users/daniel/input-representation-benchmark/outputs/runs/tokenized/mimiciv-3.1_meds_70-10-20/ventiles_none_fused_time_tokens_first_24h-tokenized/test/tokens_timelines_outcomes.parquet
exp1_primary_binary,classification,icu_admission,ventiles_unfused,ece_15,False,53978,0.005698951891229,0.0046953703062533,0.0076454706944745,/gpfs/data/bbj-lab/users/daniel/input-representation-benchmark/outputs/runs/tokenized/mimiciv-3.1_meds_70-10-20/ventiles_none_unfused_time_tokens_first_24h-tokenized/test/logistic_regression-preds-base-primary_binary-checkpoint-37000.pkl,/gpfs/data/bbj-lab/users/daniel/input-representation-benchmark/outputs/runs/tokenized/mimiciv-3.1_meds_70-10-20/ventiles_none_unfused_time_tokens_first_24h-tokenized/test/tokens_timelines_outcomes.parquet
exp1_primary_binary,classification,icu_admission,centiles_fused,pr_auc,True,53978,0.313291790342575,0.2959801923224348,0.3318898625958207,/gpfs/data/bbj-lab/users/daniel/input-representation-benchmark/outputs/runs/tokenized/mimiciv-3.1_meds_70-10-20/centiles_none_fused_time_tokens_first_24h-tokenized/test/logistic_regression-preds-base-primary_binary-checkpoint-16500.pkl,/gpfs/data/bbj-lab/users/daniel/input-representation-benchmark/outputs/runs/tokenized/mimiciv-3.1_meds_70-10-20/centiles_none_fused_time_tokens_first_24h-tokenized/test/tokens_timelines_outcomes.parquet
exp1_primary_binary,classification,icu_admission,centiles_unfused,pr_auc,True,53978,0.3064541126715392,0.2874497186325946,0.3242756140001021,/gpfs/data/bbj-lab/users/daniel/input-representation-benchmark/outputs/runs/tokenized/mimiciv-3.1_meds_70-10-20/centiles_none_unfused_time_tokens_first_24h-tokenized/test/logistic_regression-preds-base-primary_binary-checkpoint-37000.pkl,/gpfs/data/bbj-lab/users/daniel/input-representation-benchmark/outputs/runs/tokenized/mimiciv-3.1_meds_70-10-20/centiles_none_unfused_time_tokens_first_24h-tokenized/test/tokens_timelines_outcomes.parquet
exp1_primary_binary,classification,icu_admission,deciles_fused,pr_auc,True,53978,0.3206062134879861,0.3025927570374851,0.3393663112024184,/gpfs/data/bbj-lab/users/daniel/input-representation-benchmark/outputs/runs/tokenized/mimiciv-3.1_meds_70-10-20/deciles_none_fused_time_tokens_first_24h-tokenized/test/logistic_regression-preds-base-primary_binary-checkpoint-17000.pkl,/gpfs/data/bbj-lab/users/daniel/input-representation-benchmark/outputs/runs/tokenized/mimiciv-3.1_meds_70-10-20/deciles_none_fused_time_tokens_first_24h-tokenized/test/tokens_timelines_outcomes.parquet
exp1_primary_binary,classification,icu_admission,deciles_unfused,pr_auc,True,53978,0.2850409139533009,0.2668784629309165,0.3031536311395386,/gpfs/data/bbj-lab/users/daniel/input-representation-benchmark/outputs/runs/tokenized/mimiciv-3.1_meds_70-10-20/deciles_none_unfused_time_tokens_first_24h-tokenized/test/logistic_regression-preds-base-primary_binary-checkpoint-10000.pkl,/gpfs/data/bbj-lab/users/daniel/input-representation-benchmark/outputs/runs/tokenized/mimiciv-3.1_meds_70-10-20/deciles_none_unfused_time_tokens_first_24h-tokenized/test/tokens_timelines_outcomes.parquet
exp1_primary_binary,classification,icu_admission,trentiles_10_10_10_fused,pr_auc,True,53978,0.2873392123280067,0.2702891684723332,0.3043440469665454,/gpfs/data/bbj-lab/users/daniel/input-representation-benchmark/outputs/runs/tokenized/mimiciv-3.1_meds_70-10-20/trentiles_10-10-10_fused_time_tokens_first_24h-tokenized/test/logistic_regression-preds-base-primary_binary-checkpoint-37000.pkl,/gpfs/data/bbj-lab/users/daniel/input-representation-benchmark/outputs/runs/tokenized/mimiciv-3.1_meds_70-10-20/trentiles_10-10-10_fused_time_tokens_first_24h-tokenized/test/tokens_timelines_outcomes.parquet
exp1_primary_binary,classification,icu_admission,trentiles_10_10_10_unfused,pr_auc,True,53978,0.2830496416685328,0.264968238801506,0.3011220816350385,/gpfs/data/bbj-lab/users/daniel/input-representation-benchmark/outputs/runs/tokenized/mimiciv-3.1_meds_70-10-20/trentiles_10-10-10_unfused_time_tokens_first_24h-tokenized/test/logistic_regression-preds-base-primary_binary-checkpoint-10000.pkl,/gpfs/data/bbj-lab/users/daniel/input-representation-benchmark/outputs/runs/tokenized/mimiciv-3.1_meds_70-10-20/trentiles_10-10-10_unfused_time_tokens_first_24h-tokenized/test/tokens_timelines_outcomes.parquet
exp1_primary_binary,classification,icu_admission,trentiles_fused,pr_auc,True,53978,0.3020360425502707,0.2842699738828331,0.3205541949912171,/gpfs/data/bbj-lab/users/daniel/input-representation-benchmark/outputs/runs/tokenized/mimiciv-3.1_meds_70-10-20/trentiles_none_fused_time_tokens_first_24h-tokenized/test/logistic_regression-preds-base-primary_binary-checkpoint-37000.pkl,/gpfs/data/bbj-lab/users/daniel/input-representation-benchmark/outputs/runs/tokenized/mimiciv-3.1_meds_70-10-20/trentiles_none_fused_time_tokens_first_24h-tokenized/test/tokens_timelines_outcomes.parquet
exp1_primary_binary,classification,icu_admission,trentiles_unfused,pr_auc,True,53978,0.3088260705716585,0.2889918490925515,0.326851901765342,/gpfs/data/bbj-lab/users/daniel/input-representation-benchmark/outputs/runs/tokenized/mimiciv-3.1_meds_70-10-20/trentiles_none_unfused_time_tokens_first_24h-tokenized/test/logistic_regression-preds-base-primary_binary-checkpoint-37000.pkl,/gpfs/data/bbj-lab/users/daniel/input-representation-benchmark/outputs/runs/tokenized/mimiciv-3.1_meds_70-10-20/trentiles_none_unfused_time_tokens_first_24h-tokenized/test/tokens_timelines_outcomes.parquet
exp1_primary_binary,classification,icu_admission,ventiles_5_10_5_fused,pr_auc,True,53978,0.3064132798592799,0.2889317955709913,0.324405237419102,/gpfs/data/bbj-lab/users/daniel/input-representation-benchmark/outputs/runs/tokenized/mimiciv-3.1_meds_70-10-20/ventiles_5-10-5_fused_time_tokens_first_24h-tokenized/test/logistic_regression-preds-base-primary_binary-checkpoint-37000.pkl,/gpfs/data/bbj-lab/users/daniel/input-representation-benchmark/outputs/runs/tokenized/mimiciv-3.1_meds_70-10-20/ventiles_5-10-5_fused_time_tokens_first_24h-tokenized/test/tokens_timelines_outcomes.parquet
exp1_primary_binary,classification,icu_admission,ventiles_5_10_5_unfused,pr_auc,True,53978,0.3119246722330467,0.2924245109286825,0.3296552089393523,/gpfs/data/bbj-lab/users/daniel/input-representation-benchmark/outputs/runs/tokenized/mimiciv-3.1_meds_70-10-20/ventiles_5-10-5_unfused_time_tokens_first_24h-tokenized/test/logistic_regression-preds-base-primary_binary-checkpoint-37000.pkl,/gpfs/data/bbj-lab/users/daniel/input-representation-benchmark/outputs/runs/tokenized/mimiciv-3.1_meds_70-10-20/ventiles_5-10-5_unfused_time_tokens_first_24h-tokenized/test/tokens_timelines_outcomes.parquet
exp1_primary_binary,classification,icu_admission,ventiles_fused,pr_auc,True,53978,0.3094164878872593,0.2919487933428908,0.3280860569294835,/gpfs/data/bbj-lab/users/daniel/input-representation-benchmark/outputs/runs/tokenized/mimiciv-3.1_meds_70-10-20/ventiles_none_fused_time_tokens_first_24h-tokenized/test/logistic_regression-preds-base-primary_binary-checkpoint-37000.pkl,/gpfs/data/bbj-lab/users/daniel/input-representation-benchmark/outputs/runs/tokenized/mimiciv-3.1_meds_70-10-20/ventiles_none_fused_time_tokens_first_24h-tokenized/test/tokens_timelines_outcomes.parquet
exp1_primary_binary,classification,icu_admission,ventiles_unfused,pr_auc,True,53978,0.3039504279115064,0.2854726116930927,0.3221070399065236,/gpfs/data/bbj-lab/users/daniel/input-representation-benchmark/outputs/runs/tokenized/mimiciv-3.1_meds_70-10-20/ventiles_none_unfused_time_tokens_first_24h-tokenized/test/logistic_regression-preds-base-primary_binary-checkpoint-37000.pkl,/gpfs/data/bbj-lab/users/daniel/input-representation-benchmark/outputs/runs/tokenized/mimiciv-3.1_meds_70-10-20/ventiles_none_unfused_time_tokens_first_24h-tokenized/test/tokens_timelines_outcomes.parquet
exp1_primary_binary,classification,icu_admission,centiles_fused,roc_auc,True,53978,0.8039293546960993,0.795087468736651,0.8131167761715395,/gpfs/data/bbj-lab/users/daniel/input-representation-benchmark/outputs/runs/tokenized/mimiciv-3.1_meds_70-10-20/centiles_none_fused_time_tokens_first_24h-tokenized/test/logistic_regression-preds-base-primary_binary-checkpoint-16500.pkl,/gpfs/data/bbj-lab/users/daniel/input-representation-benchmark/outputs/runs/tokenized/mimiciv-3.1_meds_70-10-20/centiles_none_fused_time_tokens_first_24h-tokenized/test/tokens_timelines_outcomes.parquet
exp1_primary_binary,classification,icu_admission,centiles_unfused,roc_auc,True,53978,0.8073818092694451,0.7986586858873204,0.8156241455987514,/gpfs/data/bbj-lab/users/daniel/input-representation-benchmark/outputs/runs/tokenized/mimiciv-3.1_meds_70-10-20/centiles_none_unfused_time_tokens_first_24h-tokenized/test/logistic_regression-preds-base-primary_binary-checkpoint-37000.pkl,/gpfs/data/bbj-lab/users/daniel/input-representation-benchmark/outputs/runs/tokenized/mimiciv-3.1_meds_70-10-20/centiles_none_unfused_time_tokens_first_24h-tokenized/test/tokens_timelines_outcomes.parquet
exp1_primary_binary,classification,icu_admission,deciles_fused,roc_auc,True,53978,0.8136076148213406,0.8053785160927687,0.8220573807904202,/gpfs/data/bbj-lab/users/daniel/input-representation-benchmark/outputs/runs/tokenized/mimiciv-3.1_meds_70-10-20/deciles_none_fused_time_tokens_first_24h-tokenized/test/logistic_regression-preds-base-primary_binary-checkpoint-17000.pkl,/gpfs/data/bbj-lab/users/daniel/input-representation-benchmark/outputs/runs/tokenized/mimiciv-3.1_meds_70-10-20/deciles_none_fused_time_tokens_first_24h-tokenized/test/tokens_timelines_outcomes.parquet
exp1_primary_binary,classification,icu_admission,deciles_unfused,roc_auc,True,53978,0.7798687845414568,0.7700812032728404,0.7895528321310152,/gpfs/data/bbj-lab/users/daniel/input-representation-benchmark/outputs/runs/tokenized/mimiciv-3.1_meds_70-10-20/deciles_none_unfused_time_tokens_first_24h-tokenized/test/logistic_regression-preds-base-primary_binary-checkpoint-10000.pkl,/gpfs/data/bbj-lab/users/daniel/input-representation-benchmark/outputs/runs/tokenized/mimiciv-3.1_meds_70-10-20/deciles_none_unfused_time_tokens_first_24h-tokenized/test/tokens_timelines_outcomes.parquet
exp1_primary_binary,classification,icu_admission,trentiles_10_10_10_fused,roc_auc,True,53978,0.7888469825686164,0.7799250953737639,0.7978341634406165,/gpfs/data/bbj-lab/users/daniel/input-representation-benchmark/outputs/runs/tokenized/mimiciv-3.1_meds_70-10-20/trentiles_10-10-10_fused_time_tokens_first_24h-tokenized/test/logistic_regression-preds-base-primary_binary-checkpoint-37000.pkl,/gpfs/data/bbj-lab/users/daniel/input-representation-benchmark/outputs/runs/tokenized/mimiciv-3.1_meds_70-10-20/trentiles_10-10-10_fused_time_tokens_first_24h-tokenized/test/tokens_timelines_outcomes.parquet
exp1_primary_binary,classification,icu_admission,trentiles_10_10_10_unfused,roc_auc,True,53978,0.7731142636760846,0.7632716747093626,0.7826125768642475,/gpfs/data/bbj-lab/users/daniel/input-representation-benchmark/outputs/runs/tokenized/mimiciv-3.1_meds_70-10-20/trentiles_10-10-10_unfused_time_tokens_first_24h-tokenized/test/logistic_regression-preds-base-primary_binary-checkpoint-10000.pkl,/gpfs/data/bbj-lab/users/daniel/input-representation-benchmark/outputs/runs/tokenized/mimiciv-3.1_meds_70-10-20/trentiles_10-10-10_unfused_time_tokens_first_24h-tokenized/test/tokens_timelines_outcomes.parquet
exp1_primary_binary,classification,icu_admission,trentiles_fused,roc_auc,True,53978,0.7967855105972285,0.7877022059713158,0.8058827443571991,/gpfs/data/bbj-lab/users/daniel/input-representation-benchmark/outputs/runs/tokenized/mimiciv-3.1_meds_70-10-20/trentiles_none_fused_time_tokens_first_24h-tokenized/test/logistic_regression-preds-base-primary_binary-checkpoint-37000.pkl,/gpfs/data/bbj-lab/users/daniel/input-representation-benchmark/outputs/runs/tokenized/mimiciv-3.1_meds_70-10-20/trentiles_none_fused_time_tokens_first_24h-tokenized/test/tokens_timelines_outcomes.parquet
exp1_primary_binary,classification,icu_admission,trentiles_unfused,roc_auc,True,53978,0.8030529446256307,0.7938528916565659,0.8116595588153512,/gpfs/data/bbj-lab/users/daniel/input-representation-benchmark/outputs/runs/tokenized/mimiciv-3.1_meds_70-10-20/trentiles_none_unfused_time_tokens_first_24h-tokenized/test/logistic_regression-preds-base-primary_binary-checkpoint-37000.pkl,/gpfs/data/bbj-lab/users/daniel/input-representation-benchmark/outputs/runs/tokenized/mimiciv-3.1_meds_70-10-20/trentiles_none_unfused_time_tokens_first_24h-tokenized/test/tokens_timelines_outcomes.parquet
exp1_primary_binary,classification,icu_admission,ventiles_5_10_5_fused,roc_auc,True,53978,0.8058878326551274,0.7973602993220111,0.8145419256325691,/gpfs/data/bbj-lab/users/daniel/input-representation-benchmark/outputs/runs/tokenized/mimiciv-3.1_meds_70-10-20/ventiles_5-10-5_fused_time_tokens_first_24h-tokenized/test/logistic_regression-preds-base-primary_binary-checkpoint-37000.pkl,/gpfs/data/bbj-lab/users/daniel/input-representation-benchmark/outputs/runs/tokenized/mimiciv-3.1_meds_70-10-20/ventiles_5-10-5_fused_time_tokens_first_24h-tokenized/test/tokens_timelines_outcomes.parquet
exp1_primary_binary,classification,icu_admission,ventiles_5_10_5_unfused,roc_auc,True,53978,0.8066255318971589,0.7977361614061871,0.814800091715396,/gpfs/data/bbj-lab/users/daniel/input-representation-benchmark/outputs/runs/tokenized/mimiciv-3.1_meds_70-10-20/ventiles_5-10-5_unfused_time_tokens_first_24h-tokenized/test/logistic_regression-preds-base-primary_binary-checkpoint-37000.pkl,/gpfs/data/bbj-lab/users/daniel/input-representation-benchmark/outputs/runs/tokenized/mimiciv-3.1_meds_70-10-20/ventiles_5-10-5_unfused_time_tokens_first_24h-tokenized/test/tokens_timelines_outcomes.parquet
exp1_primary_binary,classification,icu_admission,ventiles_fused,roc_auc,True,53978,0.8064104968519767,0.797586884646734,0.8149996737309847,/gpfs/data/bbj-lab/users/daniel/input-representation-benchmark/outputs/runs/tokenized/mimiciv-3.1_meds_70-10-20/ventiles_none_fused_time_tokens_first_24h-tokenized/test/logistic_regression-preds-base-primary_binary-checkpoint-37000.pkl,/gpfs/data/bbj-lab/users/daniel/input-representation-benchmark/outputs/runs/tokenized/mimiciv-3.1_meds_70-10-20/ventiles_none_fused_time_tokens_first_24h-tokenized/test/tokens_timelines_outcomes.parquet
exp1_primary_binary,classification,icu_admission,ventiles_unfused,roc_auc,True,53978,0.7945826957620384,0.7854959024310292,0.803313497062672,/gpfs/data/bbj-lab/users/daniel/input-representation-benchmark/outputs/runs/tokenized/mimiciv-3.1_meds_70-10-20/ventiles_none_unfused_time_tokens_first_24h-tokenized/test/logistic_regression-preds-base-primary_binary-checkpoint-37000.pkl,/gpfs/data/bbj-lab/users/daniel/input-representation-benchmark/outputs/runs/tokenized/mimiciv-3.1_meds_70-10-20/ventiles_none_unfused_time_tokens_first_24h-tokenized/test/tokens_timelines_outcomes.parquet
exp1_primary_binary,classification,imv_event,centiles_fused,brier,False,62438,0.0234876097057265,0.0224222616524347,0.0244774974515829,/gpfs/data/bbj-lab/users/daniel/input-representation-benchmark/outputs/runs/tokenized/mimiciv-3.1_meds_70-10-20/centiles_none_fused_time_tokens_first_24h-tokenized/test/logistic_regression-preds-base-primary_binary-checkpoint-16500.pkl,/gpfs/data/bbj-lab/users/daniel/input-representation-benchmark/outputs/runs/tokenized/mimiciv-3.1_meds_70-10-20/centiles_none_fused_time_tokens_first_24h-tokenized/test/tokens_timelines_outcomes.parquet
exp1_primary_binary,classification,imv_event,centiles_unfused,brier,False,62438,0.0232831578505004,0.0222556111520964,0.0242876884873237,/gpfs/data/bbj-lab/users/daniel/input-representation-benchmark/outputs/runs/tokenized/mimiciv-3.1_meds_70-10-20/centiles_none_unfused_time_tokens_first_24h-tokenized/test/logistic_regression-preds-base-primary_binary-checkpoint-37000.pkl,/gpfs/data/bbj-lab/users/daniel/input-representation-benchmark/outputs/runs/tokenized/mimiciv-3.1_meds_70-10-20/centiles_none_unfused_time_tokens_first_24h-tokenized/test/tokens_timelines_outcomes.parquet
exp1_primary_binary,classification,imv_event,deciles_fused,brier,False,62438,0.0230553925119255,0.0220653912465826,0.0240201535067803,/gpfs/data/bbj-lab/users/daniel/input-representation-benchmark/outputs/runs/tokenized/mimiciv-3.1_meds_70-10-20/deciles_none_fused_time_tokens_first_24h-tokenized/test/logistic_regression-preds-base-primary_binary-checkpoint-17000.pkl,/gpfs/data/bbj-lab/users/daniel/input-representation-benchmark/outputs/runs/tokenized/mimiciv-3.1_meds_70-10-20/deciles_none_fused_time_tokens_first_24h-tokenized/test/tokens_timelines_outcomes.parquet
exp1_primary_binary,classification,imv_event,deciles_unfused,brier,False,62438,0.0243749120610095,0.0233380759535801,0.0253915538546167,/gpfs/data/bbj-lab/users/daniel/input-representation-benchmark/outputs/runs/tokenized/mimiciv-3.1_meds_70-10-20/deciles_none_unfused_time_tokens_first_24h-tokenized/test/logistic_regression-preds-base-primary_binary-checkpoint-10000.pkl,/gpfs/data/bbj-lab/users/daniel/input-representation-benchmark/outputs/runs/tokenized/mimiciv-3.1_meds_70-10-20/deciles_none_unfused_time_tokens_first_24h-tokenized/test/tokens_timelines_outcomes.parquet
exp1_primary_binary,classification,imv_event,trentiles_10_10_10_fused,brier,False,62438,0.0239805247620741,0.0228991724124476,0.0249604673313161,/gpfs/data/bbj-lab/users/daniel/input-representation-benchmark/outputs/runs/tokenized/mimiciv-3.1_meds_70-10-20/trentiles_10-10-10_fused_time_tokens_first_24h-tokenized/test/logistic_regression-preds-base-primary_binary-checkpoint-37000.pkl,/gpfs/data/bbj-lab/users/daniel/input-representation-benchmark/outputs/runs/tokenized/mimiciv-3.1_meds_70-10-20/trentiles_10-10-10_fused_time_tokens_first_24h-tokenized/test/tokens_timelines_outcomes.parquet
exp1_primary_binary,classification,imv_event,trentiles_10_10_10_unfused,brier,False,62438,0.0244566021618529,0.0234265002781384,0.0255045434030709,/gpfs/data/bbj-lab/users/daniel/input-representation-benchmark/outputs/runs/tokenized/mimiciv-3.1_meds_70-10-20/trentiles_10-10-10_unfused_time_tokens_first_24h-tokenized/test/logistic_regression-preds-base-primary_binary-checkpoint-10000.pkl,/gpfs/data/bbj-lab/users/daniel/input-representation-benchmark/outputs/runs/tokenized/mimiciv-3.1_meds_70-10-20/trentiles_10-10-10_unfused_time_tokens_first_24h-tokenized/test/tokens_timelines_outcomes.parquet
exp1_primary_binary,classification,imv_event,trentiles_fused,brier,False,62438,0.0236518184657529,0.0225959981827626,0.0246323412194025,/gpfs/data/bbj-lab/users/daniel/input-representation-benchmark/outputs/runs/tokenized/mimiciv-3.1_meds_70-10-20/trentiles_none_fused_time_tokens_first_24h-tokenized/test/logistic_regression-preds-base-primary_binary-checkpoint-37000.pkl,/gpfs/data/bbj-lab/users/daniel/input-representation-benchmark/outputs/runs/tokenized/mimiciv-3.1_meds_70-10-20/trentiles_none_fused_time_tokens_first_24h-tokenized/test/tokens_timelines_outcomes.parquet
exp1_primary_binary,classification,imv_event,trentiles_unfused,brier,False,62438,0.0232328459241387,0.0222041389831797,0.0242576666829408,/gpfs/data/bbj-lab/users/daniel/input-representation-benchmark/outputs/runs/tokenized/mimiciv-3.1_meds_70-10-20/trentiles_none_unfused_time_tokens_first_24h-tokenized/test/logistic_regression-preds-base-primary_binary-checkpoint-37000.pkl,/gpfs/data/bbj-lab/users/daniel/input-representation-benchmark/outputs/runs/tokenized/mimiciv-3.1_meds_70-10-20/trentiles_none_unfused_time_tokens_first_24h-tokenized/test/tokens_timelines_outcomes.parquet
exp1_primary_binary,classification,imv_event,ventiles_5_10_5_fused,brier,False,62438,0.0234304631763082,0.0223932925129412,0.024407892582998,/gpfs/data/bbj-lab/users/daniel/input-representation-benchmark/outputs/runs/tokenized/mimiciv-3.1_meds_70-10-20/ventiles_5-10-5_fused_time_tokens_first_24h-tokenized/test/logistic_regression-preds-base-primary_binary-checkpoint-37000.pkl,/gpfs/data/bbj-lab/users/daniel/input-representation-benchmark/outputs/runs/tokenized/mimiciv-3.1_meds_70-10-20/ventiles_5-10-5_fused_time_tokens_first_24h-tokenized/test/tokens_timelines_outcomes.parquet
exp1_primary_binary,classification,imv_event,ventiles_5_10_5_unfused,brier,False,62438,0.0231300190320931,0.0221221649355875,0.0241155496224781,/gpfs/data/bbj-lab/users/daniel/input-representation-benchmark/outputs/runs/tokenized/mimiciv-3.1_meds_70-10-20/ventiles_5-10-5_unfused_time_tokens_first_24h-tokenized/test/logistic_regression-preds-base-primary_binary-checkpoint-37000.pkl,/gpfs/data/bbj-lab/users/daniel/input-representation-benchmark/outputs/runs/tokenized/mimiciv-3.1_meds_70-10-20/ventiles_5-10-5_unfused_time_tokens_first_24h-tokenized/test/tokens_timelines_outcomes.parquet
exp1_primary_binary,classification,imv_event,ventiles_fused,brier,False,62438,0.0232538042616093,0.0222338835048878,0.0242566912100082,/gpfs/data/bbj-lab/users/daniel/input-representation-benchmark/outputs/runs/tokenized/mimiciv-3.1_meds_70-10-20/ventiles_none_fused_time_tokens_first_24h-tokenized/test/logistic_regression-preds-base-primary_binary-checkpoint-37000.pkl,/gpfs/data/bbj-lab/users/daniel/input-representation-benchmark/outputs/runs/tokenized/mimiciv-3.1_meds_70-10-20/ventiles_none_fused_time_tokens_first_24h-tokenized/test/tokens_timelines_outcomes.parquet
exp1_primary_binary,classification,imv_event,ventiles_unfused,brier,False,62438,0.0235993926635724,0.0225743523144919,0.0246583805843802,/gpfs/data/bbj-lab/users/daniel/input-representation-benchmark/outputs/runs/tokenized/mimiciv-3.1_meds_70-10-20/ventiles_none_unfused_time_tokens_first_24h-tokenized/test/logistic_regression-preds-base-primary_binary-checkpoint-37000.pkl,/gpfs/data/bbj-lab/users/daniel/input-representation-benchmark/outputs/runs/tokenized/mimiciv-3.1_meds_70-10-20/ventiles_none_unfused_time_tokens_first_24h-tokenized/test/tokens_timelines_outcomes.parquet
exp1_primary_binary,classification,imv_event,centiles_fused,ece_15,False,62438,0.0028917322686067,0.0021766383185171,0.0041798351539556,/gpfs/data/bbj-lab/users/daniel/input-representation-benchmark/outputs/runs/tokenized/mimiciv-3.1_meds_70-10-20/centiles_none_fused_time_tokens_first_24h-tokenized/test/logistic_regression-preds-base-primary_binary-checkpoint-16500.pkl,/gpfs/data/bbj-lab/users/daniel/input-representation-benchmark/outputs/runs/tokenized/mimiciv-3.1_meds_70-10-20/centiles_none_fused_time_tokens_first_24h-tokenized/test/tokens_timelines_outcomes.parquet
exp1_primary_binary,classification,imv_event,centiles_unfused,ece_15,False,62438,0.0030927413381054,0.0021967955169427,0.0043611632032476,/gpfs/data/bbj-lab/users/daniel/input-representation-benchmark/outputs/runs/tokenized/mimiciv-3.1_meds_70-10-20/centiles_none_unfused_time_tokens_first_24h-tokenized/test/logistic_regression-preds-base-primary_binary-checkpoint-37000.pkl,/gpfs/data/bbj-lab/users/daniel/input-representation-benchmark/outputs/runs/tokenized/mimiciv-3.1_meds_70-10-20/centiles_none_unfused_time_tokens_first_24h-tokenized/test/tokens_timelines_outcomes.parquet
exp1_primary_binary,classification,imv_event,deciles_fused,ece_15,False,62438,0.0021974449628086,0.0017540994619657,0.0037595072123432,/gpfs/data/bbj-lab/users/daniel/input-representation-benchmark/outputs/runs/tokenized/mimiciv-3.1_meds_70-10-20/deciles_none_fused_time_tokens_first_24h-tokenized/test/logistic_regression-preds-base-primary_binary-checkpoint-17000.pkl,/gpfs/data/bbj-lab/users/daniel/input-representation-benchmark/outputs/runs/tokenized/mimiciv-3.1_meds_70-10-20/deciles_none_fused_time_tokens_first_24h-tokenized/test/tokens_timelines_outcomes.parquet
exp1_primary_binary,classification,imv_event,deciles_unfused,ece_15,False,62438,0.0037942554927695,0.0028915621446354,0.0051453408582295,/gpfs/data/bbj-lab/users/daniel/input-representation-benchmark/outputs/runs/tokenized/mimiciv-3.1_meds_70-10-20/deciles_none_unfused_time_tokens_first_24h-tokenized/test/logistic_regression-preds-base-primary_binary-checkpoint-10000.pkl,/gpfs/data/bbj-lab/users/daniel/input-representation-benchmark/outputs/runs/tokenized/mimiciv-3.1_meds_70-10-20/deciles_none_unfused_time_tokens_first_24h-tokenized/test/tokens_timelines_outcomes.parquet
exp1_primary_binary,classification,imv_event,trentiles_10_10_10_fused,ece_15,False,62438,0.0030042481298455,0.0022321729692853,0.0043704909140624,/gpfs/data/bbj-lab/users/daniel/input-representation-benchmark/outputs/runs/tokenized/mimiciv-3.1_meds_70-10-20/trentiles_10-10-10_fused_time_tokens_first_24h-tokenized/test/logistic_regression-preds-base-primary_binary-checkpoint-37000.pkl,/gpfs/data/bbj-lab/users/daniel/input-representation-benchmark/outputs/runs/tokenized/mimiciv-3.1_meds_70-10-20/trentiles_10-10-10_fused_time_tokens_first_24h-tokenized/test/tokens_timelines_outcomes.parquet
exp1_primary_binary,classification,imv_event,trentiles_10_10_10_unfused,ece_15,False,62438,0.0033855079754545,0.0025253939735651,0.0047566585854224,/gpfs/data/bbj-lab/users/daniel/input-representation-benchmark/outputs/runs/tokenized/mimiciv-3.1_meds_70-10-20/trentiles_10-10-10_unfused_time_tokens_first_24h-tokenized/test/logistic_regression-preds-base-primary_binary-checkpoint-10000.pkl,/gpfs/data/bbj-lab/users/daniel/input-representation-benchmark/outputs/runs/tokenized/mimiciv-3.1_meds_70-10-20/trentiles_10-10-10_unfused_time_tokens_first_24h-tokenized/test/tokens_timelines_outcomes.parquet
exp1_primary_binary,classification,imv_event,trentiles_fused,ece_15,False,62438,0.0030170703408497,0.0022732687118127,0.0044874520795075,/gpfs/data/bbj-lab/users/daniel/input-representation-benchmark/outputs/runs/tokenized/mimiciv-3.1_meds_70-10-20/trentiles_none_fused_time_tokens_first_24h-tokenized/test/logistic_regression-preds-base-primary_binary-checkpoint-37000.pkl,/gpfs/data/bbj-lab/users/daniel/input-representation-benchmark/outputs/runs/tokenized/mimiciv-3.1_meds_70-10-20/trentiles_none_fused_time_tokens_first_24h-tokenized/test/tokens_timelines_outcomes.parquet
exp1_primary_binary,classification,imv_event,trentiles_unfused,ece_15,False,62438,0.0028068476483292,0.0020083879448607,0.0042119380412174,/gpfs/data/bbj-lab/users/daniel/input-representation-benchmark/outputs/runs/tokenized/mimiciv-3.1_meds_70-10-20/trentiles_none_unfused_time_tokens_first_24h-tokenized/test/logistic_regression-preds-base-primary_binary-checkpoint-37000.pkl,/gpfs/data/bbj-lab/users/daniel/input-representation-benchmark/outputs/runs/tokenized/mimiciv-3.1_meds_70-10-20/trentiles_none_unfused_time_tokens_first_24h-tokenized/test/tokens_timelines_outcomes.parquet
exp1_primary_binary,classification,imv_event,ventiles_5_10_5_fused,ece_15,False,62438,0.0029038478875417,0.0021949440991721,0.0043082140658012,/gpfs/data/bbj-lab/users/daniel/input-representation-benchmark/outputs/runs/tokenized/mimiciv-3.1_meds_70-10-20/ventiles_5-10-5_fused_time_tokens_first_24h-tokenized/test/logistic_regression-preds-base-primary_binary-checkpoint-37000.pkl,/gpfs/data/bbj-lab/users/daniel/input-representation-benchmark/outputs/runs/tokenized/mimiciv-3.1_meds_70-10-20/ventiles_5-10-5_fused_time_tokens_first_24h-tokenized/test/tokens_timelines_outcomes.parquet
exp1_primary_binary,classification,imv_event,ventiles_5_10_5_unfused,ece_15,False,62438,0.0027935792737836,0.0020718418214471,0.0042568586720931,/gpfs/data/bbj-lab/users/daniel/input-representation-benchmark/outputs/runs/tokenized/mimiciv-3.1_meds_70-10-20/ventiles_5-10-5_unfused_time_tokens_first_24h-tokenized/test/logistic_regression-preds-base-primary_binary-checkpoint-37000.pkl,/gpfs/data/bbj-lab/users/daniel/input-representation-benchmark/outputs/runs/tokenized/mimiciv-3.1_meds_70-10-20/ventiles_5-10-5_unfused_time_tokens_first_24h-tokenized/test/tokens_timelines_outcomes.parquet
exp1_primary_binary,classification,imv_event,ventiles_fused,ece_15,False,62438,0.0026976743208315,0.0021334218741422,0.0041802597936334,/gpfs/data/bbj-lab/users/daniel/input-representation-benchmark/outputs/runs/tokenized/mimiciv-3.1_meds_70-10-20/ventiles_none_fused_time_tokens_first_24h-tokenized/test/logistic_regression-preds-base-primary_binary-checkpoint-37000.pkl,/gpfs/data/bbj-lab/users/daniel/input-representation-benchmark/outputs/runs/tokenized/mimiciv-3.1_meds_70-10-20/ventiles_none_fused_time_tokens_first_24h-tokenized/test/tokens_timelines_outcomes.parquet
exp1_primary_binary,classification,imv_event,ventiles_unfused,ece_15,False,62438,0.0027236110318962,0.0021940246547352,0.004155262896752,/gpfs/data/bbj-lab/users/daniel/input-representation-benchmark/outputs/runs/tokenized/mimiciv-3.1_meds_70-10-20/ventiles_none_unfused_time_tokens_first_24h-tokenized/test/logistic_regression-preds-base-primary_binary-checkpoint-37000.pkl,/gpfs/data/bbj-lab/users/daniel/input-representation-benchmark/outputs/runs/tokenized/mimiciv-3.1_meds_70-10-20/ventiles_none_unfused_time_tokens_first_24h-tokenized/test/tokens_timelines_outcomes.parquet
exp1_primary_binary,classification,imv_event,centiles_fused,pr_auc,True,62438,0.633130652813322,0.6146367373930608,0.6521040847344527,/gpfs/data/bbj-lab/users/daniel/input-representation-benchmark/outputs/runs/tokenized/mimiciv-3.1_meds_70-10-20/centiles_none_fused_time_tokens_first_24h-tokenized/test/logistic_regression-preds-base-primary_binary-checkpoint-16500.pkl,/gpfs/data/bbj-lab/users/daniel/input-representation-benchmark/outputs/runs/tokenized/mimiciv-3.1_meds_70-10-20/centiles_none_fused_time_tokens_first_24h-tokenized/test/tokens_timelines_outcomes.parquet
exp1_primary_binary,classification,imv_event,centiles_unfused,pr_auc,True,62438,0.6269040228197258,0.6062976047490982,0.6461827190362472,/gpfs/data/bbj-lab/users/daniel/input-representation-benchmark/outputs/runs/tokenized/mimiciv-3.1_meds_70-10-20/centiles_none_unfused_time_tokens_first_24h-tokenized/test/logistic_regression-preds-base-primary_binary-checkpoint-37000.pkl,/gpfs/data/bbj-lab/users/daniel/input-representation-benchmark/outputs/runs/tokenized/mimiciv-3.1_meds_70-10-20/centiles_none_unfused_time_tokens_first_24h-tokenized/test/tokens_timelines_outcomes.parquet
exp1_primary_binary,classification,imv_event,deciles_fused,pr_auc,True,62438,0.6434129520618534,0.6250242236905071,0.6626193862318928,/gpfs/data/bbj-lab/users/daniel/input-representation-benchmark/outputs/runs/tokenized/mimiciv-3.1_meds_70-10-20/deciles_none_fused_time_tokens_first_24h-tokenized/test/logistic_regression-preds-base-primary_binary-checkpoint-17000.pkl,/gpfs/data/bbj-lab/users/daniel/input-representation-benchmark/outputs/runs/tokenized/mimiciv-3.1_meds_70-10-20/deciles_none_fused_time_tokens_first_24h-tokenized/test/tokens_timelines_outcomes.parquet
exp1_primary_binary,classification,imv_event,deciles_unfused,pr_auc,True,62438,0.6089733379350555,0.5888719424467623,0.6287900684666602,/gpfs/data/bbj-lab/users/daniel/input-representation-benchmark/outputs/runs/tokenized/mimiciv-3.1_meds_70-10-20/deciles_none_unfused_time_tokens_first_24h-tokenized/test/logistic_regression-preds-base-primary_binary-checkpoint-10000.pkl,/gpfs/data/bbj-lab/users/daniel/input-representation-benchmark/outputs/runs/tokenized/mimiciv-3.1_meds_70-10-20/deciles_none_unfused_time_tokens_first_24h-tokenized/test/tokens_timelines_outcomes.parquet
exp1_primary_binary,classification,imv_event,trentiles_10_10_10_fused,pr_auc,True,62438,0.6255604175297776,0.6072236840153274,0.643686422149033,/gpfs/data/bbj-lab/users/daniel/input-representation-benchmark/outputs/runs/tokenized/mimiciv-3.1_meds_70-10-20/trentiles_10-10-10_fused_time_tokens_first_24h-tokenized/test/logistic_regression-preds-base-primary_binary-checkpoint-37000.pkl,/gpfs/data/bbj-lab/users/daniel/input-representation-benchmark/outputs/runs/tokenized/mimiciv-3.1_meds_70-10-20/trentiles_10-10-10_fused_time_tokens_first_24h-tokenized/test/tokens_timelines_outcomes.parquet
exp1_primary_binary,classification,imv_event,trentiles_10_10_10_unfused,pr_auc,True,62438,0.6093470862973767,0.5884753675954123,0.6288617153344134,/gpfs/data/bbj-lab/users/daniel/input-representation-benchmark/outputs/runs/tokenized/mimiciv-3.1_meds_70-10-20/trentiles_10-10-10_unfused_time_tokens_first_24h-tokenized/test/logistic_regression-preds-base-primary_binary-checkpoint-10000.pkl,/gpfs/data/bbj-lab/users/daniel/input-representation-benchmark/outputs/runs/tokenized/mimiciv-3.1_meds_70-10-20/trentiles_10-10-10_unfused_time_tokens_first_24h-tokenized/test/tokens_timelines_outcomes.parquet
exp1_primary_binary,classification,imv_event,trentiles_fused,pr_auc,True,62438,0.631428417361384,0.6134754538024306,0.6500299833342988,/gpfs/data/bbj-lab/users/daniel/input-representation-benchmark/outputs/runs/tokenized/mimiciv-3.1_meds_70-10-20/trentiles_none_fused_time_tokens_first_24h-tokenized/test/logistic_regression-preds-base-primary_binary-checkpoint-37000.pkl,/gpfs/data/bbj-lab/users/daniel/input-representation-benchmark/outputs/runs/tokenized/mimiciv-3.1_meds_70-10-20/trentiles_none_fused_time_tokens_first_24h-tokenized/test/tokens_timelines_outcomes.parquet
exp1_primary_binary,classification,imv_event,trentiles_unfused,pr_auc,True,62438,0.6335655755699556,0.6135357900599768,0.6523762422639373,/gpfs/data/bbj-lab/users/daniel/input-representation-benchmark/outputs/runs/tokenized/mimiciv-3.1_meds_70-10-20/trentiles_none_unfused_time_tokens_first_24h-tokenized/test/logistic_regression-preds-base-primary_binary-checkpoint-37000.pkl,/gpfs/data/bbj-lab/users/daniel/input-representation-benchmark/outputs/runs/tokenized/mimiciv-3.1_meds_70-10-20/trentiles_none_unfused_time_tokens_first_24h-tokenized/test/tokens_timelines_outcomes.parquet
exp1_primary_binary,classification,imv_event,ventiles_5_10_5_fused,pr_auc,True,62438,0.6321370770048501,0.6136641870190949,0.6507705714146274,/gpfs/data/bbj-lab/users/daniel/input-representation-benchmark/outputs/runs/tokenized/mimiciv-3.1_meds_70-10-20/ventiles_5-10-5_fused_time_tokens_first_24h-tokenized/test/logistic_regression-preds-base-primary_binary-checkpoint-37000.pkl,/gpfs/data/bbj-lab/users/daniel/input-representation-benchmark/outputs/runs/tokenized/mimiciv-3.1_meds_70-10-20/ventiles_5-10-5_fused_time_tokens_first_24h-tokenized/test/tokens_timelines_outcomes.parquet
exp1_primary_binary,classification,imv_event,ventiles_5_10_5_unfused,pr_auc,True,62438,0.6355741845164173,0.6158592540468182,0.6549645240002948,/gpfs/data/bbj-lab/users/daniel/input-representation-benchmark/outputs/runs/tokenized/mimiciv-3.1_meds_70-10-20/ventiles_5-10-5_unfused_time_tokens_first_24h-tokenized/test/logistic_regression-preds-base-primary_binary-checkpoint-37000.pkl,/gpfs/data/bbj-lab/users/daniel/input-representation-benchmark/outputs/runs/tokenized/mimiciv-3.1_meds_70-10-20/ventiles_5-10-5_unfused_time_tokens_first_24h-tokenized/test/tokens_timelines_outcomes.parquet
exp1_primary_binary,classification,imv_event,ventiles_fused,pr_auc,True,62438,0.6346922288811232,0.6155949078654975,0.6541089803549254,/gpfs/data/bbj-lab/users/daniel/input-representation-benchmark/outputs/runs/tokenized/mimiciv-3.1_meds_70-10-20/ventiles_none_fused_time_tokens_first_24h-tokenized/test/logistic_regression-preds-base-primary_binary-checkpoint-37000.pkl,/gpfs/data/bbj-lab/users/daniel/input-representation-benchmark/outputs/runs/tokenized/mimiciv-3.1_meds_70-10-20/ventiles_none_fused_time_tokens_first_24h-tokenized/test/tokens_timelines_outcomes.parquet
exp1_primary_binary,classification,imv_event,ventiles_unfused,pr_auc,True,62438,0.626648458965048,0.6066032868765796,0.6463622439095108,/gpfs/data/bbj-lab/users/daniel/input-representation-benchmark/outputs/runs/tokenized/mimiciv-3.1_meds_70-10-20/ventiles_none_unfused_time_tokens_first_24h-tokenized/test/logistic_regression-preds-base-primary_binary-checkpoint-37000.pkl,/gpfs/data/bbj-lab/users/daniel/input-representation-benchmark/outputs/runs/tokenized/mimiciv-3.1_meds_70-10-20/ventiles_none_unfused_time_tokens_first_24h-tokenized/test/tokens_timelines_outcomes.parquet
exp1_primary_binary,classification,imv_event,centiles_fused,roc_auc,True,62438,0.91354056734425,0.9070938864098458,0.9198468983349428,/gpfs/data/bbj-lab/users/daniel/input-representation-benchmark/outputs/runs/tokenized/mimiciv-3.1_meds_70-10-20/centiles_none_fused_time_tokens_first_24h-tokenized/test/logistic_regression-preds-base-primary_binary-checkpoint-16500.pkl,/gpfs/data/bbj-lab/users/daniel/input-representation-benchmark/outputs/runs/tokenized/mimiciv-3.1_meds_70-10-20/centiles_none_fused_time_tokens_first_24h-tokenized/test/tokens_timelines_outcomes.parquet
exp1_primary_binary,classification,imv_event,centiles_unfused,roc_auc,True,62438,0.9140402463584922,0.9075566295824248,0.9207039976825304,/gpfs/data/bbj-lab/users/daniel/input-representation-benchmark/outputs/runs/tokenized/mimiciv-3.1_meds_70-10-20/centiles_none_unfused_time_tokens_first_24h-tokenized/test/logistic_regression-preds-base-primary_binary-checkpoint-37000.pkl,/gpfs/data/bbj-lab/users/daniel/input-representation-benchmark/outputs/runs/tokenized/mimiciv-3.1_meds_70-10-20/centiles_none_unfused_time_tokens_first_24h-tokenized/test/tokens_timelines_outcomes.parquet
exp1_primary_binary,classification,imv_event,deciles_fused,roc_auc,True,62438,0.9184054844435277,0.9122912485269948,0.9243753544522648,/gpfs/data/bbj-lab/users/daniel/input-representation-benchmark/outputs/runs/tokenized/mimiciv-3.1_meds_70-10-20/deciles_none_fused_time_tokens_first_24h-tokenized/test/logistic_regression-preds-base-primary_binary-checkpoint-17000.pkl,/gpfs/data/bbj-lab/users/daniel/input-representation-benchmark/outputs/runs/tokenized/mimiciv-3.1_meds_70-10-20/deciles_none_fused_time_tokens_first_24h-tokenized/test/tokens_timelines_outcomes.parquet
exp1_primary_binary,classification,imv_event,deciles_unfused,roc_auc,True,62438,0.9005822965463727,0.8932742852879123,0.9076873985774186,/gpfs/data/bbj-lab/users/daniel/input-representation-benchmark/outputs/runs/tokenized/mimiciv-3.1_meds_70-10-20/deciles_none_unfused_time_tokens_first_24h-tokenized/test/logistic_regression-preds-base-primary_binary-checkpoint-10000.pkl,/gpfs/data/bbj-lab/users/daniel/input-representation-benchmark/outputs/runs/tokenized/mimiciv-3.1_meds_70-10-20/deciles_none_unfused_time_tokens_first_24h-tokenized/test/tokens_timelines_outcomes.parquet
exp1_primary_binary,classification,imv_event,trentiles_10_10_10_fused,roc_auc,True,62438,0.9054702286450542,0.8987164315390727,0.9121390887925328,/gpfs/data/bbj-lab/users/daniel/input-representation-benchmark/outputs/runs/tokenized/mimiciv-3.1_meds_70-10-20/trentiles_10-10-10_fused_time_tokens_first_24h-tokenized/test/logistic_regression-preds-base-primary_binary-checkpoint-37000.pkl,/gpfs/data/bbj-lab/users/daniel/input-representation-benchmark/outputs/runs/tokenized/mimiciv-3.1_meds_70-10-20/trentiles_10-10-10_fused_time_tokens_first_24h-tokenized/test/tokens_timelines_outcomes.parquet
exp1_primary_binary,classification,imv_event,trentiles_10_10_10_unfused,roc_auc,True,62438,0.8997515056535931,0.8923834708262517,0.9067867028812384,/gpfs/data/bbj-lab/users/daniel/input-representation-benchmark/outputs/runs/tokenized/mimiciv-3.1_meds_70-10-20/trentiles_10-10-10_unfused_time_tokens_first_24h-tokenized/test/logistic_regression-preds-base-primary_binary-checkpoint-10000.pkl,/gpfs/data/bbj-lab/users/daniel/input-representation-benchmark/outputs/runs/tokenized/mimiciv-3.1_meds_70-10-20/trentiles_10-10-10_unfused_time_tokens_first_24h-tokenized/test/tokens_timelines_outcomes.parquet
exp1_primary_binary,classification,imv_event,trentiles_fused,roc_auc,True,62438,0.90996382571298,0.9033552166914736,0.9164096611252712,/gpfs/data/bbj-lab/users/daniel/input-representation-benchmark/outputs/runs/tokenized/mimiciv-3.1_meds_70-10-20/trentiles_none_fused_time_tokens_first_24h-tokenized/test/logistic_regression-preds-base-primary_binary-checkpoint-37000.pkl,/gpfs/data/bbj-lab/users/daniel/input-representation-benchmark/outputs/runs/tokenized/mimiciv-3.1_meds_70-10-20/trentiles_none_fused_time_tokens_first_24h-tokenized/test/tokens_timelines_outcomes.parquet
exp1_primary_binary,classification,imv_event,trentiles_unfused,roc_auc,True,62438,0.914438002659156,0.907795081598321,0.9208655390732596,/gpfs/data/bbj-lab/users/daniel/input-representation-benchmark/outputs/runs/tokenized/mimiciv-3.1_meds_70-10-20/trentiles_none_unfused_time_tokens_first_24h-tokenized/test/logistic_regression-preds-base-primary_binary-checkpoint-37000.pkl,/gpfs/data/bbj-lab/users/daniel/input-representation-benchmark/outputs/runs/tokenized/mimiciv-3.1_meds_70-10-20/trentiles_none_unfused_time_tokens_first_24h-tokenized/test/tokens_timelines_outcomes.parquet
exp1_primary_binary,classification,imv_event,ventiles_5_10_5_fused,roc_auc,True,62438,0.9131505365883206,0.9069154875866824,0.919552918884077,/gpfs/data/bbj-lab/users/daniel/input-representation-benchmark/outputs/runs/tokenized/mimiciv-3.1_meds_70-10-20/ventiles_5-10-5_fused_time_tokens_first_24h-tokenized/test/logistic_regression-preds-base-primary_binary-checkpoint-37000.pkl,/gpfs/data/bbj-lab/users/daniel/input-representation-benchmark/outputs/runs/tokenized/mimiciv-3.1_meds_70-10-20/ventiles_5-10-5_fused_time_tokens_first_24h-tokenized/test/tokens_timelines_outcomes.parquet
exp1_primary_binary,classification,imv_event,ventiles_5_10_5_unfused,roc_auc,True,62438,0.9127644808511464,0.9062369512205468,0.9193458255757262,/gpfs/data/bbj-lab/users/daniel/input-representation-benchmark/outputs/runs/tokenized/mimiciv-3.1_meds_70-10-20/ventiles_5-10-5_unfused_time_tokens_first_24h-tokenized/test/logistic_regression-preds-base-primary_binary-checkpoint-37000.pkl,/gpfs/data/bbj-lab/users/daniel/input-representation-benchmark/outputs/runs/tokenized/mimiciv-3.1_meds_70-10-20/ventiles_5-10-5_unfused_time_tokens_first_24h-tokenized/test/tokens_timelines_outcomes.parquet
exp1_primary_binary,classification,imv_event,ventiles_fused,roc_auc,True,62438,0.9150378802824566,0.9087784102819024,0.9211539318233356,/gpfs/data/bbj-lab/users/daniel/input-representation-benchmark/outputs/runs/tokenized/mimiciv-3.1_meds_70-10-20/ventiles_none_fused_time_tokens_first_24h-tokenized/test/logistic_regression-preds-base-primary_binary-checkpoint-37000.pkl,/gpfs/data/bbj-lab/users/daniel/input-representation-benchmark/outputs/runs/tokenized/mimiciv-3.1_meds_70-10-20/ventiles_none_fused_time_tokens_first_24h-tokenized/test/tokens_timelines_outcomes.parquet
exp1_primary_binary,classification,imv_event,ventiles_unfused,roc_auc,True,62438,0.9083501566723112,0.9015275825412188,0.915298518851527,/gpfs/data/bbj-lab/users/daniel/input-representation-benchmark/outputs/runs/tokenized/mimiciv-3.1_meds_70-10-20/ventiles_none_unfused_time_tokens_first_24h-tokenized/test/logistic_regression-preds-base-primary_binary-checkpoint-37000.pkl,/gpfs/data/bbj-lab/users/daniel/input-representation-benchmark/outputs/runs/tokenized/mimiciv-3.1_meds_70-10-20/ventiles_none_unfused_time_tokens_first_24h-tokenized/test/tokens_timelines_outcomes.parquet
exp1_primary_binary,classification,long_length_of_stay,centiles_fused,brier,False,63750,0.143094500047079,0.1414936603832792,0.1447391141505853,/gpfs/data/bbj-lab/users/daniel/input-representation-benchmark/outputs/runs/tokenized/mimiciv-3.1_meds_70-10-20/centiles_none_fused_time_tokens_first_24h-tokenized/test/logistic_regression-preds-base-primary_binary-checkpoint-16500.pkl,/gpfs/data/bbj-lab/users/daniel/input-representation-benchmark/outputs/runs/tokenized/mimiciv-3.1_meds_70-10-20/centiles_none_fused_time_tokens_first_24h-tokenized/test/tokens_timelines_outcomes.parquet
exp1_primary_binary,classification,long_length_of_stay,centiles_unfused,brier,False,63750,0.1436609066870206,0.1420498105362757,0.1454347375874285,/gpfs/data/bbj-lab/users/daniel/input-representation-benchmark/outputs/runs/tokenized/mimiciv-3.1_meds_70-10-20/centiles_none_unfused_time_tokens_first_24h-tokenized/test/logistic_regression-preds-base-primary_binary-checkpoint-37000.pkl,/gpfs/data/bbj-lab/users/daniel/input-representation-benchmark/outputs/runs/tokenized/mimiciv-3.1_meds_70-10-20/centiles_none_unfused_time_tokens_first_24h-tokenized/test/tokens_timelines_outcomes.parquet
exp1_primary_binary,classification,long_length_of_stay,deciles_fused,brier,False,63750,0.1421369512693605,0.14052134322846,0.1438065118680595,/gpfs/data/bbj-lab/users/daniel/input-representation-benchmark/outputs/runs/tokenized/mimiciv-3.1_meds_70-10-20/deciles_none_fused_time_tokens_first_24h-tokenized/test/logistic_regression-preds-base-primary_binary-checkpoint-17000.pkl,/gpfs/data/bbj-lab/users/daniel/input-representation-benchmark/outputs/runs/tokenized/mimiciv-3.1_meds_70-10-20/deciles_none_fused_time_tokens_first_24h-tokenized/test/tokens_timelines_outcomes.parquet
exp1_primary_binary,classification,long_length_of_stay,deciles_unfused,brier,False,63750,0.1474119559834014,0.1457303075292944,0.1492049253295569,/gpfs/data/bbj-lab/users/daniel/input-representation-benchmark/outputs/runs/tokenized/mimiciv-3.1_meds_70-10-20/deciles_none_unfused_time_tokens_first_24h-tokenized/test/logistic_regression-preds-base-primary_binary-checkpoint-10000.pkl,/gpfs/data/bbj-lab/users/daniel/input-representation-benchmark/outputs/runs/tokenized/mimiciv-3.1_meds_70-10-20/deciles_none_unfused_time_tokens_first_24h-tokenized/test/tokens_timelines_outcomes.parquet
exp1_primary_binary,classification,long_length_of_stay,trentiles_10_10_10_fused,brier,False,63750,0.1444164944294446,0.1428095886558592,0.14609015301897,/gpfs/data/bbj-lab/users/daniel/input-representation-benchmark/outputs/runs/tokenized/mimiciv-3.1_meds_70-10-20/trentiles_10-10-10_fused_time_tokens_first_24h-tokenized/test/logistic_regression-preds-base-primary_binary-checkpoint-37000.pkl,/gpfs/data/bbj-lab/users/daniel/input-representation-benchmark/outputs/runs/tokenized/mimiciv-3.1_meds_70-10-20/trentiles_10-10-10_fused_time_tokens_first_24h-tokenized/test/tokens_timelines_outcomes.parquet
exp1_primary_binary,classification,long_length_of_stay,trentiles_10_10_10_unfused,brier,False,63750,0.1485916729646997,0.1468684329061809,0.1504203678783303,/gpfs/data/bbj-lab/users/daniel/input-representation-benchmark/outputs/runs/tokenized/mimiciv-3.1_meds_70-10-20/trentiles_10-10-10_unfused_time_tokens_first_24h-tokenized/test/logistic_regression-preds-base-primary_binary-checkpoint-10000.pkl,/gpfs/data/bbj-lab/users/daniel/input-representation-benchmark/outputs/runs/tokenized/mimiciv-3.1_meds_70-10-20/trentiles_10-10-10_unfused_time_tokens_first_24h-tokenized/test/tokens_timelines_outcomes.parquet
exp1_primary_binary,classification,long_length_of_stay,trentiles_fused,brier,False,63750,0.1437096664252322,0.1421000248795707,0.1454151078841667,/gpfs/data/bbj-lab/users/daniel/input-representation-benchmark/outputs/runs/tokenized/mimiciv-3.1_meds_70-10-20/trentiles_none_fused_time_tokens_first_24h-tokenized/test/logistic_regression-preds-base-primary_binary-checkpoint-37000.pkl,/gpfs/data/bbj-lab/users/daniel/input-representation-benchmark/outputs/runs/tokenized/mimiciv-3.1_meds_70-10-20/trentiles_none_fused_time_tokens_first_24h-tokenized/test/tokens_timelines_outcomes.parquet
exp1_primary_binary,classification,long_length_of_stay,trentiles_unfused,brier,False,63750,0.1443259478416689,0.1426813572258684,0.146093058523911,/gpfs/data/bbj-lab/users/daniel/input-representation-benchmark/outputs/runs/tokenized/mimiciv-3.1_meds_70-10-20/trentiles_none_unfused_time_tokens_first_24h-tokenized/test/logistic_regression-preds-base-primary_binary-checkpoint-37000.pkl,/gpfs/data/bbj-lab/users/daniel/input-representation-benchmark/outputs/runs/tokenized/mimiciv-3.1_meds_70-10-20/trentiles_none_unfused_time_tokens_first_24h-tokenized/test/tokens_timelines_outcomes.parquet
exp1_primary_binary,classification,long_length_of_stay,ventiles_5_10_5_fused,brier,False,63750,0.1433200423782042,0.141710680375771,0.1449993507846156,/gpfs/data/bbj-lab/users/daniel/input-representation-benchmark/outputs/runs/tokenized/mimiciv-3.1_meds_70-10-20/ventiles_5-10-5_fused_time_tokens_first_24h-tokenized/test/logistic_regression-preds-base-primary_binary-checkpoint-37000.pkl,/gpfs/data/bbj-lab/users/daniel/input-representation-benchmark/outputs/runs/tokenized/mimiciv-3.1_meds_70-10-20/ventiles_5-10-5_fused_time_tokens_first_24h-tokenized/test/tokens_timelines_outcomes.parquet
exp1_primary_binary,classification,long_length_of_stay,ventiles_5_10_5_unfused,brier,False,63750,0.1430156635194731,0.1413399038893825,0.1447550666695371,/gpfs/data/bbj-lab/users/daniel/input-representation-benchmark/outputs/runs/tokenized/mimiciv-3.1_meds_70-10-20/ventiles_5-10-5_unfused_time_tokens_first_24h-tokenized/test/logistic_regression-preds-base-primary_binary-checkpoint-37000.pkl,/gpfs/data/bbj-lab/users/daniel/input-representation-benchmark/outputs/runs/tokenized/mimiciv-3.1_meds_70-10-20/ventiles_5-10-5_unfused_time_tokens_first_24h-tokenized/test/tokens_timelines_outcomes.parquet
exp1_primary_binary,classification,long_length_of_stay,ventiles_fused,brier,False,63750,0.1432787157816638,0.1416789706570825,0.144936794844856,/gpfs/data/bbj-lab/users/daniel/input-representation-benchmark/outputs/runs/tokenized/mimiciv-3.1_meds_70-10-20/ventiles_none_fused_time_tokens_first_24h-tokenized/test/logistic_regression-preds-base-primary_binary-checkpoint-37000.pkl,/gpfs/data/bbj-lab/users/daniel/input-representation-benchmark/outputs/runs/tokenized/mimiciv-3.1_meds_70-10-20/ventiles_none_fused_time_tokens_first_24h-tokenized/test/tokens_timelines_outcomes.parquet
exp1_primary_binary,classification,long_length_of_stay,ventiles_unfused,brier,False,63750,0.1440504794080053,0.1423367142019625,0.1457977258755272,/gpfs/data/bbj-lab/users/daniel/input-representation-benchmark/outputs/runs/tokenized/mimiciv-3.1_meds_70-10-20/ventiles_none_unfused_time_tokens_first_24h-tokenized/test/logistic_regression-preds-base-primary_binary-checkpoint-37000.pkl,/gpfs/data/bbj-lab/users/daniel/input-representation-benchmark/outputs/runs/tokenized/mimiciv-3.1_meds_70-10-20/ventiles_none_unfused_time_tokens_first_24h-tokenized/test/tokens_timelines_outcomes.parquet
exp1_primary_binary,classification,long_length_of_stay,centiles_fused,ece_15,False,63750,0.0119323240763822,0.0101073048619067,0.0153423154160806,/gpfs/data/bbj-lab/users/daniel/input-representation-benchmark/outputs/runs/tokenized/mimiciv-3.1_meds_70-10-20/centiles_none_fused_time_tokens_first_24h-tokenized/test/logistic_regression-preds-base-primary_binary-checkpoint-16500.pkl,/gpfs/data/bbj-lab/users/daniel/input-representation-benchmark/outputs/runs/tokenized/mimiciv-3.1_meds_70-10-20/centiles_none_fused_time_tokens_first_24h-tokenized/test/tokens_timelines_outcomes.parquet
exp1_primary_binary,classification,long_length_of_stay,centiles_unfused,ece_15,False,63750,0.0097091880248797,0.0085357287248056,0.0134180417933124,/gpfs/data/bbj-lab/users/daniel/input-representation-benchmark/outputs/runs/tokenized/mimiciv-3.1_meds_70-10-20/centiles_none_unfused_time_tokens_first_24h-tokenized/test/logistic_regression-preds-base-primary_binary-checkpoint-37000.pkl,/gpfs/data/bbj-lab/users/daniel/input-representation-benchmark/outputs/runs/tokenized/mimiciv-3.1_meds_70-10-20/centiles_none_unfused_time_tokens_first_24h-tokenized/test/tokens_timelines_outcomes.parquet
exp1_primary_binary,classification,long_length_of_stay,deciles_fused,ece_15,False,63750,0.0090535720568694,0.0082413532096065,0.0129944041533737,/gpfs/data/bbj-lab/users/daniel/input-representation-benchmark/outputs/runs/tokenized/mimiciv-3.1_meds_70-10-20/deciles_none_fused_time_tokens_first_24h-tokenized/test/logistic_regression-preds-base-primary_binary-checkpoint-17000.pkl,/gpfs/data/bbj-lab/users/daniel/input-representation-benchmark/outputs/runs/tokenized/mimiciv-3.1_meds_70-10-20/deciles_none_fused_time_tokens_first_24h-tokenized/test/tokens_timelines_outcomes.parquet
exp1_primary_binary,classification,long_length_of_stay,deciles_unfused,ece_15,False,63750,0.009073073104819,0.0076714018548065,0.0126478019742109,/gpfs/data/bbj-lab/users/daniel/input-representation-benchmark/outputs/runs/tokenized/mimiciv-3.1_meds_70-10-20/deciles_none_unfused_time_tokens_first_24h-tokenized/test/logistic_regression-preds-base-primary_binary-checkpoint-10000.pkl,/gpfs/data/bbj-lab/users/daniel/input-representation-benchmark/outputs/runs/tokenized/mimiciv-3.1_meds_70-10-20/deciles_none_unfused_time_tokens_first_24h-tokenized/test/tokens_timelines_outcomes.parquet
exp1_primary_binary,classification,long_length_of_stay,trentiles_10_10_10_fused,ece_15,False,63750,0.0112535708159949,0.0094586741086445,0.0146917191556832,/gpfs/data/bbj-lab/users/daniel/input-representation-benchmark/outputs/runs/tokenized/mimiciv-3.1_meds_70-10-20/trentiles_10-10-10_fused_time_tokens_first_24h-tokenized/test/logistic_regression-preds-base-primary_binary-checkpoint-37000.pkl,/gpfs/data/bbj-lab/users/daniel/input-representation-benchmark/outputs/runs/tokenized/mimiciv-3.1_meds_70-10-20/trentiles_10-10-10_fused_time_tokens_first_24h-tokenized/test/tokens_timelines_outcomes.parquet
exp1_primary_binary,classification,long_length_of_stay,trentiles_10_10_10_unfused,ece_15,False,63750,0.0089759707084733,0.0073763395784246,0.0125629497804337,/gpfs/data/bbj-lab/users/daniel/input-representation-benchmark/outputs/runs/tokenized/mimiciv-3.1_meds_70-10-20/trentiles_10-10-10_unfused_time_tokens_first_24h-tokenized/test/logistic_regression-preds-base-primary_binary-checkpoint-10000.pkl,/gpfs/data/bbj-lab/users/daniel/input-representation-benchmark/outputs/runs/tokenized/mimiciv-3.1_meds_70-10-20/trentiles_10-10-10_unfused_time_tokens_first_24h-tokenized/test/tokens_timelines_outcomes.parquet
exp1_primary_binary,classification,long_length_of_stay,trentiles_fused,ece_15,False,63750,0.0125424877957148,0.0102197963565118,0.015704072950491,/gpfs/data/bbj-lab/users/daniel/input-representation-benchmark/outputs/runs/tokenized/mimiciv-3.1_meds_70-10-20/trentiles_none_fused_time_tokens_first_24h-tokenized/test/logistic_regression-preds-base-primary_binary-checkpoint-37000.pkl,/gpfs/data/bbj-lab/users/daniel/input-representation-benchmark/outputs/runs/tokenized/mimiciv-3.1_meds_70-10-20/trentiles_none_fused_time_tokens_first_24h-tokenized/test/tokens_timelines_outcomes.parquet
exp1_primary_binary,classification,long_length_of_stay,trentiles_unfused,ece_15,False,63750,0.0108187605711229,0.0091714324871041,0.0142511002515386,/gpfs/data/bbj-lab/users/daniel/input-representation-benchmark/outputs/runs/tokenized/mimiciv-3.1_meds_70-10-20/trentiles_none_unfused_time_tokens_first_24h-tokenized/test/logistic_regression-preds-base-primary_binary-checkpoint-37000.pkl,/gpfs/data/bbj-lab/users/daniel/input-representation-benchmark/outputs/runs/tokenized/mimiciv-3.1_meds_70-10-20/trentiles_none_unfused_time_tokens_first_24h-tokenized/test/tokens_timelines_outcomes.parquet
exp1_primary_binary,classification,long_length_of_stay,ventiles_5_10_5_fused,ece_15,False,63750,0.0128144231647997,0.010633141227831,0.0161916038050142,/gpfs/data/bbj-lab/users/daniel/input-representation-benchmark/outputs/runs/tokenized/mimiciv-3.1_meds_70-10-20/ventiles_5-10-5_fused_time_tokens_first_24h-tokenized/test/logistic_regression-preds-base-primary_binary-checkpoint-37000.pkl,/gpfs/data/bbj-lab/users/daniel/input-representation-benchmark/outputs/runs/tokenized/mimiciv-3.1_meds_70-10-20/ventiles_5-10-5_fused_time_tokens_first_24h-tokenized/test/tokens_timelines_outcomes.parquet
exp1_primary_binary,classification,long_length_of_stay,ventiles_5_10_5_unfused,ece_15,False,63750,0.0129817993236658,0.0106937940336146,0.0160077305874279,/gpfs/data/bbj-lab/users/daniel/input-representation-benchmark/outputs/runs/tokenized/mimiciv-3.1_meds_70-10-20/ventiles_5-10-5_unfused_time_tokens_first_24h-tokenized/test/logistic_regression-preds-base-primary_binary-checkpoint-37000.pkl,/gpfs/data/bbj-lab/users/daniel/input-representation-benchmark/outputs/runs/tokenized/mimiciv-3.1_meds_70-10-20/ventiles_5-10-5_unfused_time_tokens_first_24h-tokenized/test/tokens_timelines_outcomes.parquet
exp1_primary_binary,classification,long_length_of_stay,ventiles_fused,ece_15,False,63750,0.0093056299221372,0.0082259305076666,0.0130868856515821,/gpfs/data/bbj-lab/users/daniel/input-representation-benchmark/outputs/runs/tokenized/mimiciv-3.1_meds_70-10-20/ventiles_none_fused_time_tokens_first_24h-tokenized/test/logistic_regression-preds-base-primary_binary-checkpoint-37000.pkl,/gpfs/data/bbj-lab/users/daniel/input-representation-benchmark/outputs/runs/tokenized/mimiciv-3.1_meds_70-10-20/ventiles_none_fused_time_tokens_first_24h-tokenized/test/tokens_timelines_outcomes.parquet
exp1_primary_binary,classification,long_length_of_stay,ventiles_unfused,ece_15,False,63750,0.0135099832827074,0.0110628419921452,0.0166692112413464,/gpfs/data/bbj-lab/users/daniel/input-representation-benchmark/outputs/runs/tokenized/mimiciv-3.1_meds_70-10-20/ventiles_none_unfused_time_tokens_first_24h-tokenized/test/logistic_regression-preds-base-primary_binary-checkpoint-37000.pkl,/gpfs/data/bbj-lab/users/daniel/input-representation-benchmark/outputs/runs/tokenized/mimiciv-3.1_meds_70-10-20/ventiles_none_unfused_time_tokens_first_24h-tokenized/test/tokens_timelines_outcomes.parquet
exp1_primary_binary,classification,long_length_of_stay,centiles_fused,pr_auc,True,63750,0.5107173039116684,0.5014729084183835,0.5196254933579262,/gpfs/data/bbj-lab/users/daniel/input-representation-benchmark/outputs/runs/tokenized/mimiciv-3.1_meds_70-10-20/centiles_none_fused_time_tokens_first_24h-tokenized/test/logistic_regression-preds-base-primary_binary-checkpoint-16500.pkl,/gpfs/data/bbj-lab/users/daniel/input-representation-benchmark/outputs/runs/tokenized/mimiciv-3.1_meds_70-10-20/centiles_none_fused_time_tokens_first_24h-tokenized/test/tokens_timelines_outcomes.parquet
exp1_primary_binary,classification,long_length_of_stay,centiles_unfused,pr_auc,True,63750,0.5063852916243119,0.4980034412363482,0.5151728551522421,/gpfs/data/bbj-lab/users/daniel/input-representation-benchmark/outputs/runs/tokenized/mimiciv-3.1_meds_70-10-20/centiles_none_unfused_time_tokens_first_24h-tokenized/test/logistic_regression-preds-base-primary_binary-checkpoint-37000.pkl,/gpfs/data/bbj-lab/users/daniel/input-representation-benchmark/outputs/runs/tokenized/mimiciv-3.1_meds_70-10-20/centiles_none_unfused_time_tokens_first_24h-tokenized/test/tokens_timelines_outcomes.parquet
exp1_primary_binary,classification,long_length_of_stay,deciles_fused,pr_auc,True,63750,0.5157825122847196,0.5065722867719272,0.5247135317322739,/gpfs/data/bbj-lab/users/daniel/input-representation-benchmark/outputs/runs/tokenized/mimiciv-3.1_meds_70-10-20/deciles_none_fused_time_tokens_first_24h-tokenized/test/logistic_regression-preds-base-primary_binary-checkpoint-17000.pkl,/gpfs/data/bbj-lab/users/daniel/input-representation-benchmark/outputs/runs/tokenized/mimiciv-3.1_meds_70-10-20/deciles_none_fused_time_tokens_first_24h-tokenized/test/tokens_timelines_outcomes.parquet
exp1_primary_binary,classification,long_length_of_stay,deciles_unfused,pr_auc,True,63750,0.4852949131424116,0.4768697315861404,0.4943518675467309,/gpfs/data/bbj-lab/users/daniel/input-representation-benchmark/outputs/runs/tokenized/mimiciv-3.1_meds_70-10-20/deciles_none_unfused_time_tokens_first_24h-tokenized/test/logistic_regression-preds-base-primary_binary-checkpoint-10000.pkl,/gpfs/data/bbj-lab/users/daniel/input-representation-benchmark/outputs/runs/tokenized/mimiciv-3.1_meds_70-10-20/deciles_none_unfused_time_tokens_first_24h-tokenized/test/tokens_timelines_outcomes.parquet
exp1_primary_binary,classification,long_length_of_stay,trentiles_10_10_10_fused,pr_auc,True,63750,0.5046069571837599,0.4957357735087948,0.5129210965077714,/gpfs/data/bbj-lab/users/daniel/input-representation-benchmark/outputs/runs/tokenized/mimiciv-3.1_meds_70-10-20/trentiles_10-10-10_fused_time_tokens_first_24h-tokenized/test/logistic_regression-preds-base-primary_binary-checkpoint-37000.pkl,/gpfs/data/bbj-lab/users/daniel/input-representation-benchmark/outputs/runs/tokenized/mimiciv-3.1_meds_70-10-20/trentiles_10-10-10_fused_time_tokens_first_24h-tokenized/test/tokens_timelines_outcomes.parquet
exp1_primary_binary,classification,long_length_of_stay,trentiles_10_10_10_unfused,pr_auc,True,63750,0.4802878214499403,0.4715424224674134,0.4890967726336638,/gpfs/data/bbj-lab/users/daniel/input-representation-benchmark/outputs/runs/tokenized/mimiciv-3.1_meds_70-10-20/trentiles_10-10-10_unfused_time_tokens_first_24h-tokenized/test/logistic_regression-preds-base-primary_binary-checkpoint-10000.pkl,/gpfs/data/bbj-lab/users/daniel/input-representation-benchmark/outputs/runs/tokenized/mimiciv-3.1_meds_70-10-20/trentiles_10-10-10_unfused_time_tokens_first_24h-tokenized/test/tokens_timelines_outcomes.parquet
exp1_primary_binary,classification,long_length_of_stay,trentiles_fused,pr_auc,True,63750,0.5091781066264494,0.4999034923642244,0.5183126140499351,/gpfs/data/bbj-lab/users/daniel/input-representation-benchmark/outputs/runs/tokenized/mimiciv-3.1_meds_70-10-20/trentiles_none_fused_time_tokens_first_24h-tokenized/test/logistic_regression-preds-base-primary_binary-checkpoint-37000.pkl,/gpfs/data/bbj-lab/users/daniel/input-representation-benchmark/outputs/runs/tokenized/mimiciv-3.1_meds_70-10-20/trentiles_none_fused_time_tokens_first_24h-tokenized/test/tokens_timelines_outcomes.parquet
exp1_primary_binary,classification,long_length_of_stay,trentiles_unfused,pr_auc,True,63750,0.5035990517798685,0.4951579894027881,0.5121939537872965,/gpfs/data/bbj-lab/users/daniel/input-representation-benchmark/outputs/runs/tokenized/mimiciv-3.1_meds_70-10-20/trentiles_none_unfused_time_tokens_first_24h-tokenized/test/logistic_regression-preds-base-primary_binary-checkpoint-37000.pkl,/gpfs/data/bbj-lab/users/daniel/input-representation-benchmark/outputs/runs/tokenized/mimiciv-3.1_meds_70-10-20/trentiles_none_unfused_time_tokens_first_24h-tokenized/test/tokens_timelines_outcomes.parquet
exp1_primary_binary,classification,long_length_of_stay,ventiles_5_10_5_fused,pr_auc,True,63750,0.5108417715237845,0.5013712474982868,0.5198807831907609,/gpfs/data/bbj-lab/users/daniel/input-representation-benchmark/outputs/runs/tokenized/mimiciv-3.1_meds_70-10-20/ventiles_5-10-5_fused_time_tokens_first_24h-tokenized/test/logistic_regression-preds-base-primary_binary-checkpoint-37000.pkl,/gpfs/data/bbj-lab/users/daniel/input-representation-benchmark/outputs/runs/tokenized/mimiciv-3.1_meds_70-10-20/ventiles_5-10-5_fused_time_tokens_first_24h-tokenized/test/tokens_timelines_outcomes.parquet
exp1_primary_binary,classification,long_length_of_stay,ventiles_5_10_5_unfused,pr_auc,True,63750,0.5086501043831082,0.4995535764642737,0.5174674832676144,/gpfs/data/bbj-lab/users/daniel/input-representation-benchmark/outputs/runs/tokenized/mimiciv-3.1_meds_70-10-20/ventiles_5-10-5_unfused_time_tokens_first_24h-tokenized/test/logistic_regression-preds-base-primary_binary-checkpoint-37000.pkl,/gpfs/data/bbj-lab/users/daniel/input-representation-benchmark/outputs/runs/tokenized/mimiciv-3.1_meds_70-10-20/ventiles_5-10-5_unfused_time_tokens_first_24h-tokenized/test/tokens_timelines_outcomes.parquet
exp1_primary_binary,classification,long_length_of_stay,ventiles_fused,pr_auc,True,63750,0.5103955223297628,0.5014940825712222,0.5196429536073423,/gpfs/data/bbj-lab/users/daniel/input-representation-benchmark/outputs/runs/tokenized/mimiciv-3.1_meds_70-10-20/ventiles_none_fused_time_tokens_first_24h-tokenized/test/logistic_regression-preds-base-primary_binary-checkpoint-37000.pkl,/gpfs/data/bbj-lab/users/daniel/input-representation-benchmark/outputs/runs/tokenized/mimiciv-3.1_meds_70-10-20/ventiles_none_fused_time_tokens_first_24h-tokenized/test/tokens_timelines_outcomes.parquet
exp1_primary_binary,classification,long_length_of_stay,ventiles_unfused,pr_auc,True,63750,0.5057879085829129,0.4973125574819538,0.5146781675918941,/gpfs/data/bbj-lab/users/daniel/input-representation-benchmark/outputs/runs/tokenized/mimiciv-3.1_meds_70-10-20/ventiles_none_unfused_time_tokens_first_24h-tokenized/test/logistic_regression-preds-base-primary_binary-checkpoint-37000.pkl,/gpfs/data/bbj-lab/users/daniel/input-representation-benchmark/outputs/runs/tokenized/mimiciv-3.1_meds_70-10-20/ventiles_none_unfused_time_tokens_first_24h-tokenized/test/tokens_timelines_outcomes.parquet
exp1_primary_binary,classification,long_length_of_stay,centiles_fused,roc_auc,True,63750,0.7844187705351379,0.7805177262559637,0.7883714082079566,/gpfs/data/bbj-lab/users/daniel/input-representation-benchmark/outputs/runs/tokenized/mimiciv-3.1_meds_70-10-20/centiles_none_fused_time_tokens_first_24h-tokenized/test/logistic_regression-preds-base-primary_binary-checkpoint-16500.pkl,/gpfs/data/bbj-lab/users/daniel/input-representation-benchmark/outputs/runs/tokenized/mimiciv-3.1_meds_70-10-20/centiles_none_fused_time_tokens_first_24h-tokenized/test/tokens_timelines_outcomes.parquet
exp1_primary_binary,classification,long_length_of_stay,centiles_unfused,roc_auc,True,63750,0.7816671363023513,0.7774808887011854,0.7856013108155191,/gpfs/data/bbj-lab/users/daniel/input-representation-benchmark/outputs/runs/tokenized/mimiciv-3.1_meds_70-10-20/centiles_none_unfused_time_tokens_first_24h-tokenized/test/logistic_regression-preds-base-primary_binary-checkpoint-37000.pkl,/gpfs/data/bbj-lab/users/daniel/input-representation-benchmark/outputs/runs/tokenized/mimiciv-3.1_meds_70-10-20/centiles_none_unfused_time_tokens_first_24h-tokenized/test/tokens_timelines_outcomes.parquet
exp1_primary_binary,classification,long_length_of_stay,deciles_fused,roc_auc,True,63750,0.7880589620488804,0.7839366375257917,0.7919027613425853,/gpfs/data/bbj-lab/users/daniel/input-representation-benchmark/outputs/runs/tokenized/mimiciv-3.1_meds_70-10-20/deciles_none_fused_time_tokens_first_24h-tokenized/test/logistic_regression-preds-base-primary_binary-checkpoint-17000.pkl,/gpfs/data/bbj-lab/users/daniel/input-representation-benchmark/outputs/runs/tokenized/mimiciv-3.1_meds_70-10-20/deciles_none_fused_time_tokens_first_24h-tokenized/test/tokens_timelines_outcomes.parquet
exp1_primary_binary,classification,long_length_of_stay,deciles_unfused,roc_auc,True,63750,0.7632611626154555,0.7589995484765392,0.7675240909150627,/gpfs/data/bbj-lab/users/daniel/input-representation-benchmark/outputs/runs/tokenized/mimiciv-3.1_meds_70-10-20/deciles_none_unfused_time_tokens_first_24h-tokenized/test/logistic_regression-preds-base-primary_binary-checkpoint-10000.pkl,/gpfs/data/bbj-lab/users/daniel/input-representation-benchmark/outputs/runs/tokenized/mimiciv-3.1_meds_70-10-20/deciles_none_unfused_time_tokens_first_24h-tokenized/test/tokens_timelines_outcomes.parquet
exp1_primary_binary,classification,long_length_of_stay,trentiles_10_10_10_fused,roc_auc,True,63750,0.7776423211972447,0.7734699662166585,0.7816936341415073,/gpfs/data/bbj-lab/users/daniel/input-representation-benchmark/outputs/runs/tokenized/mimiciv-3.1_meds_70-10-20/trentiles_10-10-10_fused_time_tokens_first_24h-tokenized/test/logistic_regression-preds-base-primary_binary-checkpoint-37000.pkl,/gpfs/data/bbj-lab/users/daniel/input-representation-benchmark/outputs/runs/tokenized/mimiciv-3.1_meds_70-10-20/trentiles_10-10-10_fused_time_tokens_first_24h-tokenized/test/tokens_timelines_outcomes.parquet
exp1_primary_binary,classification,long_length_of_stay,trentiles_10_10_10_unfused,roc_auc,True,63750,0.7571404950368673,0.7526271156824658,0.7613808602406539,/gpfs/data/bbj-lab/users/daniel/input-representation-benchmark/outputs/runs/tokenized/mimiciv-3.1_meds_70-10-20/trentiles_10-10-10_unfused_time_tokens_first_24h-tokenized/test/logistic_regression-preds-base-primary_binary-checkpoint-10000.pkl,/gpfs/data/bbj-lab/users/daniel/input-representation-benchmark/outputs/runs/tokenized/mimiciv-3.1_meds_70-10-20/trentiles_10-10-10_unfused_time_tokens_first_24h-tokenized/test/tokens_timelines_outcomes.parquet
exp1_primary_binary,classification,long_length_of_stay,trentiles_fused,roc_auc,True,63750,0.7805687212934023,0.7763447849729125,0.7844824390239816,/gpfs/data/bbj-lab/users/daniel/input-representation-benchmark/outputs/runs/tokenized/mimiciv-3.1_meds_70-10-20/trentiles_none_fused_time_tokens_first_24h-tokenized/test/logistic_regression-preds-base-primary_binary-checkpoint-37000.pkl,/gpfs/data/bbj-lab/users/daniel/input-representation-benchmark/outputs/runs/tokenized/mimiciv-3.1_meds_70-10-20/trentiles_none_fused_time_tokens_first_24h-tokenized/test/tokens_timelines_outcomes.parquet
exp1_primary_binary,classification,long_length_of_stay,trentiles_unfused,roc_auc,True,63750,0.7787121838770446,0.7747050877460979,0.7826177199125983,/gpfs/data/bbj-lab/users/daniel/input-representation-benchmark/outputs/runs/tokenized/mimiciv-3.1_meds_70-10-20/trentiles_none_unfused_time_tokens_first_24h-tokenized/test/logistic_regression-preds-base-primary_binary-checkpoint-37000.pkl,/gpfs/data/bbj-lab/users/daniel/input-representation-benchmark/outputs/runs/tokenized/mimiciv-3.1_meds_70-10-20/trentiles_none_unfused_time_tokens_first_24h-tokenized/test/tokens_timelines_outcomes.parquet
exp1_primary_binary,classification,long_length_of_stay,ventiles_5_10_5_fused,roc_auc,True,63750,0.7825502040439436,0.7784751723330509,0.7865142971391861,/gpfs/data/bbj-lab/users/daniel/input-representation-benchmark/outputs/runs/tokenized/mimiciv-3.1_meds_70-10-20/ventiles_5-10-5_fused_time_tokens_first_24h-tokenized/test/logistic_regression-preds-base-primary_binary-checkpoint-37000.pkl,/gpfs/data/bbj-lab/users/daniel/input-representation-benchmark/outputs/runs/tokenized/mimiciv-3.1_meds_70-10-20/ventiles_5-10-5_fused_time_tokens_first_24h-tokenized/test/tokens_timelines_outcomes.parquet
exp1_primary_binary,classification,long_length_of_stay,ventiles_5_10_5_unfused,roc_auc,True,63750,0.7860244331306714,0.7819627162518233,0.7899405333445756,/gpfs/data/bbj-lab/users/daniel/input-representation-benchmark/outputs/runs/tokenized/mimiciv-3.1_meds_70-10-20/ventiles_5-10-5_unfused_time_tokens_first_24h-tokenized/test/logistic_regression-preds-base-primary_binary-checkpoint-37000.pkl,/gpfs/data/bbj-lab/users/daniel/input-representation-benchmark/outputs/runs/tokenized/mimiciv-3.1_meds_70-10-20/ventiles_5-10-5_unfused_time_tokens_first_24h-tokenized/test/tokens_timelines_outcomes.parquet
exp1_primary_binary,classification,long_length_of_stay,ventiles_fused,roc_auc,True,63750,0.7826304618519329,0.778512868146719,0.7865355898654309,/gpfs/data/bbj-lab/users/daniel/input-representation-benchmark/outputs/runs/tokenized/mimiciv-3.1_meds_70-10-20/ventiles_none_fused_time_tokens_first_24h-tokenized/test/logistic_regression-preds-base-primary_binary-checkpoint-37000.pkl,/gpfs/data/bbj-lab/users/daniel/input-representation-benchmark/outputs/runs/tokenized/mimiciv-3.1_meds_70-10-20/ventiles_none_fused_time_tokens_first_24h-tokenized/test/tokens_timelines_outcomes.parquet
exp1_primary_binary,classification,long_length_of_stay,ventiles_unfused,roc_auc,True,63750,0.7797315381716334,0.7756458887224489,0.783661947960556,/gpfs/data/bbj-lab/users/daniel/input-representation-benchmark/outputs/runs/tokenized/mimiciv-3.1_meds_70-10-20/ventiles_none_unfused_time_tokens_first_24h-tokenized/test/logistic_regression-preds-base-primary_binary-checkpoint-37000.pkl,/gpfs/data/bbj-lab/users/daniel/input-representation-benchmark/outputs/runs/tokenized/mimiciv-3.1_meds_70-10-20/ventiles_none_unfused_time_tokens_first_24h-tokenized/test/tokens_timelines_outcomes.parquet
exp1_primary_binary,classification,same_admission_death,centiles_fused,brier,False,63750,0.0182758172472511,0.0174280716479614,0.0191612247526363,/gpfs/data/bbj-lab/users/daniel/input-representation-benchmark/outputs/runs/tokenized/mimiciv-3.1_meds_70-10-20/centiles_none_fused_time_tokens_first_24h-tokenized/test/logistic_regression-preds-base-primary_binary-checkpoint-16500.pkl,/gpfs/data/bbj-lab/users/daniel/input-representation-benchmark/outputs/runs/tokenized/mimiciv-3.1_meds_70-10-20/centiles_none_fused_time_tokens_first_24h-tokenized/test/tokens_timelines_outcomes.parquet
exp1_primary_binary,classification,same_admission_death,centiles_unfused,brier,False,63750,0.0186214933040722,0.0177297884153732,0.0194905349871019,/gpfs/data/bbj-lab/users/daniel/input-representation-benchmark/outputs/runs/tokenized/mimiciv-3.1_meds_70-10-20/centiles_none_unfused_time_tokens_first_24h-tokenized/test/logistic_regression-preds-base-primary_binary-checkpoint-37000.pkl,/gpfs/data/bbj-lab/users/daniel/input-representation-benchmark/outputs/runs/tokenized/mimiciv-3.1_meds_70-10-20/centiles_none_unfused_time_tokens_first_24h-tokenized/test/tokens_timelines_outcomes.parquet
exp1_primary_binary,classification,same_admission_death,deciles_fused,brier,False,63750,0.0182822768991095,0.0173956207442965,0.019152105100955,/gpfs/data/bbj-lab/users/daniel/input-representation-benchmark/outputs/runs/tokenized/mimiciv-3.1_meds_70-10-20/deciles_none_fused_time_tokens_first_24h-tokenized/test/logistic_regression-preds-base-primary_binary-checkpoint-17000.pkl,/gpfs/data/bbj-lab/users/daniel/input-representation-benchmark/outputs/runs/tokenized/mimiciv-3.1_meds_70-10-20/deciles_none_fused_time_tokens_first_24h-tokenized/test/tokens_timelines_outcomes.parquet
exp1_primary_binary,classification,same_admission_death,deciles_unfused,brier,False,63750,0.0193692269344263,0.0184455488736018,0.0202918456879905,/gpfs/data/bbj-lab/users/daniel/input-representation-benchmark/outputs/runs/tokenized/mimiciv-3.1_meds_70-10-20/deciles_none_unfused_time_tokens_first_24h-tokenized/test/logistic_regression-preds-base-primary_binary-checkpoint-10000.pkl,/gpfs/data/bbj-lab/users/daniel/input-representation-benchmark/outputs/runs/tokenized/mimiciv-3.1_meds_70-10-20/deciles_none_unfused_time_tokens_first_24h-tokenized/test/tokens_timelines_outcomes.parquet
exp1_primary_binary,classification,same_admission_death,trentiles_10_10_10_fused,brier,False,63750,0.0187466930831746,0.0178319268910367,0.019652552510862,/gpfs/data/bbj-lab/users/daniel/input-representation-benchmark/outputs/runs/tokenized/mimiciv-3.1_meds_70-10-20/trentiles_10-10-10_fused_time_tokens_first_24h-tokenized/test/logistic_regression-preds-base-primary_binary-checkpoint-37000.pkl,/gpfs/data/bbj-lab/users/daniel/input-representation-benchmark/outputs/runs/tokenized/mimiciv-3.1_meds_70-10-20/trentiles_10-10-10_fused_time_tokens_first_24h-tokenized/test/tokens_timelines_outcomes.parquet
exp1_primary_binary,classification,same_admission_death,trentiles_10_10_10_unfused,brier,False,63750,0.0194297756540351,0.0185181427775836,0.0203119436217421,/gpfs/data/bbj-lab/users/daniel/input-representation-benchmark/outputs/runs/tokenized/mimiciv-3.1_meds_70-10-20/trentiles_10-10-10_unfused_time_tokens_first_24h-tokenized/test/logistic_regression-preds-base-primary_binary-checkpoint-10000.pkl,/gpfs/data/bbj-lab/users/daniel/input-representation-benchmark/outputs/runs/tokenized/mimiciv-3.1_meds_70-10-20/trentiles_10-10-10_unfused_time_tokens_first_24h-tokenized/test/tokens_timelines_outcomes.parquet
exp1_primary_binary,classification,same_admission_death,trentiles_fused,brier,False,63750,0.0182773826042408,0.0174033182167741,0.0191663489972396,/gpfs/data/bbj-lab/users/daniel/input-representation-benchmark/outputs/runs/tokenized/mimiciv-3.1_meds_70-10-20/trentiles_none_fused_time_tokens_first_24h-tokenized/test/logistic_regression-preds-base-primary_binary-checkpoint-37000.pkl,/gpfs/data/bbj-lab/users/daniel/input-representation-benchmark/outputs/runs/tokenized/mimiciv-3.1_meds_70-10-20/trentiles_none_fused_time_tokens_first_24h-tokenized/test/tokens_timelines_outcomes.parquet
exp1_primary_binary,classification,same_admission_death,trentiles_unfused,brier,False,63750,0.0187018884173444,0.0178093280934265,0.0195906190891865,/gpfs/data/bbj-lab/users/daniel/input-representation-benchmark/outputs/runs/tokenized/mimiciv-3.1_meds_70-10-20/trentiles_none_unfused_time_tokens_first_24h-tokenized/test/logistic_regression-preds-base-primary_binary-checkpoint-37000.pkl,/gpfs/data/bbj-lab/users/daniel/input-representation-benchmark/outputs/runs/tokenized/mimiciv-3.1_meds_70-10-20/trentiles_none_unfused_time_tokens_first_24h-tokenized/test/tokens_timelines_outcomes.parquet
exp1_primary_binary,classification,same_admission_death,ventiles_5_10_5_fused,brier,False,63750,0.0184306824927201,0.0175649225416102,0.0193207186169853,/gpfs/data/bbj-lab/users/daniel/input-representation-benchmark/outputs/runs/tokenized/mimiciv-3.1_meds_70-10-20/ventiles_5-10-5_fused_time_tokens_first_24h-tokenized/test/logistic_regression-preds-base-primary_binary-checkpoint-37000.pkl,/gpfs/data/bbj-lab/users/daniel/input-representation-benchmark/outputs/runs/tokenized/mimiciv-3.1_meds_70-10-20/ventiles_5-10-5_fused_time_tokens_first_24h-tokenized/test/tokens_timelines_outcomes.parquet
exp1_primary_binary,classification,same_admission_death,ventiles_5_10_5_unfused,brier,False,63750,0.0184489913169539,0.0175515378414193,0.019319061933499,/gpfs/data/bbj-lab/users/daniel/input-representation-benchmark/outputs/runs/tokenized/mimiciv-3.1_meds_70-10-20/ventiles_5-10-5_unfused_time_tokens_first_24h-tokenized/test/logistic_regression-preds-base-primary_binary-checkpoint-37000.pkl,/gpfs/data/bbj-lab/users/daniel/input-representation-benchmark/outputs/runs/tokenized/mimiciv-3.1_meds_70-10-20/ventiles_5-10-5_unfused_time_tokens_first_24h-tokenized/test/tokens_timelines_outcomes.parquet
exp1_primary_binary,classification,same_admission_death,ventiles_fused,brier,False,63750,0.0182277806399585,0.0173671771403163,0.0191084588475312,/gpfs/data/bbj-lab/users/daniel/input-representation-benchmark/outputs/runs/tokenized/mimiciv-3.1_meds_70-10-20/ventiles_none_fused_time_tokens_first_24h-tokenized/test/logistic_regression-preds-base-primary_binary-checkpoint-37000.pkl,/gpfs/data/bbj-lab/users/daniel/input-representation-benchmark/outputs/runs/tokenized/mimiciv-3.1_meds_70-10-20/ventiles_none_fused_time_tokens_first_24h-tokenized/test/tokens_timelines_outcomes.parquet
exp1_primary_binary,classification,same_admission_death,ventiles_unfused,brier,False,63750,0.0187071944110524,0.017817643438233,0.0195914038753704,/gpfs/data/bbj-lab/users/daniel/input-representation-benchmark/outputs/runs/tokenized/mimiciv-3.1_meds_70-10-20/ventiles_none_unfused_time_tokens_first_24h-tokenized/test/logistic_regression-preds-base-primary_binary-checkpoint-37000.pkl,/gpfs/data/bbj-lab/users/daniel/input-representation-benchmark/outputs/runs/tokenized/mimiciv-3.1_meds_70-10-20/ventiles_none_unfused_time_tokens_first_24h-tokenized/test/tokens_timelines_outcomes.parquet
exp1_primary_binary,classification,same_admission_death,centiles_fused,ece_15,False,63750,0.001597719004626,0.0010936602673773,0.0028785958814291,/gpfs/data/bbj-lab/users/daniel/input-representation-benchmark/outputs/runs/tokenized/mimiciv-3.1_meds_70-10-20/centiles_none_fused_time_tokens_first_24h-tokenized/test/logistic_regression-preds-base-primary_binary-checkpoint-16500.pkl,/gpfs/data/bbj-lab/users/daniel/input-representation-benchmark/outputs/runs/tokenized/mimiciv-3.1_meds_70-10-20/centiles_none_fused_time_tokens_first_24h-tokenized/test/tokens_timelines_outcomes.parquet
exp1_primary_binary,classification,same_admission_death,centiles_unfused,ece_15,False,63750,0.0016296581332709,0.001118909717653,0.0028919799349992,/gpfs/data/bbj-lab/users/daniel/input-representation-benchmark/outputs/runs/tokenized/mimiciv-3.1_meds_70-10-20/centiles_none_unfused_time_tokens_first_24h-tokenized/test/logistic_regression-preds-base-primary_binary-checkpoint-37000.pkl,/gpfs/data/bbj-lab/users/daniel/input-representation-benchmark/outputs/runs/tokenized/mimiciv-3.1_meds_70-10-20/centiles_none_unfused_time_tokens_first_24h-tokenized/test/tokens_timelines_outcomes.parquet
exp1_primary_binary,classification,same_admission_death,deciles_fused,ece_15,False,63750,0.0015556202531712,0.0010160018025214,0.0028128873085184,/gpfs/data/bbj-lab/users/daniel/input-representation-benchmark/outputs/runs/tokenized/mimiciv-3.1_meds_70-10-20/deciles_none_fused_time_tokens_first_24h-tokenized/test/logistic_regression-preds-base-primary_binary-checkpoint-17000.pkl,/gpfs/data/bbj-lab/users/daniel/input-representation-benchmark/outputs/runs/tokenized/mimiciv-3.1_meds_70-10-20/deciles_none_fused_time_tokens_first_24h-tokenized/test/tokens_timelines_outcomes.parquet
exp1_primary_binary,classification,same_admission_death,deciles_unfused,ece_15,False,63750,0.0016739572174086,0.0011859122455204,0.0031267835565613,/gpfs/data/bbj-lab/users/daniel/input-representation-benchmark/outputs/runs/tokenized/mimiciv-3.1_meds_70-10-20/deciles_none_unfused_time_tokens_first_24h-tokenized/test/logistic_regression-preds-base-primary_binary-checkpoint-10000.pkl,/gpfs/data/bbj-lab/users/daniel/input-representation-benchmark/outputs/runs/tokenized/mimiciv-3.1_meds_70-10-20/deciles_none_unfused_time_tokens_first_24h-tokenized/test/tokens_timelines_outcomes.parquet
exp1_primary_binary,classification,same_admission_death,trentiles_10_10_10_fused,ece_15,False,63750,0.0019057802434935,0.0013204708058244,0.0031962659295909,/gpfs/data/bbj-lab/users/daniel/input-representation-benchmark/outputs/runs/tokenized/mimiciv-3.1_meds_70-10-20/trentiles_10-10-10_fused_time_tokens_first_24h-tokenized/test/logistic_regression-preds-base-primary_binary-checkpoint-37000.pkl,/gpfs/data/bbj-lab/users/daniel/input-representation-benchmark/outputs/runs/tokenized/mimiciv-3.1_meds_70-10-20/trentiles_10-10-10_fused_time_tokens_first_24h-tokenized/test/tokens_timelines_outcomes.parquet
exp1_primary_binary,classification,same_admission_death,trentiles_10_10_10_unfused,ece_15,False,63750,0.0015563037209524,0.0010888782257584,0.002846051457308,/gpfs/data/bbj-lab/users/daniel/input-representation-benchmark/outputs/runs/tokenized/mimiciv-3.1_meds_70-10-20/trentiles_10-10-10_unfused_time_tokens_first_24h-tokenized/test/logistic_regression-preds-base-primary_binary-checkpoint-10000.pkl,/gpfs/data/bbj-lab/users/daniel/input-representation-benchmark/outputs/runs/tokenized/mimiciv-3.1_meds_70-10-20/trentiles_10-10-10_unfused_time_tokens_first_24h-tokenized/test/tokens_timelines_outcomes.parquet
exp1_primary_binary,classification,same_admission_death,trentiles_fused,ece_15,False,63750,0.0014352038502119,0.0010045080769605,0.0026875761401859,/gpfs/data/bbj-lab/users/daniel/input-representation-benchmark/outputs/runs/tokenized/mimiciv-3.1_meds_70-10-20/trentiles_none_fused_time_tokens_first_24h-tokenized/test/logistic_regression-preds-base-primary_binary-checkpoint-37000.pkl,/gpfs/data/bbj-lab/users/daniel/input-representation-benchmark/outputs/runs/tokenized/mimiciv-3.1_meds_70-10-20/trentiles_none_fused_time_tokens_first_24h-tokenized/test/tokens_timelines_outcomes.parquet
exp1_primary_binary,classification,same_admission_death,trentiles_unfused,ece_15,False,63750,0.0015727189809065,0.0011850551922676,0.0027850110457923,/gpfs/data/bbj-lab/users/daniel/input-representation-benchmark/outputs/runs/tokenized/mimiciv-3.1_meds_70-10-20/trentiles_none_unfused_time_tokens_first_24h-tokenized/test/logistic_regression-preds-base-primary_binary-checkpoint-37000.pkl,/gpfs/data/bbj-lab/users/daniel/input-representation-benchmark/outputs/runs/tokenized/mimiciv-3.1_meds_70-10-20/trentiles_none_unfused_time_tokens_first_24h-tokenized/test/tokens_timelines_outcomes.parquet
exp1_primary_binary,classification,same_admission_death,ventiles_5_10_5_fused,ece_15,False,63750,0.0015165186571469,0.0010703174335632,0.0028030547656957,/gpfs/data/bbj-lab/users/daniel/input-representation-benchmark/outputs/runs/tokenized/mimiciv-3.1_meds_70-10-20/ventiles_5-10-5_fused_time_tokens_first_24h-tokenized/test/logistic_regression-preds-base-primary_binary-checkpoint-37000.pkl,/gpfs/data/bbj-lab/users/daniel/input-representation-benchmark/outputs/runs/tokenized/mimiciv-3.1_meds_70-10-20/ventiles_5-10-5_fused_time_tokens_first_24h-tokenized/test/tokens_timelines_outcomes.parquet
exp1_primary_binary,classification,same_admission_death,ventiles_5_10_5_unfused,ece_15,False,63750,0.0011166762738062,0.0008969872890306,0.0025180852905741,/gpfs/data/bbj-lab/users/daniel/input-representation-benchmark/outputs/runs/tokenized/mimiciv-3.1_meds_70-10-20/ventiles_5-10-5_unfused_time_tokens_first_24h-tokenized/test/logistic_regression-preds-base-primary_binary-checkpoint-37000.pkl,/gpfs/data/bbj-lab/users/daniel/input-representation-benchmark/outputs/runs/tokenized/mimiciv-3.1_meds_70-10-20/ventiles_5-10-5_unfused_time_tokens_first_24h-tokenized/test/tokens_timelines_outcomes.parquet
exp1_primary_binary,classification,same_admission_death,ventiles_fused,ece_15,False,63750,0.001247751780711,0.0009410326123722,0.0025215609282763,/gpfs/data/bbj-lab/users/daniel/input-representation-benchmark/outputs/runs/tokenized/mimiciv-3.1_meds_70-10-20/ventiles_none_fused_time_tokens_first_24h-tokenized/test/logistic_regression-preds-base-primary_binary-checkpoint-37000.pkl,/gpfs/data/bbj-lab/users/daniel/input-representation-benchmark/outputs/runs/tokenized/mimiciv-3.1_meds_70-10-20/ventiles_none_fused_time_tokens_first_24h-tokenized/test/tokens_timelines_outcomes.parquet
exp1_primary_binary,classification,same_admission_death,ventiles_unfused,ece_15,False,63750,0.0015408019878572,0.0011497624382048,0.0028629194556571,/gpfs/data/bbj-lab/users/daniel/input-representation-benchmark/outputs/runs/tokenized/mimiciv-3.1_meds_70-10-20/ventiles_none_unfused_time_tokens_first_24h-tokenized/test/logistic_regression-preds-base-primary_binary-checkpoint-37000.pkl,/gpfs/data/bbj-lab/users/daniel/input-representation-benchmark/outputs/runs/tokenized/mimiciv-3.1_meds_70-10-20/ventiles_none_unfused_time_tokens_first_24h-tokenized/test/tokens_timelines_outcomes.parquet
exp1_primary_binary,classification,same_admission_death,centiles_fused,pr_auc,True,63750,0.354603890343761,0.3277669186433355,0.38192437300975,/gpfs/data/bbj-lab/users/daniel/input-representation-benchmark/outputs/runs/tokenized/mimiciv-3.1_meds_70-10-20/centiles_none_fused_time_tokens_first_24h-tokenized/test/logistic_regression-preds-base-primary_binary-checkpoint-16500.pkl,/gpfs/data/bbj-lab/users/daniel/input-representation-benchmark/outputs/runs/tokenized/mimiciv-3.1_meds_70-10-20/centiles_none_fused_time_tokens_first_24h-tokenized/test/tokens_timelines_outcomes.parquet
exp1_primary_binary,classification,same_admission_death,centiles_unfused,pr_auc,True,63750,0.335010169974931,0.3098400015720735,0.3607923712327873,/gpfs/data/bbj-lab/users/daniel/input-representation-benchmark/outputs/runs/tokenized/mimiciv-3.1_meds_70-10-20/centiles_none_unfused_time_tokens_first_24h-tokenized/test/logistic_regression-preds-base-primary_binary-checkpoint-37000.pkl,/gpfs/data/bbj-lab/users/daniel/input-representation-benchmark/outputs/runs/tokenized/mimiciv-3.1_meds_70-10-20/centiles_none_unfused_time_tokens_first_24h-tokenized/test/tokens_timelines_outcomes.parquet
exp1_primary_binary,classification,same_admission_death,deciles_fused,pr_auc,True,63750,0.3562184317045536,0.3308162315930537,0.3851869506413868,/gpfs/data/bbj-lab/users/daniel/input-representation-benchmark/outputs/runs/tokenized/mimiciv-3.1_meds_70-10-20/deciles_none_fused_time_tokens_first_24h-tokenized/test/logistic_regression-preds-base-primary_binary-checkpoint-17000.pkl,/gpfs/data/bbj-lab/users/daniel/input-representation-benchmark/outputs/runs/tokenized/mimiciv-3.1_meds_70-10-20/deciles_none_fused_time_tokens_first_24h-tokenized/test/tokens_timelines_outcomes.parquet
exp1_primary_binary,classification,same_admission_death,deciles_unfused,pr_auc,True,63750,0.2855162256670631,0.2620226215054656,0.3108678877499943,/gpfs/data/bbj-lab/users/daniel/input-representation-benchmark/outputs/runs/tokenized/mimiciv-3.1_meds_70-10-20/deciles_none_unfused_time_tokens_first_24h-tokenized/test/logistic_regression-preds-base-primary_binary-checkpoint-10000.pkl,/gpfs/data/bbj-lab/users/daniel/input-representation-benchmark/outputs/runs/tokenized/mimiciv-3.1_meds_70-10-20/deciles_none_unfused_time_tokens_first_24h-tokenized/test/tokens_timelines_outcomes.parquet
exp1_primary_binary,classification,same_admission_death,trentiles_10_10_10_fused,pr_auc,True,63750,0.3275660234068488,0.3015512744970974,0.3545576152463104,/gpfs/data/bbj-lab/users/daniel/input-representation-benchmark/outputs/runs/tokenized/mimiciv-3.1_meds_70-10-20/trentiles_10-10-10_fused_time_tokens_first_24h-tokenized/test/logistic_regression-preds-base-primary_binary-checkpoint-37000.pkl,/gpfs/data/bbj-lab/users/daniel/input-representation-benchmark/outputs/runs/tokenized/mimiciv-3.1_meds_70-10-20/trentiles_10-10-10_fused_time_tokens_first_24h-tokenized/test/tokens_timelines_outcomes.parquet
exp1_primary_binary,classification,same_admission_death,trentiles_10_10_10_unfused,pr_auc,True,63750,0.281217695354743,0.2584300849481761,0.3078008849704147,/gpfs/data/bbj-lab/users/daniel/input-representation-benchmark/outputs/runs/tokenized/mimiciv-3.1_meds_70-10-20/trentiles_10-10-10_unfused_time_tokens_first_24h-tokenized/test/logistic_regression-preds-base-primary_binary-checkpoint-10000.pkl,/gpfs/data/bbj-lab/users/daniel/input-representation-benchmark/outputs/runs/tokenized/mimiciv-3.1_meds_70-10-20/trentiles_10-10-10_unfused_time_tokens_first_24h-tokenized/test/tokens_timelines_outcomes.parquet
exp1_primary_binary,classification,same_admission_death,trentiles_fused,pr_auc,True,63750,0.3558158099652135,0.3304399081404067,0.3847984421436972,/gpfs/data/bbj-lab/users/daniel/input-representation-benchmark/outputs/runs/tokenized/mimiciv-3.1_meds_70-10-20/trentiles_none_fused_time_tokens_first_24h-tokenized/test/logistic_regression-preds-base-primary_binary-checkpoint-37000.pkl,/gpfs/data/bbj-lab/users/daniel/input-representation-benchmark/outputs/runs/tokenized/mimiciv-3.1_meds_70-10-20/trentiles_none_fused_time_tokens_first_24h-tokenized/test/tokens_timelines_outcomes.parquet
exp1_primary_binary,classification,same_admission_death,trentiles_unfused,pr_auc,True,63750,0.329507148513108,0.3048974436395814,0.3566233267804165,/gpfs/data/bbj-lab/users/daniel/input-representation-benchmark/outputs/runs/tokenized/mimiciv-3.1_meds_70-10-20/trentiles_none_unfused_time_tokens_first_24h-tokenized/test/logistic_regression-preds-base-primary_binary-checkpoint-37000.pkl,/gpfs/data/bbj-lab/users/daniel/input-representation-benchmark/outputs/runs/tokenized/mimiciv-3.1_meds_70-10-20/trentiles_none_unfused_time_tokens_first_24h-tokenized/test/tokens_timelines_outcomes.parquet
exp1_primary_binary,classification,same_admission_death,ventiles_5_10_5_fused,pr_auc,True,63750,0.3475844782206435,0.3220291932934039,0.3757835264196545,/gpfs/data/bbj-lab/users/daniel/input-representation-benchmark/outputs/runs/tokenized/mimiciv-3.1_meds_70-10-20/ventiles_5-10-5_fused_time_tokens_first_24h-tokenized/test/logistic_regression-preds-base-primary_binary-checkpoint-37000.pkl,/gpfs/data/bbj-lab/users/daniel/input-representation-benchmark/outputs/runs/tokenized/mimiciv-3.1_meds_70-10-20/ventiles_5-10-5_fused_time_tokens_first_24h-tokenized/test/tokens_timelines_outcomes.parquet
exp1_primary_binary,classification,same_admission_death,ventiles_5_10_5_unfused,pr_auc,True,63750,0.3471901336161619,0.322520347014115,0.3738874969913673,/gpfs/data/bbj-lab/users/daniel/input-representation-benchmark/outputs/runs/tokenized/mimiciv-3.1_meds_70-10-20/ventiles_5-10-5_unfused_time_tokens_first_24h-tokenized/test/logistic_regression-preds-base-primary_binary-checkpoint-37000.pkl,/gpfs/data/bbj-lab/users/daniel/input-representation-benchmark/outputs/runs/tokenized/mimiciv-3.1_meds_70-10-20/ventiles_5-10-5_unfused_time_tokens_first_24h-tokenized/test/tokens_timelines_outcomes.parquet
exp1_primary_binary,classification,same_admission_death,ventiles_fused,pr_auc,True,63750,0.3565368049651926,0.3307027349422082,0.3848350110871569,/gpfs/data/bbj-lab/users/daniel/input-representation-benchmark/outputs/runs/tokenized/mimiciv-3.1_meds_70-10-20/ventiles_none_fused_time_tokens_first_24h-tokenized/test/logistic_regression-preds-base-primary_binary-checkpoint-37000.pkl,/gpfs/data/bbj-lab/users/daniel/input-representation-benchmark/outputs/runs/tokenized/mimiciv-3.1_meds_70-10-20/ventiles_none_fused_time_tokens_first_24h-tokenized/test/tokens_timelines_outcomes.parquet
exp1_primary_binary,classification,same_admission_death,ventiles_unfused,pr_auc,True,63750,0.3305128562977565,0.3054914564552741,0.3571929229955468,/gpfs/data/bbj-lab/users/daniel/input-representation-benchmark/outputs/runs/tokenized/mimiciv-3.1_meds_70-10-20/ventiles_none_unfused_time_tokens_first_24h-tokenized/test/logistic_regression-preds-base-primary_binary-checkpoint-37000.pkl,/gpfs/data/bbj-lab/users/daniel/input-representation-benchmark/outputs/runs/tokenized/mimiciv-3.1_meds_70-10-20/ventiles_none_unfused_time_tokens_first_24h-tokenized/test/tokens_timelines_outcomes.parquet
exp1_primary_binary,classification,same_admission_death,centiles_fused,roc_auc,True,63750,0.9131055820682014,0.9061402594951266,0.9203623258732708,/gpfs/data/bbj-lab/users/daniel/input-representation-benchmark/outputs/runs/tokenized/mimiciv-3.1_meds_70-10-20/centiles_none_fused_time_tokens_first_24h-tokenized/test/logistic_regression-preds-base-primary_binary-checkpoint-16500.pkl,/gpfs/data/bbj-lab/users/daniel/input-representation-benchmark/outputs/runs/tokenized/mimiciv-3.1_meds_70-10-20/centiles_none_fused_time_tokens_first_24h-tokenized/test/tokens_timelines_outcomes.parquet
exp1_primary_binary,classification,same_admission_death,centiles_unfused,roc_auc,True,63750,0.9034208907464468,0.8960779073340959,0.9107173539609774,/gpfs/data/bbj-lab/users/daniel/input-representation-benchmark/outputs/runs/tokenized/mimiciv-3.1_meds_70-10-20/centiles_none_unfused_time_tokens_first_24h-tokenized/test/logistic_regression-preds-base-primary_binary-checkpoint-37000.pkl,/gpfs/data/bbj-lab/users/daniel/input-representation-benchmark/outputs/runs/tokenized/mimiciv-3.1_meds_70-10-20/centiles_none_unfused_time_tokens_first_24h-tokenized/test/tokens_timelines_outcomes.parquet
exp1_primary_binary,classification,same_admission_death,deciles_fused,roc_auc,True,63750,0.9150307671001114,0.9079968088333074,0.9221603595210984,/gpfs/data/bbj-lab/users/daniel/input-representation-benchmark/outputs/runs/tokenized/mimiciv-3.1_meds_70-10-20/deciles_none_fused_time_tokens_first_24h-tokenized/test/logistic_regression-preds-base-primary_binary-checkpoint-17000.pkl,/gpfs/data/bbj-lab/users/daniel/input-representation-benchmark/outputs/runs/tokenized/mimiciv-3.1_meds_70-10-20/deciles_none_fused_time_tokens_first_24h-tokenized/test/tokens_timelines_outcomes.parquet
exp1_primary_binary,classification,same_admission_death,deciles_unfused,roc_auc,True,63750,0.8908036738706306,0.8824889558064143,0.8992608137739951,/gpfs/data/bbj-lab/users/daniel/input-representation-benchmark/outputs/runs/tokenized/mimiciv-3.1_meds_70-10-20/deciles_none_unfused_time_tokens_first_24h-tokenized/test/logistic_regression-preds-base-primary_binary-checkpoint-10000.pkl,/gpfs/data/bbj-lab/users/daniel/input-representation-benchmark/outputs/runs/tokenized/mimiciv-3.1_meds_70-10-20/deciles_none_unfused_time_tokens_first_24h-tokenized/test/tokens_timelines_outcomes.parquet
exp1_primary_binary,classification,same_admission_death,trentiles_10_10_10_fused,roc_auc,True,63750,0.8990192271702412,0.891173970394454,0.9071605438784146,/gpfs/data/bbj-lab/users/daniel/input-representation-benchmark/outputs/runs/tokenized/mimiciv-3.1_meds_70-10-20/trentiles_10-10-10_fused_time_tokens_first_24h-tokenized/test/logistic_regression-preds-base-primary_binary-checkpoint-37000.pkl,/gpfs/data/bbj-lab/users/daniel/input-representation-benchmark/outputs/runs/tokenized/mimiciv-3.1_meds_70-10-20/trentiles_10-10-10_fused_time_tokens_first_24h-tokenized/test/tokens_timelines_outcomes.parquet
exp1_primary_binary,classification,same_admission_death,trentiles_10_10_10_unfused,roc_auc,True,63750,0.8871451703027454,0.8784921340379742,0.8957572447181613,/gpfs/data/bbj-lab/users/daniel/input-representation-benchmark/outputs/runs/tokenized/mimiciv-3.1_meds_70-10-20/trentiles_10-10-10_unfused_time_tokens_first_24h-tokenized/test/logistic_regression-preds-base-primary_binary-checkpoint-10000.pkl,/gpfs/data/bbj-lab/users/daniel/input-representation-benchmark/outputs/runs/tokenized/mimiciv-3.1_meds_70-10-20/trentiles_10-10-10_unfused_time_tokens_first_24h-tokenized/test/tokens_timelines_outcomes.parquet
exp1_primary_binary,classification,same_admission_death,trentiles_fused,roc_auc,True,63750,0.909825370972622,0.9024842131507383,0.9172873330254512,/gpfs/data/bbj-lab/users/daniel/input-representation-benchmark/outputs/runs/tokenized/mimiciv-3.1_meds_70-10-20/trentiles_none_fused_time_tokens_first_24h-tokenized/test/logistic_regression-preds-base-primary_binary-checkpoint-37000.pkl,/gpfs/data/bbj-lab/users/daniel/input-representation-benchmark/outputs/runs/tokenized/mimiciv-3.1_meds_70-10-20/trentiles_none_fused_time_tokens_first_24h-tokenized/test/tokens_timelines_outcomes.parquet
exp1_primary_binary,classification,same_admission_death,trentiles_unfused,roc_auc,True,63750,0.9047162741791414,0.897222289857617,0.9121320082115638,/gpfs/data/bbj-lab/users/daniel/input-representation-benchmark/outputs/runs/tokenized/mimiciv-3.1_meds_70-10-20/trentiles_none_unfused_time_tokens_first_24h-tokenized/test/logistic_regression-preds-base-primary_binary-checkpoint-37000.pkl,/gpfs/data/bbj-lab/users/daniel/input-representation-benchmark/outputs/runs/tokenized/mimiciv-3.1_meds_70-10-20/trentiles_none_unfused_time_tokens_first_24h-tokenized/test/tokens_timelines_outcomes.parquet
exp1_primary_binary,classification,same_admission_death,ventiles_5_10_5_fused,roc_auc,True,63750,0.9104997068051632,0.903651134838882,0.9179474087995184,/gpfs/data/bbj-lab/users/daniel/input-representation-benchmark/outputs/runs/tokenized/mimiciv-3.1_meds_70-10-20/ventiles_5-10-5_fused_time_tokens_first_24h-tokenized/test/logistic_regression-preds-base-primary_binary-checkpoint-37000.pkl,/gpfs/data/bbj-lab/users/daniel/input-representation-benchmark/outputs/runs/tokenized/mimiciv-3.1_meds_70-10-20/ventiles_5-10-5_fused_time_tokens_first_24h-tokenized/test/tokens_timelines_outcomes.parquet
exp1_primary_binary,classification,same_admission_death,ventiles_5_10_5_unfused,roc_auc,True,63750,0.9068012864979632,0.8993977623671423,0.9140653669016244,/gpfs/data/bbj-lab/users/daniel/input-representation-benchmark/outputs/runs/tokenized/mimiciv-3.1_meds_70-10-20/ventiles_5-10-5_unfused_time_tokens_first_24h-tokenized/test/logistic_regression-preds-base-primary_binary-checkpoint-37000.pkl,/gpfs/data/bbj-lab/users/daniel/input-representation-benchmark/outputs/runs/tokenized/mimiciv-3.1_meds_70-10-20/ventiles_5-10-5_unfused_time_tokens_first_24h-tokenized/test/tokens_timelines_outcomes.parquet
exp1_primary_binary,classification,same_admission_death,ventiles_fused,roc_auc,True,63750,0.9149960450415592,0.9082801191208258,0.9218605155196504,/gpfs/data/bbj-lab/users/daniel/input-representation-benchmark/outputs/runs/tokenized/mimiciv-3.1_meds_70-10-20/ventiles_none_fused_time_tokens_first_24h-tokenized/test/logistic_regression-preds-base-primary_binary-checkpoint-37000.pkl,/gpfs/data/bbj-lab/users/daniel/input-representation-benchmark/outputs/runs/tokenized/mimiciv-3.1_meds_70-10-20/ventiles_none_fused_time_tokens_first_24h-tokenized/test/tokens_timelines_outcomes.parquet
exp1_primary_binary,classification,same_admission_death,ventiles_unfused,roc_auc,True,63750,0.9048968695004592,0.8976947433761756,0.9123607506975028,/gpfs/data/bbj-lab/users/daniel/input-representation-benchmark/outputs/runs/tokenized/mimiciv-3.1_meds_70-10-20/ventiles_none_unfused_time_tokens_first_24h-tokenized/test/logistic_regression-preds-base-primary_binary-checkpoint-37000.pkl,/gpfs/data/bbj-lab/users/daniel/input-representation-benchmark/outputs/runs/tokenized/mimiciv-3.1_meds_70-10-20/ventiles_none_unfused_time_tokens_first_24h-tokenized/test/tokens_timelines_outcomes.parquet
exp1_additional_binary,classification,crrt_initiation,centiles_fused,brier,False,63669,0.0038877518409067,0.0034832455195557,0.004334059646815,/gpfs/data/bbj-lab/users/daniel/input-representation-benchmark/outputs/runs/tokenized/mimiciv-3.1_meds_70-10-20/centiles_none_fused_time_tokens_first_24h-tokenized/test/logistic_regression-preds-checkpoint-16500.pkl,/gpfs/data/bbj-lab/users/daniel/input-representation-benchmark/outputs/runs/tokenized/mimiciv-3.1_meds_70-10-20/centiles_none_fused_time_tokens_first_24h-tokenized/test/tokens_timelines_extended_outcomes.parquet
exp1_additional_binary,classification,crrt_initiation,centiles_unfused,brier,False,63669,0.0039387710714,0.0035111811950918,0.0043712908038979,/gpfs/data/bbj-lab/users/daniel/input-representation-benchmark/outputs/runs/tokenized/mimiciv-3.1_meds_70-10-20/centiles_none_unfused_time_tokens_first_24h-tokenized/test/logistic_regression-preds-checkpoint-37000.pkl,/gpfs/data/bbj-lab/users/daniel/input-representation-benchmark/outputs/runs/tokenized/mimiciv-3.1_meds_70-10-20/centiles_none_unfused_time_tokens_first_24h-tokenized/test/tokens_timelines_extended_outcomes.parquet
exp1_additional_binary,classification,crrt_initiation,deciles_fused,brier,False,63669,0.0038609812179947,0.0034560623007308,0.0042921115749022,/gpfs/data/bbj-lab/users/daniel/input-representation-benchmark/outputs/runs/tokenized/mimiciv-3.1_meds_70-10-20/deciles_none_fused_time_tokens_first_24h-tokenized/test/logistic_regression-preds-checkpoint-17000.pkl,/gpfs/data/bbj-lab/users/daniel/input-representation-benchmark/outputs/runs/tokenized/mimiciv-3.1_meds_70-10-20/deciles_none_fused_time_tokens_first_24h-tokenized/test/tokens_timelines_extended_outcomes.parquet
exp1_additional_binary,classification,crrt_initiation,deciles_unfused,brier,False,63669,0.0038922324811685,0.0034682738322338,0.0043279322758425,/gpfs/data/bbj-lab/users/daniel/input-representation-benchmark/outputs/runs/tokenized/mimiciv-3.1_meds_70-10-20/deciles_none_unfused_time_tokens_first_24h-tokenized/test/logistic_regression-preds-checkpoint-10000.pkl,/gpfs/data/bbj-lab/users/daniel/input-representation-benchmark/outputs/runs/tokenized/mimiciv-3.1_meds_70-10-20/deciles_none_unfused_time_tokens_first_24h-tokenized/test/tokens_timelines_extended_outcomes.parquet
exp1_additional_binary,classification,crrt_initiation,trentiles_10_10_10_fused,brier,False,63669,0.0039548848214084,0.0035426552642143,0.004405092563442,/gpfs/data/bbj-lab/users/daniel/input-representation-benchmark/outputs/runs/tokenized/mimiciv-3.1_meds_70-10-20/trentiles_10-10-10_fused_time_tokens_first_24h-tokenized/test/logistic_regression-preds-checkpoint-37000.pkl,/gpfs/data/bbj-lab/users/daniel/input-representation-benchmark/outputs/runs/tokenized/mimiciv-3.1_meds_70-10-20/trentiles_10-10-10_fused_time_tokens_first_24h-tokenized/test/tokens_timelines_extended_outcomes.parquet
exp1_additional_binary,classification,crrt_initiation,trentiles_10_10_10_unfused,brier,False,63669,0.0038949453388825,0.0034809711303328,0.0043308050874392,/gpfs/data/bbj-lab/users/daniel/input-representation-benchmark/outputs/runs/tokenized/mimiciv-3.1_meds_70-10-20/trentiles_10-10-10_unfused_time_tokens_first_24h-tokenized/test/logistic_regression-preds-checkpoint-10000.pkl,/gpfs/data/bbj-lab/users/daniel/input-representation-benchmark/outputs/runs/tokenized/mimiciv-3.1_meds_70-10-20/trentiles_10-10-10_unfused_time_tokens_first_24h-tokenized/test/tokens_timelines_extended_outcomes.parquet
exp1_additional_binary,classification,crrt_initiation,trentiles_fused,brier,False,63669,0.003832836115475,0.0034323566256411,0.0042631640429221,/gpfs/data/bbj-lab/users/daniel/input-representation-benchmark/outputs/runs/tokenized/mimiciv-3.1_meds_70-10-20/trentiles_none_fused_time_tokens_first_24h-tokenized/test/logistic_regression-preds-checkpoint-37000.pkl,/gpfs/data/bbj-lab/users/daniel/input-representation-benchmark/outputs/runs/tokenized/mimiciv-3.1_meds_70-10-20/trentiles_none_fused_time_tokens_first_24h-tokenized/test/tokens_timelines_extended_outcomes.parquet
exp1_additional_binary,classification,crrt_initiation,trentiles_unfused,brier,False,63669,0.0038984723786279,0.0034870733647534,0.0043386279366589,/gpfs/data/bbj-lab/users/daniel/input-representation-benchmark/outputs/runs/tokenized/mimiciv-3.1_meds_70-10-20/trentiles_none_unfused_time_tokens_first_24h-tokenized/test/logistic_regression-preds-checkpoint-37000.pkl,/gpfs/data/bbj-lab/users/daniel/input-representation-benchmark/outputs/runs/tokenized/mimiciv-3.1_meds_70-10-20/trentiles_none_unfused_time_tokens_first_24h-tokenized/test/tokens_timelines_extended_outcomes.parquet
exp1_additional_binary,classification,crrt_initiation,ventiles_5_10_5_fused,brier,False,63669,0.0039204079761042,0.003514072429521,0.0043523089036738,/gpfs/data/bbj-lab/users/daniel/input-representation-benchmark/outputs/runs/tokenized/mimiciv-3.1_meds_70-10-20/ventiles_5-10-5_fused_time_tokens_first_24h-tokenized/test/logistic_regression-preds-checkpoint-37000.pkl,/gpfs/data/bbj-lab/users/daniel/input-representation-benchmark/outputs/runs/tokenized/mimiciv-3.1_meds_70-10-20/ventiles_5-10-5_fused_time_tokens_first_24h-tokenized/test/tokens_timelines_extended_outcomes.parquet
exp1_additional_binary,classification,crrt_initiation,ventiles_5_10_5_unfused,brier,False,63669,0.0039595414244991,0.0035526930976192,0.0044075137515269,/gpfs/data/bbj-lab/users/daniel/input-representation-benchmark/outputs/runs/tokenized/mimiciv-3.1_meds_70-10-20/ventiles_5-10-5_unfused_time_tokens_first_24h-tokenized/test/logistic_regression-preds-checkpoint-37000.pkl,/gpfs/data/bbj-lab/users/daniel/input-representation-benchmark/outputs/runs/tokenized/mimiciv-3.1_meds_70-10-20/ventiles_5-10-5_unfused_time_tokens_first_24h-tokenized/test/tokens_timelines_extended_outcomes.parquet
exp1_additional_binary,classification,crrt_initiation,ventiles_fused,brier,False,63669,0.0039881798874184,0.0035777932994839,0.0044228229820956,/gpfs/data/bbj-lab/users/daniel/input-representation-benchmark/outputs/runs/tokenized/mimiciv-3.1_meds_70-10-20/ventiles_none_fused_time_tokens_first_24h-tokenized/test/logistic_regression-preds-checkpoint-37000.pkl,/gpfs/data/bbj-lab/users/daniel/input-representation-benchmark/outputs/runs/tokenized/mimiciv-3.1_meds_70-10-20/ventiles_none_fused_time_tokens_first_24h-tokenized/test/tokens_timelines_extended_outcomes.parquet
exp1_additional_binary,classification,crrt_initiation,ventiles_unfused,brier,False,63669,0.0038898916266547,0.0034853319073015,0.0043268099281897,/gpfs/data/bbj-lab/users/daniel/input-representation-benchmark/outputs/runs/tokenized/mimiciv-3.1_meds_70-10-20/ventiles_none_unfused_time_tokens_first_24h-tokenized/test/logistic_regression-preds-checkpoint-37000.pkl,/gpfs/data/bbj-lab/users/daniel/input-representation-benchmark/outputs/runs/tokenized/mimiciv-3.1_meds_70-10-20/ventiles_none_unfused_time_tokens_first_24h-tokenized/test/tokens_timelines_extended_outcomes.parquet
exp1_additional_binary,classification,crrt_initiation,centiles_fused,ece_15,False,63669,0.0015086587233138,0.0012090275387337,0.0020975628430966,/gpfs/data/bbj-lab/users/daniel/input-representation-benchmark/outputs/runs/tokenized/mimiciv-3.1_meds_70-10-20/centiles_none_fused_time_tokens_first_24h-tokenized/test/logistic_regression-preds-checkpoint-16500.pkl,/gpfs/data/bbj-lab/users/daniel/input-representation-benchmark/outputs/runs/tokenized/mimiciv-3.1_meds_70-10-20/centiles_none_fused_time_tokens_first_24h-tokenized/test/tokens_timelines_extended_outcomes.parquet
exp1_additional_binary,classification,crrt_initiation,centiles_unfused,ece_15,False,63669,0.0013930052759653,0.001121113230067,0.0020039295389386,/gpfs/data/bbj-lab/users/daniel/input-representation-benchmark/outputs/runs/tokenized/mimiciv-3.1_meds_70-10-20/centiles_none_unfused_time_tokens_first_24h-tokenized/test/logistic_regression-preds-checkpoint-37000.pkl,/gpfs/data/bbj-lab/users/daniel/input-representation-benchmark/outputs/runs/tokenized/mimiciv-3.1_meds_70-10-20/centiles_none_unfused_time_tokens_first_24h-tokenized/test/tokens_timelines_extended_outcomes.parquet
exp1_additional_binary,classification,crrt_initiation,deciles_fused,ece_15,False,63669,0.0012630619425824,0.000976603927158,0.0018531846248161,/gpfs/data/bbj-lab/users/daniel/input-representation-benchmark/outputs/runs/tokenized/mimiciv-3.1_meds_70-10-20/deciles_none_fused_time_tokens_first_24h-tokenized/test/logistic_regression-preds-checkpoint-17000.pkl,/gpfs/data/bbj-lab/users/daniel/input-representation-benchmark/outputs/runs/tokenized/mimiciv-3.1_meds_70-10-20/deciles_none_fused_time_tokens_first_24h-tokenized/test/tokens_timelines_extended_outcomes.parquet
exp1_additional_binary,classification,crrt_initiation,deciles_unfused,ece_15,False,63669,0.0015552932681154,0.0011707836503647,0.0021014254850621,/gpfs/data/bbj-lab/users/daniel/input-representation-benchmark/outputs/runs/tokenized/mimiciv-3.1_meds_70-10-20/deciles_none_unfused_time_tokens_first_24h-tokenized/test/logistic_regression-preds-checkpoint-10000.pkl,/gpfs/data/bbj-lab/users/daniel/input-representation-benchmark/outputs/runs/tokenized/mimiciv-3.1_meds_70-10-20/deciles_none_unfused_time_tokens_first_24h-tokenized/test/tokens_timelines_extended_outcomes.parquet
exp1_additional_binary,classification,crrt_initiation,trentiles_10_10_10_fused,ece_15,False,63669,0.0015898040641402,0.0012113416707293,0.0021168719660535,/gpfs/data/bbj-lab/users/daniel/input-representation-benchmark/outputs/runs/tokenized/mimiciv-3.1_meds_70-10-20/trentiles_10-10-10_fused_time_tokens_first_24h-tokenized/test/logistic_regression-preds-checkpoint-37000.pkl,/gpfs/data/bbj-lab/users/daniel/input-representation-benchmark/outputs/runs/tokenized/mimiciv-3.1_meds_70-10-20/trentiles_10-10-10_fused_time_tokens_first_24h-tokenized/test/tokens_timelines_extended_outcomes.parquet
exp1_additional_binary,classification,crrt_initiation,trentiles_10_10_10_unfused,ece_15,False,63669,0.0013695500178855,0.0010964566294877,0.0019573310616931,/gpfs/data/bbj-lab/users/daniel/input-representation-benchmark/outputs/runs/tokenized/mimiciv-3.1_meds_70-10-20/trentiles_10-10-10_unfused_time_tokens_first_24h-tokenized/test/logistic_regression-preds-checkpoint-10000.pkl,/gpfs/data/bbj-lab/users/daniel/input-representation-benchmark/outputs/runs/tokenized/mimiciv-3.1_meds_70-10-20/trentiles_10-10-10_unfused_time_tokens_first_24h-tokenized/test/tokens_timelines_extended_outcomes.parquet
exp1_additional_binary,classification,crrt_initiation,trentiles_fused,ece_15,False,63669,0.0011527601482595,0.000850681398398,0.001746847877805,/gpfs/data/bbj-lab/users/daniel/input-representation-benchmark/outputs/runs/tokenized/mimiciv-3.1_meds_70-10-20/trentiles_none_fused_time_tokens_first_24h-tokenized/test/logistic_regression-preds-checkpoint-37000.pkl,/gpfs/data/bbj-lab/users/daniel/input-representation-benchmark/outputs/runs/tokenized/mimiciv-3.1_meds_70-10-20/trentiles_none_fused_time_tokens_first_24h-tokenized/test/tokens_timelines_extended_outcomes.parquet
exp1_additional_binary,classification,crrt_initiation,trentiles_unfused,ece_15,False,63669,0.0011506950714426,0.000916004375912,0.0017880260571201,/gpfs/data/bbj-lab/users/daniel/input-representation-benchmark/outputs/runs/tokenized/mimiciv-3.1_meds_70-10-20/trentiles_none_unfused_time_tokens_first_24h-tokenized/test/logistic_regression-preds-checkpoint-37000.pkl,/gpfs/data/bbj-lab/users/daniel/input-representation-benchmark/outputs/runs/tokenized/mimiciv-3.1_meds_70-10-20/trentiles_none_unfused_time_tokens_first_24h-tokenized/test/tokens_timelines_extended_outcomes.parquet
exp1_additional_binary,classification,crrt_initiation,ventiles_5_10_5_fused,ece_15,False,63669,0.0014067945256866,0.0010618610624739,0.0019642256732407,/gpfs/data/bbj-lab/users/daniel/input-representation-benchmark/outputs/runs/tokenized/mimiciv-3.1_meds_70-10-20/ventiles_5-10-5_fused_time_tokens_first_24h-tokenized/test/logistic_regression-preds-checkpoint-37000.pkl,/gpfs/data/bbj-lab/users/daniel/input-representation-benchmark/outputs/runs/tokenized/mimiciv-3.1_meds_70-10-20/ventiles_5-10-5_fused_time_tokens_first_24h-tokenized/test/tokens_timelines_extended_outcomes.parquet
exp1_additional_binary,classification,crrt_initiation,ventiles_5_10_5_unfused,ece_15,False,63669,0.0015140291755288,0.0011789051653935,0.0020660622400888,/gpfs/data/bbj-lab/users/daniel/input-representation-benchmark/outputs/runs/tokenized/mimiciv-3.1_meds_70-10-20/ventiles_5-10-5_unfused_time_tokens_first_24h-tokenized/test/logistic_regression-preds-checkpoint-37000.pkl,/gpfs/data/bbj-lab/users/daniel/input-representation-benchmark/outputs/runs/tokenized/mimiciv-3.1_meds_70-10-20/ventiles_5-10-5_unfused_time_tokens_first_24h-tokenized/test/tokens_timelines_extended_outcomes.parquet
exp1_additional_binary,classification,crrt_initiation,ventiles_fused,ece_15,False,63669,0.0015095195369027,0.0011905832541325,0.0021048171258594,/gpfs/data/bbj-lab/users/daniel/input-representation-benchmark/outputs/runs/tokenized/mimiciv-3.1_meds_70-10-20/ventiles_none_fused_time_tokens_first_24h-tokenized/test/logistic_regression-preds-checkpoint-37000.pkl,/gpfs/data/bbj-lab/users/daniel/input-representation-benchmark/outputs/runs/tokenized/mimiciv-3.1_meds_70-10-20/ventiles_none_fused_time_tokens_first_24h-tokenized/test/tokens_timelines_extended_outcomes.parquet
exp1_additional_binary,classification,crrt_initiation,ventiles_unfused,ece_15,False,63669,0.0013616315922502,0.0011417957122678,0.0020414474269831,/gpfs/data/bbj-lab/users/daniel/input-representation-benchmark/outputs/runs/tokenized/mimiciv-3.1_meds_70-10-20/ventiles_none_unfused_time_tokens_first_24h-tokenized/test/logistic_regression-preds-checkpoint-37000.pkl,/gpfs/data/bbj-lab/users/daniel/input-representation-benchmark/outputs/runs/tokenized/mimiciv-3.1_meds_70-10-20/ventiles_none_unfused_time_tokens_first_24h-tokenized/test/tokens_timelines_extended_outcomes.parquet
exp1_additional_binary,classification,crrt_initiation,centiles_fused,pr_auc,True,63669,0.1477176549142601,0.1114103161526184,0.1978746988128218,/gpfs/data/bbj-lab/users/daniel/input-representation-benchmark/outputs/runs/tokenized/mimiciv-3.1_meds_70-10-20/centiles_none_fused_time_tokens_first_24h-tokenized/test/logistic_regression-preds-checkpoint-16500.pkl,/gpfs/data/bbj-lab/users/daniel/input-representation-benchmark/outputs/runs/tokenized/mimiciv-3.1_meds_70-10-20/centiles_none_fused_time_tokens_first_24h-tokenized/test/tokens_timelines_extended_outcomes.parquet
exp1_additional_binary,classification,crrt_initiation,centiles_unfused,pr_auc,True,63669,0.1366854775374774,0.1013779568405854,0.1810016737432592,/gpfs/data/bbj-lab/users/daniel/input-representation-benchmark/outputs/runs/tokenized/mimiciv-3.1_meds_70-10-20/centiles_none_unfused_time_tokens_first_24h-tokenized/test/logistic_regression-preds-checkpoint-37000.pkl,/gpfs/data/bbj-lab/users/daniel/input-representation-benchmark/outputs/runs/tokenized/mimiciv-3.1_meds_70-10-20/centiles_none_unfused_time_tokens_first_24h-tokenized/test/tokens_timelines_extended_outcomes.parquet
exp1_additional_binary,classification,crrt_initiation,deciles_fused,pr_auc,True,63669,0.1561261661991645,0.1205105281220985,0.2046800877290309,/gpfs/data/bbj-lab/users/daniel/input-representation-benchmark/outputs/runs/tokenized/mimiciv-3.1_meds_70-10-20/deciles_none_fused_time_tokens_first_24h-tokenized/test/logistic_regression-preds-checkpoint-17000.pkl,/gpfs/data/bbj-lab/users/daniel/input-representation-benchmark/outputs/runs/tokenized/mimiciv-3.1_meds_70-10-20/deciles_none_fused_time_tokens_first_24h-tokenized/test/tokens_timelines_extended_outcomes.parquet
exp1_additional_binary,classification,crrt_initiation,deciles_unfused,pr_auc,True,63669,0.1359585369500897,0.0998546250695191,0.1808339183218005,/gpfs/data/bbj-lab/users/daniel/input-representation-benchmark/outputs/runs/tokenized/mimiciv-3.1_meds_70-10-20/deciles_none_unfused_time_tokens_first_24h-tokenized/test/logistic_regression-preds-checkpoint-10000.pkl,/gpfs/data/bbj-lab/users/daniel/input-representation-benchmark/outputs/runs/tokenized/mimiciv-3.1_meds_70-10-20/deciles_none_unfused_time_tokens_first_24h-tokenized/test/tokens_timelines_extended_outcomes.parquet
exp1_additional_binary,classification,crrt_initiation,trentiles_10_10_10_fused,pr_auc,True,63669,0.1315752283236952,0.0982284263857374,0.1772365309934715,/gpfs/data/bbj-lab/users/daniel/input-representation-benchmark/outputs/runs/tokenized/mimiciv-3.1_meds_70-10-20/trentiles_10-10-10_fused_time_tokens_first_24h-tokenized/test/logistic_regression-preds-checkpoint-37000.pkl,/gpfs/data/bbj-lab/users/daniel/input-representation-benchmark/outputs/runs/tokenized/mimiciv-3.1_meds_70-10-20/trentiles_10-10-10_fused_time_tokens_first_24h-tokenized/test/tokens_timelines_extended_outcomes.parquet
exp1_additional_binary,classification,crrt_initiation,trentiles_10_10_10_unfused,pr_auc,True,63669,0.1170616794127021,0.0871341835129587,0.1605090583557253,/gpfs/data/bbj-lab/users/daniel/input-representation-benchmark/outputs/runs/tokenized/mimiciv-3.1_meds_70-10-20/trentiles_10-10-10_unfused_time_tokens_first_24h-tokenized/test/logistic_regression-preds-checkpoint-10000.pkl,/gpfs/data/bbj-lab/users/daniel/input-representation-benchmark/outputs/runs/tokenized/mimiciv-3.1_meds_70-10-20/trentiles_10-10-10_unfused_time_tokens_first_24h-tokenized/test/tokens_timelines_extended_outcomes.parquet
exp1_additional_binary,classification,crrt_initiation,trentiles_fused,pr_auc,True,63669,0.1618319967982483,0.123898759795963,0.2095635434249308,/gpfs/data/bbj-lab/users/daniel/input-representation-benchmark/outputs/runs/tokenized/mimiciv-3.1_meds_70-10-20/trentiles_none_fused_time_tokens_first_24h-tokenized/test/logistic_regression-preds-checkpoint-37000.pkl,/gpfs/data/bbj-lab/users/daniel/input-representation-benchmark/outputs/runs/tokenized/mimiciv-3.1_meds_70-10-20/trentiles_none_fused_time_tokens_first_24h-tokenized/test/tokens_timelines_extended_outcomes.parquet
exp1_additional_binary,classification,crrt_initiation,trentiles_unfused,pr_auc,True,63669,0.1312250323056094,0.0972693916860866,0.1713356883878957,/gpfs/data/bbj-lab/users/daniel/input-representation-benchmark/outputs/runs/tokenized/mimiciv-3.1_meds_70-10-20/trentiles_none_unfused_time_tokens_first_24h-tokenized/test/logistic_regression-preds-checkpoint-37000.pkl,/gpfs/data/bbj-lab/users/daniel/input-representation-benchmark/outputs/runs/tokenized/mimiciv-3.1_meds_70-10-20/trentiles_none_unfused_time_tokens_first_24h-tokenized/test/tokens_timelines_extended_outcomes.parquet
exp1_additional_binary,classification,crrt_initiation,ventiles_5_10_5_fused,pr_auc,True,63669,0.1468609934820898,0.1106115549181189,0.1936203954749663,/gpfs/data/bbj-lab/users/daniel/input-representation-benchmark/outputs/runs/tokenized/mimiciv-3.1_meds_70-10-20/ventiles_5-10-5_fused_time_tokens_first_24h-tokenized/test/logistic_regression-preds-checkpoint-37000.pkl,/gpfs/data/bbj-lab/users/daniel/input-representation-benchmark/outputs/runs/tokenized/mimiciv-3.1_meds_70-10-20/ventiles_5-10-5_fused_time_tokens_first_24h-tokenized/test/tokens_timelines_extended_outcomes.parquet
exp1_additional_binary,classification,crrt_initiation,ventiles_5_10_5_unfused,pr_auc,True,63669,0.1243385336223559,0.0928032808175967,0.1684836862860884,/gpfs/data/bbj-lab/users/daniel/input-representation-benchmark/outputs/runs/tokenized/mimiciv-3.1_meds_70-10-20/ventiles_5-10-5_unfused_time_tokens_first_24h-tokenized/test/logistic_regression-preds-checkpoint-37000.pkl,/gpfs/data/bbj-lab/users/daniel/input-representation-benchmark/outputs/runs/tokenized/mimiciv-3.1_meds_70-10-20/ventiles_5-10-5_unfused_time_tokens_first_24h-tokenized/test/tokens_timelines_extended_outcomes.parquet
exp1_additional_binary,classification,crrt_initiation,ventiles_fused,pr_auc,True,63669,0.1331005055200558,0.1018643364651287,0.1782533315276104,/gpfs/data/bbj-lab/users/daniel/input-representation-benchmark/outputs/runs/tokenized/mimiciv-3.1_meds_70-10-20/ventiles_none_fused_time_tokens_first_24h-tokenized/test/logistic_regression-preds-checkpoint-37000.pkl,/gpfs/data/bbj-lab/users/daniel/input-representation-benchmark/outputs/runs/tokenized/mimiciv-3.1_meds_70-10-20/ventiles_none_fused_time_tokens_first_24h-tokenized/test/tokens_timelines_extended_outcomes.parquet
exp1_additional_binary,classification,crrt_initiation,ventiles_unfused,pr_auc,True,63669,0.1426057883921159,0.1047604048478276,0.186165850108047,/gpfs/data/bbj-lab/users/daniel/input-representation-benchmark/outputs/runs/tokenized/mimiciv-3.1_meds_70-10-20/ventiles_none_unfused_time_tokens_first_24h-tokenized/test/logistic_regression-preds-checkpoint-37000.pkl,/gpfs/data/bbj-lab/users/daniel/input-representation-benchmark/outputs/runs/tokenized/mimiciv-3.1_meds_70-10-20/ventiles_none_unfused_time_tokens_first_24h-tokenized/test/tokens_timelines_extended_outcomes.parquet
exp1_additional_binary,classification,crrt_initiation,centiles_fused,roc_auc,True,63669,0.9265824359139344,0.911454998186031,0.9408669307145096,/gpfs/data/bbj-lab/users/daniel/input-representation-benchmark/outputs/runs/tokenized/mimiciv-3.1_meds_70-10-20/centiles_none_fused_time_tokens_first_24h-tokenized/test/logistic_regression-preds-checkpoint-16500.pkl,/gpfs/data/bbj-lab/users/daniel/input-representation-benchmark/outputs/runs/tokenized/mimiciv-3.1_meds_70-10-20/centiles_none_fused_time_tokens_first_24h-tokenized/test/tokens_timelines_extended_outcomes.parquet
exp1_additional_binary,classification,crrt_initiation,centiles_unfused,roc_auc,True,63669,0.9223540275002462,0.9050340911716316,0.9373544860623289,/gpfs/data/bbj-lab/users/daniel/input-representation-benchmark/outputs/runs/tokenized/mimiciv-3.1_meds_70-10-20/centiles_none_unfused_time_tokens_first_24h-tokenized/test/logistic_regression-preds-checkpoint-37000.pkl,/gpfs/data/bbj-lab/users/daniel/input-representation-benchmark/outputs/runs/tokenized/mimiciv-3.1_meds_70-10-20/centiles_none_unfused_time_tokens_first_24h-tokenized/test/tokens_timelines_extended_outcomes.parquet
exp1_additional_binary,classification,crrt_initiation,deciles_fused,roc_auc,True,63669,0.9343983830919314,0.9194966939294402,0.9472765595230168,/gpfs/data/bbj-lab/users/daniel/input-representation-benchmark/outputs/runs/tokenized/mimiciv-3.1_meds_70-10-20/deciles_none_fused_time_tokens_first_24h-tokenized/test/logistic_regression-preds-checkpoint-17000.pkl,/gpfs/data/bbj-lab/users/daniel/input-representation-benchmark/outputs/runs/tokenized/mimiciv-3.1_meds_70-10-20/deciles_none_fused_time_tokens_first_24h-tokenized/test/tokens_timelines_extended_outcomes.parquet
exp1_additional_binary,classification,crrt_initiation,deciles_unfused,roc_auc,True,63669,0.9150199768790396,0.8971082628679411,0.9315560195229392,/gpfs/data/bbj-lab/users/daniel/input-representation-benchmark/outputs/runs/tokenized/mimiciv-3.1_meds_70-10-20/deciles_none_unfused_time_tokens_first_24h-tokenized/test/logistic_regression-preds-checkpoint-10000.pkl,/gpfs/data/bbj-lab/users/daniel/input-representation-benchmark/outputs/runs/tokenized/mimiciv-3.1_meds_70-10-20/deciles_none_unfused_time_tokens_first_24h-tokenized/test/tokens_timelines_extended_outcomes.parquet
exp1_additional_binary,classification,crrt_initiation,trentiles_10_10_10_fused,roc_auc,True,63669,0.922414534422322,0.9077477903698616,0.9363138783558602,/gpfs/data/bbj-lab/users/daniel/input-representation-benchmark/outputs/runs/tokenized/mimiciv-3.1_meds_70-10-20/trentiles_10-10-10_fused_time_tokens_first_24h-tokenized/test/logistic_regression-preds-checkpoint-37000.pkl,/gpfs/data/bbj-lab/users/daniel/input-representation-benchmark/outputs/runs/tokenized/mimiciv-3.1_meds_70-10-20/trentiles_10-10-10_fused_time_tokens_first_24h-tokenized/test/tokens_timelines_extended_outcomes.parquet
exp1_additional_binary,classification,crrt_initiation,trentiles_10_10_10_unfused,roc_auc,True,63669,0.9159681785161689,0.8998133131494495,0.9305634505035736,/gpfs/data/bbj-lab/users/daniel/input-representation-benchmark/outputs/runs/tokenized/mimiciv-3.1_meds_70-10-20/trentiles_10-10-10_unfused_time_tokens_first_24h-tokenized/test/logistic_regression-preds-checkpoint-10000.pkl,/gpfs/data/bbj-lab/users/daniel/input-representation-benchmark/outputs/runs/tokenized/mimiciv-3.1_meds_70-10-20/trentiles_10-10-10_unfused_time_tokens_first_24h-tokenized/test/tokens_timelines_extended_outcomes.parquet
exp1_additional_binary,classification,crrt_initiation,trentiles_fused,roc_auc,True,63669,0.9372056284270516,0.9243798132392544,0.94924160115913,/gpfs/data/bbj-lab/users/daniel/input-representation-benchmark/outputs/runs/tokenized/mimiciv-3.1_meds_70-10-20/trentiles_none_fused_time_tokens_first_24h-tokenized/test/logistic_regression-preds-checkpoint-37000.pkl,/gpfs/data/bbj-lab/users/daniel/input-representation-benchmark/outputs/runs/tokenized/mimiciv-3.1_meds_70-10-20/trentiles_none_fused_time_tokens_first_24h-tokenized/test/tokens_timelines_extended_outcomes.parquet
exp1_additional_binary,classification,crrt_initiation,trentiles_unfused,roc_auc,True,63669,0.92311399204283,0.9065036174651282,0.93785509658139,/gpfs/data/bbj-lab/users/daniel/input-representation-benchmark/outputs/runs/tokenized/mimiciv-3.1_meds_70-10-20/trentiles_none_unfused_time_tokens_first_24h-tokenized/test/logistic_regression-preds-checkpoint-37000.pkl,/gpfs/data/bbj-lab/users/daniel/input-representation-benchmark/outputs/runs/tokenized/mimiciv-3.1_meds_70-10-20/trentiles_none_unfused_time_tokens_first_24h-tokenized/test/tokens_timelines_extended_outcomes.parquet
exp1_additional_binary,classification,crrt_initiation,ventiles_5_10_5_fused,roc_auc,True,63669,0.9314484757472784,0.918353521079624,0.9442211036756836,/gpfs/data/bbj-lab/users/daniel/input-representation-benchmark/outputs/runs/tokenized/mimiciv-3.1_meds_70-10-20/ventiles_5-10-5_fused_time_tokens_first_24h-tokenized/test/logistic_regression-preds-checkpoint-37000.pkl,/gpfs/data/bbj-lab/users/daniel/input-representation-benchmark/outputs/runs/tokenized/mimiciv-3.1_meds_70-10-20/ventiles_5-10-5_fused_time_tokens_first_24h-tokenized/test/tokens_timelines_extended_outcomes.parquet
exp1_additional_binary,classification,crrt_initiation,ventiles_5_10_5_unfused,roc_auc,True,63669,0.9229403269820456,0.9069990758682418,0.9373519706573136,/gpfs/data/bbj-lab/users/daniel/input-representation-benchmark/outputs/runs/tokenized/mimiciv-3.1_meds_70-10-20/ventiles_5-10-5_unfused_time_tokens_first_24h-tokenized/test/logistic_regression-preds-checkpoint-37000.pkl,/gpfs/data/bbj-lab/users/daniel/input-representation-benchmark/outputs/runs/tokenized/mimiciv-3.1_meds_70-10-20/ventiles_5-10-5_unfused_time_tokens_first_24h-tokenized/test/tokens_timelines_extended_outcomes.parquet
exp1_additional_binary,classification,crrt_initiation,ventiles_fused,roc_auc,True,63669,0.9299043798736109,0.914297988388916,0.9449220190889293,/gpfs/data/bbj-lab/users/daniel/input-representation-benchmark/outputs/runs/tokenized/mimiciv-3.1_meds_70-10-20/ventiles_none_fused_time_tokens_first_24h-tokenized/test/logistic_regression-preds-checkpoint-37000.pkl,/gpfs/data/bbj-lab/users/daniel/input-representation-benchmark/outputs/runs/tokenized/mimiciv-3.1_meds_70-10-20/ventiles_none_fused_time_tokens_first_24h-tokenized/test/tokens_timelines_extended_outcomes.parquet
exp1_additional_binary,classification,crrt_initiation,ventiles_unfused,roc_auc,True,63669,0.9229503415073048,0.9061682329623088,0.93808500607513,/gpfs/data/bbj-lab/users/daniel/input-representation-benchmark/outputs/runs/tokenized/mimiciv-3.1_meds_70-10-20/ventiles_none_unfused_time_tokens_first_24h-tokenized/test/logistic_regression-preds-checkpoint-37000.pkl,/gpfs/data/bbj-lab/users/daniel/input-representation-benchmark/outputs/runs/tokenized/mimiciv-3.1_meds_70-10-20/ventiles_none_unfused_time_tokens_first_24h-tokenized/test/tokens_timelines_extended_outcomes.parquet
exp1_additional_binary,classification,hemodialysis_initiation,centiles_fused,brier,False,63617,0.0048390703276296,0.0043708337347964,0.0053055544480448,/gpfs/data/bbj-lab/users/daniel/input-representation-benchmark/outputs/runs/tokenized/mimiciv-3.1_meds_70-10-20/centiles_none_fused_time_tokens_first_24h-tokenized/test/logistic_regression-preds-checkpoint-16500.pkl,/gpfs/data/bbj-lab/users/daniel/input-representation-benchmark/outputs/runs/tokenized/mimiciv-3.1_meds_70-10-20/centiles_none_fused_time_tokens_first_24h-tokenized/test/tokens_timelines_extended_outcomes.parquet
exp1_additional_binary,classification,hemodialysis_initiation,centiles_unfused,brier,False,63617,0.0047468937227888,0.004292827313903,0.0052083945018469,/gpfs/data/bbj-lab/users/daniel/input-representation-benchmark/outputs/runs/tokenized/mimiciv-3.1_meds_70-10-20/centiles_none_unfused_time_tokens_first_24h-tokenized/test/logistic_regression-preds-checkpoint-37000.pkl,/gpfs/data/bbj-lab/users/daniel/input-representation-benchmark/outputs/runs/tokenized/mimiciv-3.1_meds_70-10-20/centiles_none_unfused_time_tokens_first_24h-tokenized/test/tokens_timelines_extended_outcomes.parquet
exp1_additional_binary,classification,hemodialysis_initiation,deciles_fused,brier,False,63617,0.0047284253589602,0.0042811040990337,0.0052009605420315,/gpfs/data/bbj-lab/users/daniel/input-representation-benchmark/outputs/runs/tokenized/mimiciv-3.1_meds_70-10-20/deciles_none_fused_time_tokens_first_24h-tokenized/test/logistic_regression-preds-checkpoint-17000.pkl,/gpfs/data/bbj-lab/users/daniel/input-representation-benchmark/outputs/runs/tokenized/mimiciv-3.1_meds_70-10-20/deciles_none_fused_time_tokens_first_24h-tokenized/test/tokens_timelines_extended_outcomes.parquet
exp1_additional_binary,classification,hemodialysis_initiation,deciles_unfused,brier,False,63617,0.0050033190973834,0.004511644486028,0.005473423788676,/gpfs/data/bbj-lab/users/daniel/input-representation-benchmark/outputs/runs/tokenized/mimiciv-3.1_meds_70-10-20/deciles_none_unfused_time_tokens_first_24h-tokenized/test/logistic_regression-preds-checkpoint-10000.pkl,/gpfs/data/bbj-lab/users/daniel/input-representation-benchmark/outputs/runs/tokenized/mimiciv-3.1_meds_70-10-20/deciles_none_unfused_time_tokens_first_24h-tokenized/test/tokens_timelines_extended_outcomes.parquet
exp1_additional_binary,classification,hemodialysis_initiation,trentiles_10_10_10_fused,brier,False,63617,0.0047626194385493,0.0043081276869415,0.0052338549704643,/gpfs/data/bbj-lab/users/daniel/input-representation-benchmark/outputs/runs/tokenized/mimiciv-3.1_meds_70-10-20/trentiles_10-10-10_fused_time_tokens_first_24h-tokenized/test/logistic_regression-preds-checkpoint-37000.pkl,/gpfs/data/bbj-lab/users/daniel/input-representation-benchmark/outputs/runs/tokenized/mimiciv-3.1_meds_70-10-20/trentiles_10-10-10_fused_time_tokens_first_24h-tokenized/test/tokens_timelines_extended_outcomes.parquet
exp1_additional_binary,classification,hemodialysis_initiation,trentiles_10_10_10_unfused,brier,False,63617,0.0049406319806048,0.0044680303672752,0.005417497926008,/gpfs/data/bbj-lab/users/daniel/input-representation-benchmark/outputs/runs/tokenized/mimiciv-3.1_meds_70-10-20/trentiles_10-10-10_unfused_time_tokens_first_24h-tokenized/test/logistic_regression-preds-checkpoint-10000.pkl,/gpfs/data/bbj-lab/users/daniel/input-representation-benchmark/outputs/runs/tokenized/mimiciv-3.1_meds_70-10-20/trentiles_10-10-10_unfused_time_tokens_first_24h-tokenized/test/tokens_timelines_extended_outcomes.parquet
exp1_additional_binary,classification,hemodialysis_initiation,trentiles_fused,brier,False,63617,0.0046499777329977,0.0042004179134948,0.0051056004405344,/gpfs/data/bbj-lab/users/daniel/input-representation-benchmark/outputs/runs/tokenized/mimiciv-3.1_meds_70-10-20/trentiles_none_fused_time_tokens_first_24h-tokenized/test/logistic_regression-preds-checkpoint-37000.pkl,/gpfs/data/bbj-lab/users/daniel/input-representation-benchmark/outputs/runs/tokenized/mimiciv-3.1_meds_70-10-20/trentiles_none_fused_time_tokens_first_24h-tokenized/test/tokens_timelines_extended_outcomes.parquet
exp1_additional_binary,classification,hemodialysis_initiation,trentiles_unfused,brier,False,63617,0.0047919669895232,0.0043367140277273,0.0052666205566129,/gpfs/data/bbj-lab/users/daniel/input-representation-benchmark/outputs/runs/tokenized/mimiciv-3.1_meds_70-10-20/trentiles_none_unfused_time_tokens_first_24h-tokenized/test/logistic_regression-preds-checkpoint-37000.pkl,/gpfs/data/bbj-lab/users/daniel/input-representation-benchmark/outputs/runs/tokenized/mimiciv-3.1_meds_70-10-20/trentiles_none_unfused_time_tokens_first_24h-tokenized/test/tokens_timelines_extended_outcomes.parquet
exp1_additional_binary,classification,hemodialysis_initiation,ventiles_5_10_5_fused,brier,False,63617,0.0047358561694844,0.0042782943582262,0.0052069293324663,/gpfs/data/bbj-lab/users/daniel/input-representation-benchmark/outputs/runs/tokenized/mimiciv-3.1_meds_70-10-20/ventiles_5-10-5_fused_time_tokens_first_24h-tokenized/test/logistic_regression-preds-checkpoint-37000.pkl,/gpfs/data/bbj-lab/users/daniel/input-representation-benchmark/outputs/runs/tokenized/mimiciv-3.1_meds_70-10-20/ventiles_5-10-5_fused_time_tokens_first_24h-tokenized/test/tokens_timelines_extended_outcomes.parquet
exp1_additional_binary,classification,hemodialysis_initiation,ventiles_5_10_5_unfused,brier,False,63617,0.0047817888278461,0.0043352651926202,0.0052455708111388,/gpfs/data/bbj-lab/users/daniel/input-representation-benchmark/outputs/runs/tokenized/mimiciv-3.1_meds_70-10-20/ventiles_5-10-5_unfused_time_tokens_first_24h-tokenized/test/logistic_regression-preds-checkpoint-37000.pkl,/gpfs/data/bbj-lab/users/daniel/input-representation-benchmark/outputs/runs/tokenized/mimiciv-3.1_meds_70-10-20/ventiles_5-10-5_unfused_time_tokens_first_24h-tokenized/test/tokens_timelines_extended_outcomes.parquet
exp1_additional_binary,classification,hemodialysis_initiation,ventiles_fused,brier,False,63617,0.0048001599585624,0.0043442564513138,0.0052690433757039,/gpfs/data/bbj-lab/users/daniel/input-representation-benchmark/outputs/runs/tokenized/mimiciv-3.1_meds_70-10-20/ventiles_none_fused_time_tokens_first_24h-tokenized/test/logistic_regression-preds-checkpoint-37000.pkl,/gpfs/data/bbj-lab/users/daniel/input-representation-benchmark/outputs/runs/tokenized/mimiciv-3.1_meds_70-10-20/ventiles_none_fused_time_tokens_first_24h-tokenized/test/tokens_timelines_extended_outcomes.parquet
exp1_additional_binary,classification,hemodialysis_initiation,ventiles_unfused,brier,False,63617,0.0047820610808015,0.0043267320630121,0.0052444692768943,/gpfs/data/bbj-lab/users/daniel/input-representation-benchmark/outputs/runs/tokenized/mimiciv-3.1_meds_70-10-20/ventiles_none_unfused_time_tokens_first_24h-tokenized/test/logistic_regression-preds-checkpoint-37000.pkl,/gpfs/data/bbj-lab/users/daniel/input-representation-benchmark/outputs/runs/tokenized/mimiciv-3.1_meds_70-10-20/ventiles_none_unfused_time_tokens_first_24h-tokenized/test/tokens_timelines_extended_outcomes.parquet
exp1_additional_binary,classification,hemodialysis_initiation,centiles_fused,ece_15,False,63617,0.0009754941726467,0.0005009283863051,0.0015247863529205,/gpfs/data/bbj-lab/users/daniel/input-representation-benchmark/outputs/runs/tokenized/mimiciv-3.1_meds_70-10-20/centiles_none_fused_time_tokens_first_24h-tokenized/test/logistic_regression-preds-checkpoint-16500.pkl,/gpfs/data/bbj-lab/users/daniel/input-representation-benchmark/outputs/runs/tokenized/mimiciv-3.1_meds_70-10-20/centiles_none_fused_time_tokens_first_24h-tokenized/test/tokens_timelines_extended_outcomes.parquet
exp1_additional_binary,classification,hemodialysis_initiation,centiles_unfused,ece_15,False,63617,0.0005301948481126,0.0003471499968194,0.0011244629766259,/gpfs/data/bbj-lab/users/daniel/input-representation-benchmark/outputs/runs/tokenized/mimiciv-3.1_meds_70-10-20/centiles_none_unfused_time_tokens_first_24h-tokenized/test/logistic_regression-preds-checkpoint-37000.pkl,/gpfs/data/bbj-lab/users/daniel/input-representation-benchmark/outputs/runs/tokenized/mimiciv-3.1_meds_70-10-20/centiles_none_unfused_time_tokens_first_24h-tokenized/test/tokens_timelines_extended_outcomes.parquet
exp1_additional_binary,classification,hemodialysis_initiation,deciles_fused,ece_15,False,63617,0.0004399740878121,0.000290220014928,0.0010815315295863,/gpfs/data/bbj-lab/users/daniel/input-representation-benchmark/outputs/runs/tokenized/mimiciv-3.1_meds_70-10-20/deciles_none_fused_time_tokens_first_24h-tokenized/test/logistic_regression-preds-checkpoint-17000.pkl,/gpfs/data/bbj-lab/users/daniel/input-representation-benchmark/outputs/runs/tokenized/mimiciv-3.1_meds_70-10-20/deciles_none_fused_time_tokens_first_24h-tokenized/test/tokens_timelines_extended_outcomes.parquet
exp1_additional_binary,classification,hemodialysis_initiation,deciles_unfused,ece_15,False,63617,0.0007993713570109,0.0005107486215381,0.0014785173397997,/gpfs/data/bbj-lab/users/daniel/input-representation-benchmark/outputs/runs/tokenized/mimiciv-3.1_meds_70-10-20/deciles_none_unfused_time_tokens_first_24h-tokenized/test/logistic_regression-preds-checkpoint-10000.pkl,/gpfs/data/bbj-lab/users/daniel/input-representation-benchmark/outputs/runs/tokenized/mimiciv-3.1_meds_70-10-20/deciles_none_unfused_time_tokens_first_24h-tokenized/test/tokens_timelines_extended_outcomes.parquet
exp1_additional_binary,classification,hemodialysis_initiation,trentiles_10_10_10_fused,ece_15,False,63617,0.0006699776570699,0.0003799149525217,0.0013270471842705,/gpfs/data/bbj-lab/users/daniel/input-representation-benchmark/outputs/runs/tokenized/mimiciv-3.1_meds_70-10-20/trentiles_10-10-10_fused_time_tokens_first_24h-tokenized/test/logistic_regression-preds-checkpoint-37000.pkl,/gpfs/data/bbj-lab/users/daniel/input-representation-benchmark/outputs/runs/tokenized/mimiciv-3.1_meds_70-10-20/trentiles_10-10-10_fused_time_tokens_first_24h-tokenized/test/tokens_timelines_extended_outcomes.parquet
exp1_additional_binary,classification,hemodialysis_initiation,trentiles_10_10_10_unfused,ece_15,False,63617,0.0005999425754423,0.0003902812554222,0.0012301948873551,/gpfs/data/bbj-lab/users/daniel/input-representation-benchmark/outputs/runs/tokenized/mimiciv-3.1_meds_70-10-20/trentiles_10-10-10_unfused_time_tokens_first_24h-tokenized/test/logistic_regression-preds-checkpoint-10000.pkl,/gpfs/data/bbj-lab/users/daniel/input-representation-benchmark/outputs/runs/tokenized/mimiciv-3.1_meds_70-10-20/trentiles_10-10-10_unfused_time_tokens_first_24h-tokenized/test/tokens_timelines_extended_outcomes.parquet
exp1_additional_binary,classification,hemodialysis_initiation,trentiles_fused,ece_15,False,63617,0.0006406858843018,0.0003501250729411,0.0012935554372497,/gpfs/data/bbj-lab/users/daniel/input-representation-benchmark/outputs/runs/tokenized/mimiciv-3.1_meds_70-10-20/trentiles_none_fused_time_tokens_first_24h-tokenized/test/logistic_regression-preds-checkpoint-37000.pkl,/gpfs/data/bbj-lab/users/daniel/input-representation-benchmark/outputs/runs/tokenized/mimiciv-3.1_meds_70-10-20/trentiles_none_fused_time_tokens_first_24h-tokenized/test/tokens_timelines_extended_outcomes.parquet
exp1_additional_binary,classification,hemodialysis_initiation,trentiles_unfused,ece_15,False,63617,0.0004082625479316,0.0003583117990833,0.001052911933472,/gpfs/data/bbj-lab/users/daniel/input-representation-benchmark/outputs/runs/tokenized/mimiciv-3.1_meds_70-10-20/trentiles_none_unfused_time_tokens_first_24h-tokenized/test/logistic_regression-preds-checkpoint-37000.pkl,/gpfs/data/bbj-lab/users/daniel/input-representation-benchmark/outputs/runs/tokenized/mimiciv-3.1_meds_70-10-20/trentiles_none_unfused_time_tokens_first_24h-tokenized/test/tokens_timelines_extended_outcomes.parquet
exp1_additional_binary,classification,hemodialysis_initiation,ventiles_5_10_5_fused,ece_15,False,63617,0.0007761107303125,0.0004280356994574,0.001396931014969,/gpfs/data/bbj-lab/users/daniel/input-representation-benchmark/outputs/runs/tokenized/mimiciv-3.1_meds_70-10-20/ventiles_5-10-5_fused_time_tokens_first_24h-tokenized/test/logistic_regression-preds-checkpoint-37000.pkl,/gpfs/data/bbj-lab/users/daniel/input-representation-benchmark/outputs/runs/tokenized/mimiciv-3.1_meds_70-10-20/ventiles_5-10-5_fused_time_tokens_first_24h-tokenized/test/tokens_timelines_extended_outcomes.parquet
exp1_additional_binary,classification,hemodialysis_initiation,ventiles_5_10_5_unfused,ece_15,False,63617,0.000687751196318,0.0003637147759455,0.0013175069774291,/gpfs/data/bbj-lab/users/daniel/input-representation-benchmark/outputs/runs/tokenized/mimiciv-3.1_meds_70-10-20/ventiles_5-10-5_unfused_time_tokens_first_24h-tokenized/test/logistic_regression-preds-checkpoint-37000.pkl,/gpfs/data/bbj-lab/users/daniel/input-representation-benchmark/outputs/runs/tokenized/mimiciv-3.1_meds_70-10-20/ventiles_5-10-5_unfused_time_tokens_first_24h-tokenized/test/tokens_timelines_extended_outcomes.parquet
exp1_additional_binary,classification,hemodialysis_initiation,ventiles_fused,ece_15,False,63617,0.0004490612826946,0.000261359414066,0.0011009362195202,/gpfs/data/bbj-lab/users/daniel/input-representation-benchmark/outputs/runs/tokenized/mimiciv-3.1_meds_70-10-20/ventiles_none_fused_time_tokens_first_24h-tokenized/test/logistic_regression-preds-checkpoint-37000.pkl,/gpfs/data/bbj-lab/users/daniel/input-representation-benchmark/outputs/runs/tokenized/mimiciv-3.1_meds_70-10-20/ventiles_none_fused_time_tokens_first_24h-tokenized/test/tokens_timelines_extended_outcomes.parquet
exp1_additional_binary,classification,hemodialysis_initiation,ventiles_unfused,ece_15,False,63617,0.0008496884925156,0.0004514502476807,0.0014014542877515,/gpfs/data/bbj-lab/users/daniel/input-representation-benchmark/outputs/runs/tokenized/mimiciv-3.1_meds_70-10-20/ventiles_none_unfused_time_tokens_first_24h-tokenized/test/logistic_regression-preds-checkpoint-37000.pkl,/gpfs/data/bbj-lab/users/daniel/input-representation-benchmark/outputs/runs/tokenized/mimiciv-3.1_meds_70-10-20/ventiles_none_unfused_time_tokens_first_24h-tokenized/test/tokens_timelines_extended_outcomes.parquet
exp1_additional_binary,classification,hemodialysis_initiation,centiles_fused,pr_auc,True,63617,0.1763729882831458,0.1415216955195167,0.2210259232299222,/gpfs/data/bbj-lab/users/daniel/input-representation-benchmark/outputs/runs/tokenized/mimiciv-3.1_meds_70-10-20/centiles_none_fused_time_tokens_first_24h-tokenized/test/logistic_regression-preds-checkpoint-16500.pkl,/gpfs/data/bbj-lab/users/daniel/input-representation-benchmark/outputs/runs/tokenized/mimiciv-3.1_meds_70-10-20/centiles_none_fused_time_tokens_first_24h-tokenized/test/tokens_timelines_extended_outcomes.parquet
exp1_additional_binary,classification,hemodialysis_initiation,centiles_unfused,pr_auc,True,63617,0.1970954547814236,0.1575837609994616,0.2400527688435423,/gpfs/data/bbj-lab/users/daniel/input-representation-benchmark/outputs/runs/tokenized/mimiciv-3.1_meds_70-10-20/centiles_none_unfused_time_tokens_first_24h-tokenized/test/logistic_regression-preds-checkpoint-37000.pkl,/gpfs/data/bbj-lab/users/daniel/input-representation-benchmark/outputs/runs/tokenized/mimiciv-3.1_meds_70-10-20/centiles_none_unfused_time_tokens_first_24h-tokenized/test/tokens_timelines_extended_outcomes.parquet
exp1_additional_binary,classification,hemodialysis_initiation,deciles_fused,pr_auc,True,63617,0.2034440408331712,0.1641487243731423,0.252461676323838,/gpfs/data/bbj-lab/users/daniel/input-representation-benchmark/outputs/runs/tokenized/mimiciv-3.1_meds_70-10-20/deciles_none_fused_time_tokens_first_24h-tokenized/test/logistic_regression-preds-checkpoint-17000.pkl,/gpfs/data/bbj-lab/users/daniel/input-representation-benchmark/outputs/runs/tokenized/mimiciv-3.1_meds_70-10-20/deciles_none_fused_time_tokens_first_24h-tokenized/test/tokens_timelines_extended_outcomes.parquet
exp1_additional_binary,classification,hemodialysis_initiation,deciles_unfused,pr_auc,True,63617,0.1324344499237467,0.1043217023364807,0.1711022871111605,/gpfs/data/bbj-lab/users/daniel/input-representation-benchmark/outputs/runs/tokenized/mimiciv-3.1_meds_70-10-20/deciles_none_unfused_time_tokens_first_24h-tokenized/test/logistic_regression-preds-checkpoint-10000.pkl,/gpfs/data/bbj-lab/users/daniel/input-representation-benchmark/outputs/runs/tokenized/mimiciv-3.1_meds_70-10-20/deciles_none_unfused_time_tokens_first_24h-tokenized/test/tokens_timelines_extended_outcomes.parquet
exp1_additional_binary,classification,hemodialysis_initiation,trentiles_10_10_10_fused,pr_auc,True,63617,0.1932563993573543,0.1540613586883487,0.241847957928616,/gpfs/data/bbj-lab/users/daniel/input-representation-benchmark/outputs/runs/tokenized/mimiciv-3.1_meds_70-10-20/trentiles_10-10-10_fused_time_tokens_first_24h-tokenized/test/logistic_regression-preds-checkpoint-37000.pkl,/gpfs/data/bbj-lab/users/daniel/input-representation-benchmark/outputs/runs/tokenized/mimiciv-3.1_meds_70-10-20/trentiles_10-10-10_fused_time_tokens_first_24h-tokenized/test/tokens_timelines_extended_outcomes.parquet
exp1_additional_binary,classification,hemodialysis_initiation,trentiles_10_10_10_unfused,pr_auc,True,63617,0.1406528386097719,0.111042335303764,0.1805909840163573,/gpfs/data/bbj-lab/users/daniel/input-representation-benchmark/outputs/runs/tokenized/mimiciv-3.1_meds_70-10-20/trentiles_10-10-10_unfused_time_tokens_first_24h-tokenized/test/logistic_regression-preds-checkpoint-10000.pkl,/gpfs/data/bbj-lab/users/daniel/input-representation-benchmark/outputs/runs/tokenized/mimiciv-3.1_meds_70-10-20/trentiles_10-10-10_unfused_time_tokens_first_24h-tokenized/test/tokens_timelines_extended_outcomes.parquet
exp1_additional_binary,classification,hemodialysis_initiation,trentiles_fused,pr_auc,True,63617,0.2207598777832887,0.1793068544652336,0.2729867619831424,/gpfs/data/bbj-lab/users/daniel/input-representation-benchmark/outputs/runs/tokenized/mimiciv-3.1_meds_70-10-20/trentiles_none_fused_time_tokens_first_24h-tokenized/test/logistic_regression-preds-checkpoint-37000.pkl,/gpfs/data/bbj-lab/users/daniel/input-representation-benchmark/outputs/runs/tokenized/mimiciv-3.1_meds_70-10-20/trentiles_none_fused_time_tokens_first_24h-tokenized/test/tokens_timelines_extended_outcomes.parquet
exp1_additional_binary,classification,hemodialysis_initiation,trentiles_unfused,pr_auc,True,63617,0.1794599504273739,0.1454061541039958,0.2206084066912876,/gpfs/data/bbj-lab/users/daniel/input-representation-benchmark/outputs/runs/tokenized/mimiciv-3.1_meds_70-10-20/trentiles_none_unfused_time_tokens_first_24h-tokenized/test/logistic_regression-preds-checkpoint-37000.pkl,/gpfs/data/bbj-lab/users/daniel/input-representation-benchmark/outputs/runs/tokenized/mimiciv-3.1_meds_70-10-20/trentiles_none_unfused_time_tokens_first_24h-tokenized/test/tokens_timelines_extended_outcomes.parquet
exp1_additional_binary,classification,hemodialysis_initiation,ventiles_5_10_5_fused,pr_auc,True,63617,0.2022710535744927,0.1661394742463358,0.2486519019585865,/gpfs/data/bbj-lab/users/daniel/input-representation-benchmark/outputs/runs/tokenized/mimiciv-3.1_meds_70-10-20/ventiles_5-10-5_fused_time_tokens_first_24h-tokenized/test/logistic_regression-preds-checkpoint-37000.pkl,/gpfs/data/bbj-lab/users/daniel/input-representation-benchmark/outputs/runs/tokenized/mimiciv-3.1_meds_70-10-20/ventiles_5-10-5_fused_time_tokens_first_24h-tokenized/test/tokens_timelines_extended_outcomes.parquet
exp1_additional_binary,classification,hemodialysis_initiation,ventiles_5_10_5_unfused,pr_auc,True,63617,0.1911730491356795,0.1542696708321009,0.2393609515454591,/gpfs/data/bbj-lab/users/daniel/input-representation-benchmark/outputs/runs/tokenized/mimiciv-3.1_meds_70-10-20/ventiles_5-10-5_unfused_time_tokens_first_24h-tokenized/test/logistic_regression-preds-checkpoint-37000.pkl,/gpfs/data/bbj-lab/users/daniel/input-representation-benchmark/outputs/runs/tokenized/mimiciv-3.1_meds_70-10-20/ventiles_5-10-5_unfused_time_tokens_first_24h-tokenized/test/tokens_timelines_extended_outcomes.parquet
exp1_additional_binary,classification,hemodialysis_initiation,ventiles_fused,pr_auc,True,63617,0.1878520327375762,0.1519519206129292,0.2333660159521048,/gpfs/data/bbj-lab/users/daniel/input-representation-benchmark/outputs/runs/tokenized/mimiciv-3.1_meds_70-10-20/ventiles_none_fused_time_tokens_first_24h-tokenized/test/logistic_regression-preds-checkpoint-37000.pkl,/gpfs/data/bbj-lab/users/daniel/input-representation-benchmark/outputs/runs/tokenized/mimiciv-3.1_meds_70-10-20/ventiles_none_fused_time_tokens_first_24h-tokenized/test/tokens_timelines_extended_outcomes.parquet
exp1_additional_binary,classification,hemodialysis_initiation,ventiles_unfused,pr_auc,True,63617,0.1881425917491539,0.1510531070562316,0.2349389573560432,/gpfs/data/bbj-lab/users/daniel/input-representation-benchmark/outputs/runs/tokenized/mimiciv-3.1_meds_70-10-20/ventiles_none_unfused_time_tokens_first_24h-tokenized/test/logistic_regression-preds-checkpoint-37000.pkl,/gpfs/data/bbj-lab/users/daniel/input-representation-benchmark/outputs/runs/tokenized/mimiciv-3.1_meds_70-10-20/ventiles_none_unfused_time_tokens_first_24h-tokenized/test/tokens_timelines_extended_outcomes.parquet
exp1_additional_binary,classification,hemodialysis_initiation,centiles_fused,roc_auc,True,63617,0.9436429833718968,0.9322982795815984,0.9540274885185098,/gpfs/data/bbj-lab/users/daniel/input-representation-benchmark/outputs/runs/tokenized/mimiciv-3.1_meds_70-10-20/centiles_none_fused_time_tokens_first_24h-tokenized/test/logistic_regression-preds-checkpoint-16500.pkl,/gpfs/data/bbj-lab/users/daniel/input-representation-benchmark/outputs/runs/tokenized/mimiciv-3.1_meds_70-10-20/centiles_none_fused_time_tokens_first_24h-tokenized/test/tokens_timelines_extended_outcomes.parquet
exp1_additional_binary,classification,hemodialysis_initiation,centiles_unfused,roc_auc,True,63617,0.9441924814238796,0.9318914739557644,0.9551168637928714,/gpfs/data/bbj-lab/users/daniel/input-representation-benchmark/outputs/runs/tokenized/mimiciv-3.1_meds_70-10-20/centiles_none_unfused_time_tokens_first_24h-tokenized/test/logistic_regression-preds-checkpoint-37000.pkl,/gpfs/data/bbj-lab/users/daniel/input-representation-benchmark/outputs/runs/tokenized/mimiciv-3.1_meds_70-10-20/centiles_none_unfused_time_tokens_first_24h-tokenized/test/tokens_timelines_extended_outcomes.parquet
exp1_additional_binary,classification,hemodialysis_initiation,deciles_fused,roc_auc,True,63617,0.9499672773956525,0.9392995559312948,0.9598041060337794,/gpfs/data/bbj-lab/users/daniel/input-representation-benchmark/outputs/runs/tokenized/mimiciv-3.1_meds_70-10-20/deciles_none_fused_time_tokens_first_24h-tokenized/test/logistic_regression-preds-checkpoint-17000.pkl,/gpfs/data/bbj-lab/users/daniel/input-representation-benchmark/outputs/runs/tokenized/mimiciv-3.1_meds_70-10-20/deciles_none_fused_time_tokens_first_24h-tokenized/test/tokens_timelines_extended_outcomes.parquet
exp1_additional_binary,classification,hemodialysis_initiation,deciles_unfused,roc_auc,True,63617,0.924095178156918,0.9101678218658016,0.937152627105898,/gpfs/data/bbj-lab/users/daniel/input-representation-benchmark/outputs/runs/tokenized/mimiciv-3.1_meds_70-10-20/deciles_none_unfused_time_tokens_first_24h-tokenized/test/logistic_regression-preds-checkpoint-10000.pkl,/gpfs/data/bbj-lab/users/daniel/input-representation-benchmark/outputs/runs/tokenized/mimiciv-3.1_meds_70-10-20/deciles_none_unfused_time_tokens_first_24h-tokenized/test/tokens_timelines_extended_outcomes.parquet
exp1_additional_binary,classification,hemodialysis_initiation,trentiles_10_10_10_fused,roc_auc,True,63617,0.94377350194151,0.9321707470463598,0.954270966279217,/gpfs/data/bbj-lab/users/daniel/input-representation-benchmark/outputs/runs/tokenized/mimiciv-3.1_meds_70-10-20/trentiles_10-10-10_fused_time_tokens_first_24h-tokenized/test/logistic_regression-preds-checkpoint-37000.pkl,/gpfs/data/bbj-lab/users/daniel/input-representation-benchmark/outputs/runs/tokenized/mimiciv-3.1_meds_70-10-20/trentiles_10-10-10_fused_time_tokens_first_24h-tokenized/test/tokens_timelines_extended_outcomes.parquet
exp1_additional_binary,classification,hemodialysis_initiation,trentiles_10_10_10_unfused,roc_auc,True,63617,0.9292721358657406,0.916566240170884,0.9408008437455506,/gpfs/data/bbj-lab/users/daniel/input-representation-benchmark/outputs/runs/tokenized/mimiciv-3.1_meds_70-10-20/trentiles_10-10-10_unfused_time_tokens_first_24h-tokenized/test/logistic_regression-preds-checkpoint-10000.pkl,/gpfs/data/bbj-lab/users/daniel/input-representation-benchmark/outputs/runs/tokenized/mimiciv-3.1_meds_70-10-20/trentiles_10-10-10_unfused_time_tokens_first_24h-tokenized/test/tokens_timelines_extended_outcomes.parquet
exp1_additional_binary,classification,hemodialysis_initiation,trentiles_fused,roc_auc,True,63617,0.9502540185124416,0.940496376843228,0.959175891829425,/gpfs/data/bbj-lab/users/daniel/input-representation-benchmark/outputs/runs/tokenized/mimiciv-3.1_meds_70-10-20/trentiles_none_fused_time_tokens_first_24h-tokenized/test/logistic_regression-preds-checkpoint-37000.pkl,/gpfs/data/bbj-lab/users/daniel/input-representation-benchmark/outputs/runs/tokenized/mimiciv-3.1_meds_70-10-20/trentiles_none_fused_time_tokens_first_24h-tokenized/test/tokens_timelines_extended_outcomes.parquet
exp1_additional_binary,classification,hemodialysis_initiation,trentiles_unfused,roc_auc,True,63617,0.9401437563504628,0.9260556336406276,0.9528453116095243,/gpfs/data/bbj-lab/users/daniel/input-representation-benchmark/outputs/runs/tokenized/mimiciv-3.1_meds_70-10-20/trentiles_none_unfused_time_tokens_first_24h-tokenized/test/logistic_regression-preds-checkpoint-37000.pkl,/gpfs/data/bbj-lab/users/daniel/input-representation-benchmark/outputs/runs/tokenized/mimiciv-3.1_meds_70-10-20/trentiles_none_unfused_time_tokens_first_24h-tokenized/test/tokens_timelines_extended_outcomes.parquet
exp1_additional_binary,classification,hemodialysis_initiation,ventiles_5_10_5_fused,roc_auc,True,63617,0.9473543030689526,0.9361692989871324,0.957460457647167,/gpfs/data/bbj-lab/users/daniel/input-representation-benchmark/outputs/runs/tokenized/mimiciv-3.1_meds_70-10-20/ventiles_5-10-5_fused_time_tokens_first_24h-tokenized/test/logistic_regression-preds-checkpoint-37000.pkl,/gpfs/data/bbj-lab/users/daniel/input-representation-benchmark/outputs/runs/tokenized/mimiciv-3.1_meds_70-10-20/ventiles_5-10-5_fused_time_tokens_first_24h-tokenized/test/tokens_timelines_extended_outcomes.parquet
exp1_additional_binary,classification,hemodialysis_initiation,ventiles_5_10_5_unfused,roc_auc,True,63617,0.9469322558424258,0.9358271700922106,0.956962959554714,/gpfs/data/bbj-lab/users/daniel/input-representation-benchmark/outputs/runs/tokenized/mimiciv-3.1_meds_70-10-20/ventiles_5-10-5_unfused_time_tokens_first_24h-tokenized/test/logistic_regression-preds-checkpoint-37000.pkl,/gpfs/data/bbj-lab/users/daniel/input-representation-benchmark/outputs/runs/tokenized/mimiciv-3.1_meds_70-10-20/ventiles_5-10-5_unfused_time_tokens_first_24h-tokenized/test/tokens_timelines_extended_outcomes.parquet
exp1_additional_binary,classification,hemodialysis_initiation,ventiles_fused,roc_auc,True,63617,0.9492247438666034,0.939619275123154,0.9586724464606404,/gpfs/data/bbj-lab/users/daniel/input-representation-benchmark/outputs/runs/tokenized/mimiciv-3.1_meds_70-10-20/ventiles_none_fused_time_tokens_first_24h-tokenized/test/logistic_regression-preds-checkpoint-37000.pkl,/gpfs/data/bbj-lab/users/daniel/input-representation-benchmark/outputs/runs/tokenized/mimiciv-3.1_meds_70-10-20/ventiles_none_fused_time_tokens_first_24h-tokenized/test/tokens_timelines_extended_outcomes.parquet
exp1_additional_binary,classification,hemodialysis_initiation,ventiles_unfused,roc_auc,True,63617,0.9469541948612497,0.9365039829468856,0.9563335047229472,/gpfs/data/bbj-lab/users/daniel/input-representation-benchmark/outputs/runs/tokenized/mimiciv-3.1_meds_70-10-20/ventiles_none_unfused_time_tokens_first_24h-tokenized/test/logistic_regression-preds-checkpoint-37000.pkl,/gpfs/data/bbj-lab/users/daniel/input-representation-benchmark/outputs/runs/tokenized/mimiciv-3.1_meds_70-10-20/ventiles_none_unfused_time_tokens_first_24h-tokenized/test/tokens_timelines_extended_outcomes.parquet
exp1_additional_binary,classification,hyperkalemia,centiles_fused,brier,False,47454,0.0125958469965578,0.011635827957173,0.0135473625883161,/gpfs/data/bbj-lab/users/daniel/input-representation-benchmark/outputs/runs/tokenized/mimiciv-3.1_meds_70-10-20/centiles_none_fused_time_tokens_first_24h-tokenized/test/logistic_regression-preds-checkpoint-16500.pkl,/gpfs/data/bbj-lab/users/daniel/input-representation-benchmark/outputs/runs/tokenized/mimiciv-3.1_meds_70-10-20/centiles_none_fused_time_tokens_first_24h-tokenized/test/tokens_timelines_extended_outcomes.parquet
exp1_additional_binary,classification,hyperkalemia,centiles_unfused,brier,False,47454,0.012583627358104,0.0116503917057543,0.0135776858825587,/gpfs/data/bbj-lab/users/daniel/input-representation-benchmark/outputs/runs/tokenized/mimiciv-3.1_meds_70-10-20/centiles_none_unfused_time_tokens_first_24h-tokenized/test/logistic_regression-preds-checkpoint-37000.pkl,/gpfs/data/bbj-lab/users/daniel/input-representation-benchmark/outputs/runs/tokenized/mimiciv-3.1_meds_70-10-20/centiles_none_unfused_time_tokens_first_24h-tokenized/test/tokens_timelines_extended_outcomes.parquet
exp1_additional_binary,classification,hyperkalemia,deciles_fused,brier,False,47454,0.0125802508854821,0.011615114901179,0.0135430417853581,/gpfs/data/bbj-lab/users/daniel/input-representation-benchmark/outputs/runs/tokenized/mimiciv-3.1_meds_70-10-20/deciles_none_fused_time_tokens_first_24h-tokenized/test/logistic_regression-preds-checkpoint-17000.pkl,/gpfs/data/bbj-lab/users/daniel/input-representation-benchmark/outputs/runs/tokenized/mimiciv-3.1_meds_70-10-20/deciles_none_fused_time_tokens_first_24h-tokenized/test/tokens_timelines_extended_outcomes.parquet
exp1_additional_binary,classification,hyperkalemia,deciles_unfused,brier,False,47454,0.0125882730178224,0.0116481185803003,0.0135787669360939,/gpfs/data/bbj-lab/users/daniel/input-representation-benchmark/outputs/runs/tokenized/mimiciv-3.1_meds_70-10-20/deciles_none_unfused_time_tokens_first_24h-tokenized/test/logistic_regression-preds-checkpoint-10000.pkl,/gpfs/data/bbj-lab/users/daniel/input-representation-benchmark/outputs/runs/tokenized/mimiciv-3.1_meds_70-10-20/deciles_none_unfused_time_tokens_first_24h-tokenized/test/tokens_timelines_extended_outcomes.parquet
exp1_additional_binary,classification,hyperkalemia,trentiles_10_10_10_fused,brier,False,47454,0.0125767458459788,0.0116292412351131,0.0135492647891346,/gpfs/data/bbj-lab/users/daniel/input-representation-benchmark/outputs/runs/tokenized/mimiciv-3.1_meds_70-10-20/trentiles_10-10-10_fused_time_tokens_first_24h-tokenized/test/logistic_regression-preds-checkpoint-37000.pkl,/gpfs/data/bbj-lab/users/daniel/input-representation-benchmark/outputs/runs/tokenized/mimiciv-3.1_meds_70-10-20/trentiles_10-10-10_fused_time_tokens_first_24h-tokenized/test/tokens_timelines_extended_outcomes.parquet
exp1_additional_binary,classification,hyperkalemia,trentiles_10_10_10_unfused,brier,False,47454,0.0126212947419646,0.0116782475355531,0.0136277256520318,/gpfs/data/bbj-lab/users/daniel/input-representation-benchmark/outputs/runs/tokenized/mimiciv-3.1_meds_70-10-20/trentiles_10-10-10_unfused_time_tokens_first_24h-tokenized/test/logistic_regression-preds-checkpoint-10000.pkl,/gpfs/data/bbj-lab/users/daniel/input-representation-benchmark/outputs/runs/tokenized/mimiciv-3.1_meds_70-10-20/trentiles_10-10-10_unfused_time_tokens_first_24h-tokenized/test/tokens_timelines_extended_outcomes.parquet
exp1_additional_binary,classification,hyperkalemia,trentiles_fused,brier,False,47454,0.0125620263543868,0.01160314863871,0.0135237464600697,/gpfs/data/bbj-lab/users/daniel/input-representation-benchmark/outputs/runs/tokenized/mimiciv-3.1_meds_70-10-20/trentiles_none_fused_time_tokens_first_24h-tokenized/test/logistic_regression-preds-checkpoint-37000.pkl,/gpfs/data/bbj-lab/users/daniel/input-representation-benchmark/outputs/runs/tokenized/mimiciv-3.1_meds_70-10-20/trentiles_none_fused_time_tokens_first_24h-tokenized/test/tokens_timelines_extended_outcomes.parquet
exp1_additional_binary,classification,hyperkalemia,trentiles_unfused,brier,False,47454,0.0125955742773797,0.0116504672557975,0.0136057780322228,/gpfs/data/bbj-lab/users/daniel/input-representation-benchmark/outputs/runs/tokenized/mimiciv-3.1_meds_70-10-20/trentiles_none_unfused_time_tokens_first_24h-tokenized/test/logistic_regression-preds-checkpoint-37000.pkl,/gpfs/data/bbj-lab/users/daniel/input-representation-benchmark/outputs/runs/tokenized/mimiciv-3.1_meds_70-10-20/trentiles_none_unfused_time_tokens_first_24h-tokenized/test/tokens_timelines_extended_outcomes.parquet
exp1_additional_binary,classification,hyperkalemia,ventiles_5_10_5_fused,brier,False,47454,0.0125650979369628,0.0116088843132022,0.0135251840964275,/gpfs/data/bbj-lab/users/daniel/input-representation-benchmark/outputs/runs/tokenized/mimiciv-3.1_meds_70-10-20/ventiles_5-10-5_fused_time_tokens_first_24h-tokenized/test/logistic_regression-preds-checkpoint-37000.pkl,/gpfs/data/bbj-lab/users/daniel/input-representation-benchmark/outputs/runs/tokenized/mimiciv-3.1_meds_70-10-20/ventiles_5-10-5_fused_time_tokens_first_24h-tokenized/test/tokens_timelines_extended_outcomes.parquet
exp1_additional_binary,classification,hyperkalemia,ventiles_5_10_5_unfused,brier,False,47454,0.0125907020188188,0.0116604189149868,0.0135836513706792,/gpfs/data/bbj-lab/users/daniel/input-representation-benchmark/outputs/runs/tokenized/mimiciv-3.1_meds_70-10-20/ventiles_5-10-5_unfused_time_tokens_first_24h-tokenized/test/logistic_regression-preds-checkpoint-37000.pkl,/gpfs/data/bbj-lab/users/daniel/input-representation-benchmark/outputs/runs/tokenized/mimiciv-3.1_meds_70-10-20/ventiles_5-10-5_unfused_time_tokens_first_24h-tokenized/test/tokens_timelines_extended_outcomes.parquet
exp1_additional_binary,classification,hyperkalemia,ventiles_fused,brier,False,47454,0.0125802305509181,0.0116163210815425,0.013539608996256,/gpfs/data/bbj-lab/users/daniel/input-representation-benchmark/outputs/runs/tokenized/mimiciv-3.1_meds_70-10-20/ventiles_none_fused_time_tokens_first_24h-tokenized/test/logistic_regression-preds-checkpoint-37000.pkl,/gpfs/data/bbj-lab/users/daniel/input-representation-benchmark/outputs/runs/tokenized/mimiciv-3.1_meds_70-10-20/ventiles_none_fused_time_tokens_first_24h-tokenized/test/tokens_timelines_extended_outcomes.parquet
exp1_additional_binary,classification,hyperkalemia,ventiles_unfused,brier,False,47454,0.0125573130154075,0.0116124962063639,0.013561146149614,/gpfs/data/bbj-lab/users/daniel/input-representation-benchmark/outputs/runs/tokenized/mimiciv-3.1_meds_70-10-20/ventiles_none_unfused_time_tokens_first_24h-tokenized/test/logistic_regression-preds-checkpoint-37000.pkl,/gpfs/data/bbj-lab/users/daniel/input-representation-benchmark/outputs/runs/tokenized/mimiciv-3.1_meds_70-10-20/ventiles_none_unfused_time_tokens_first_24h-tokenized/test/tokens_timelines_extended_outcomes.parquet
exp1_additional_binary,classification,hyperkalemia,centiles_fused,ece_15,False,47454,0.0030160183499932,0.0025303886136198,0.0042297100797019,/gpfs/data/bbj-lab/users/daniel/input-representation-benchmark/outputs/runs/tokenized/mimiciv-3.1_meds_70-10-20/centiles_none_fused_time_tokens_first_24h-tokenized/test/logistic_regression-preds-checkpoint-16500.pkl,/gpfs/data/bbj-lab/users/daniel/input-representation-benchmark/outputs/runs/tokenized/mimiciv-3.1_meds_70-10-20/centiles_none_fused_time_tokens_first_24h-tokenized/test/tokens_timelines_extended_outcomes.parquet
exp1_additional_binary,classification,hyperkalemia,centiles_unfused,ece_15,False,47454,0.0027286160689579,0.0023074273623282,0.0040358335454147,/gpfs/data/bbj-lab/users/daniel/input-representation-benchmark/outputs/runs/tokenized/mimiciv-3.1_meds_70-10-20/centiles_none_unfused_time_tokens_first_24h-tokenized/test/logistic_regression-preds-checkpoint-37000.pkl,/gpfs/data/bbj-lab/users/daniel/input-representation-benchmark/outputs/runs/tokenized/mimiciv-3.1_meds_70-10-20/centiles_none_unfused_time_tokens_first_24h-tokenized/test/tokens_timelines_extended_outcomes.parquet
exp1_additional_binary,classification,hyperkalemia,deciles_fused,ece_15,False,47454,0.0025045579881079,0.0020287264030183,0.003850496212198,/gpfs/data/bbj-lab/users/daniel/input-representation-benchmark/outputs/runs/tokenized/mimiciv-3.1_meds_70-10-20/deciles_none_fused_time_tokens_first_24h-tokenized/test/logistic_regression-preds-checkpoint-17000.pkl,/gpfs/data/bbj-lab/users/daniel/input-representation-benchmark/outputs/runs/tokenized/mimiciv-3.1_meds_70-10-20/deciles_none_fused_time_tokens_first_24h-tokenized/test/tokens_timelines_extended_outcomes.parquet
exp1_additional_binary,classification,hyperkalemia,deciles_unfused,ece_15,False,47454,0.0025372877560101,0.002165037002548,0.00394235538025,/gpfs/data/bbj-lab/users/daniel/input-representation-benchmark/outputs/runs/tokenized/mimiciv-3.1_meds_70-10-20/deciles_none_unfused_time_tokens_first_24h-tokenized/test/logistic_regression-preds-checkpoint-10000.pkl,/gpfs/data/bbj-lab/users/daniel/input-representation-benchmark/outputs/runs/tokenized/mimiciv-3.1_meds_70-10-20/deciles_none_unfused_time_tokens_first_24h-tokenized/test/tokens_timelines_extended_outcomes.parquet
exp1_additional_binary,classification,hyperkalemia,trentiles_10_10_10_fused,ece_15,False,47454,0.0029823131437118,0.002415781108405,0.0041993233591099,/gpfs/data/bbj-lab/users/daniel/input-representation-benchmark/outputs/runs/tokenized/mimiciv-3.1_meds_70-10-20/trentiles_10-10-10_fused_time_tokens_first_24h-tokenized/test/logistic_regression-preds-checkpoint-37000.pkl,/gpfs/data/bbj-lab/users/daniel/input-representation-benchmark/outputs/runs/tokenized/mimiciv-3.1_meds_70-10-20/trentiles_10-10-10_fused_time_tokens_first_24h-tokenized/test/tokens_timelines_extended_outcomes.parquet
exp1_additional_binary,classification,hyperkalemia,trentiles_10_10_10_unfused,ece_15,False,47454,0.0028447339227283,0.0024757571216347,0.0042109408593817,/gpfs/data/bbj-lab/users/daniel/input-representation-benchmark/outputs/runs/tokenized/mimiciv-3.1_meds_70-10-20/trentiles_10-10-10_unfused_time_tokens_first_24h-tokenized/test/logistic_regression-preds-checkpoint-10000.pkl,/gpfs/data/bbj-lab/users/daniel/input-representation-benchmark/outputs/runs/tokenized/mimiciv-3.1_meds_70-10-20/trentiles_10-10-10_unfused_time_tokens_first_24h-tokenized/test/tokens_timelines_extended_outcomes.parquet
exp1_additional_binary,classification,hyperkalemia,trentiles_fused,ece_15,False,47454,0.0027058669094661,0.002203427492373,0.0039845896816841,/gpfs/data/bbj-lab/users/daniel/input-representation-benchmark/outputs/runs/tokenized/mimiciv-3.1_meds_70-10-20/trentiles_none_fused_time_tokens_first_24h-tokenized/test/logistic_regression-preds-checkpoint-37000.pkl,/gpfs/data/bbj-lab/users/daniel/input-representation-benchmark/outputs/runs/tokenized/mimiciv-3.1_meds_70-10-20/trentiles_none_fused_time_tokens_first_24h-tokenized/test/tokens_timelines_extended_outcomes.parquet
exp1_additional_binary,classification,hyperkalemia,trentiles_unfused,ece_15,False,47454,0.002977954582409,0.0025320445559502,0.0042510885754204,/gpfs/data/bbj-lab/users/daniel/input-representation-benchmark/outputs/runs/tokenized/mimiciv-3.1_meds_70-10-20/trentiles_none_unfused_time_tokens_first_24h-tokenized/test/logistic_regression-preds-checkpoint-37000.pkl,/gpfs/data/bbj-lab/users/daniel/input-representation-benchmark/outputs/runs/tokenized/mimiciv-3.1_meds_70-10-20/trentiles_none_unfused_time_tokens_first_24h-tokenized/test/tokens_timelines_extended_outcomes.parquet
exp1_additional_binary,classification,hyperkalemia,ventiles_5_10_5_fused,ece_15,False,47454,0.0023613001908218,0.0020390668794977,0.0036966766496707,/gpfs/data/bbj-lab/users/daniel/input-representation-benchmark/outputs/runs/tokenized/mimiciv-3.1_meds_70-10-20/ventiles_5-10-5_fused_time_tokens_first_24h-tokenized/test/logistic_regression-preds-checkpoint-37000.pkl,/gpfs/data/bbj-lab/users/daniel/input-representation-benchmark/outputs/runs/tokenized/mimiciv-3.1_meds_70-10-20/ventiles_5-10-5_fused_time_tokens_first_24h-tokenized/test/tokens_timelines_extended_outcomes.parquet
exp1_additional_binary,classification,hyperkalemia,ventiles_5_10_5_unfused,ece_15,False,47454,0.0025303900961656,0.0021489274659051,0.0038929228332724,/gpfs/data/bbj-lab/users/daniel/input-representation-benchmark/outputs/runs/tokenized/mimiciv-3.1_meds_70-10-20/ventiles_5-10-5_unfused_time_tokens_first_24h-tokenized/test/logistic_regression-preds-checkpoint-37000.pkl,/gpfs/data/bbj-lab/users/daniel/input-representation-benchmark/outputs/runs/tokenized/mimiciv-3.1_meds_70-10-20/ventiles_5-10-5_unfused_time_tokens_first_24h-tokenized/test/tokens_timelines_extended_outcomes.parquet
exp1_additional_binary,classification,hyperkalemia,ventiles_fused,ece_15,False,47454,0.0022652321054044,0.0019796100293147,0.0036164288161148,/gpfs/data/bbj-lab/users/daniel/input-representation-benchmark/outputs/runs/tokenized/mimiciv-3.1_meds_70-10-20/ventiles_none_fused_time_tokens_first_24h-tokenized/test/logistic_regression-preds-checkpoint-37000.pkl,/gpfs/data/bbj-lab/users/daniel/input-representation-benchmark/outputs/runs/tokenized/mimiciv-3.1_meds_70-10-20/ventiles_none_fused_time_tokens_first_24h-tokenized/test/tokens_timelines_extended_outcomes.parquet
exp1_additional_binary,classification,hyperkalemia,ventiles_unfused,ece_15,False,47454,0.0030173723765874,0.0025064851109266,0.0042783320223015,/gpfs/data/bbj-lab/users/daniel/input-representation-benchmark/outputs/runs/tokenized/mimiciv-3.1_meds_70-10-20/ventiles_none_unfused_time_tokens_first_24h-tokenized/test/logistic_regression-preds-checkpoint-37000.pkl,/gpfs/data/bbj-lab/users/daniel/input-representation-benchmark/outputs/runs/tokenized/mimiciv-3.1_meds_70-10-20/ventiles_none_unfused_time_tokens_first_24h-tokenized/test/tokens_timelines_extended_outcomes.parquet
exp1_additional_binary,classification,hyperkalemia,centiles_fused,pr_auc,True,47454,0.0434902046416346,0.0365950899626771,0.054032617067061,/gpfs/data/bbj-lab/users/daniel/input-representation-benchmark/outputs/runs/tokenized/mimiciv-3.1_meds_70-10-20/centiles_none_fused_time_tokens_first_24h-tokenized/test/logistic_regression-preds-checkpoint-16500.pkl,/gpfs/data/bbj-lab/users/daniel/input-representation-benchmark/outputs/runs/tokenized/mimiciv-3.1_meds_70-10-20/centiles_none_fused_time_tokens_first_24h-tokenized/test/tokens_timelines_extended_outcomes.parquet
exp1_additional_binary,classification,hyperkalemia,centiles_unfused,pr_auc,True,47454,0.044606575327664,0.0364398815417382,0.0576023093611099,/gpfs/data/bbj-lab/users/daniel/input-representation-benchmark/outputs/runs/tokenized/mimiciv-3.1_meds_70-10-20/centiles_none_unfused_time_tokens_first_24h-tokenized/test/logistic_regression-preds-checkpoint-37000.pkl,/gpfs/data/bbj-lab/users/daniel/input-representation-benchmark/outputs/runs/tokenized/mimiciv-3.1_meds_70-10-20/centiles_none_unfused_time_tokens_first_24h-tokenized/test/tokens_timelines_extended_outcomes.parquet
exp1_additional_binary,classification,hyperkalemia,deciles_fused,pr_auc,True,47454,0.0436795446118546,0.0363396810048601,0.0545681921663579,/gpfs/data/bbj-lab/users/daniel/input-representation-benchmark/outputs/runs/tokenized/mimiciv-3.1_meds_70-10-20/deciles_none_fused_time_tokens_first_24h-tokenized/test/logistic_regression-preds-checkpoint-17000.pkl,/gpfs/data/bbj-lab/users/daniel/input-representation-benchmark/outputs/runs/tokenized/mimiciv-3.1_meds_70-10-20/deciles_none_fused_time_tokens_first_24h-tokenized/test/tokens_timelines_extended_outcomes.parquet
exp1_additional_binary,classification,hyperkalemia,deciles_unfused,pr_auc,True,47454,0.0415724923493817,0.0347118996015995,0.0516673118461188,/gpfs/data/bbj-lab/users/daniel/input-representation-benchmark/outputs/runs/tokenized/mimiciv-3.1_meds_70-10-20/deciles_none_unfused_time_tokens_first_24h-tokenized/test/logistic_regression-preds-checkpoint-10000.pkl,/gpfs/data/bbj-lab/users/daniel/input-representation-benchmark/outputs/runs/tokenized/mimiciv-3.1_meds_70-10-20/deciles_none_unfused_time_tokens_first_24h-tokenized/test/tokens_timelines_extended_outcomes.parquet
exp1_additional_binary,classification,hyperkalemia,trentiles_10_10_10_fused,pr_auc,True,47454,0.0442230932678629,0.0365156600619841,0.0557431192014556,/gpfs/data/bbj-lab/users/daniel/input-representation-benchmark/outputs/runs/tokenized/mimiciv-3.1_meds_70-10-20/trentiles_10-10-10_fused_time_tokens_first_24h-tokenized/test/logistic_regression-preds-checkpoint-37000.pkl,/gpfs/data/bbj-lab/users/daniel/input-representation-benchmark/outputs/runs/tokenized/mimiciv-3.1_meds_70-10-20/trentiles_10-10-10_fused_time_tokens_first_24h-tokenized/test/tokens_timelines_extended_outcomes.parquet
exp1_additional_binary,classification,hyperkalemia,trentiles_10_10_10_unfused,pr_auc,True,47454,0.0392077212980117,0.032578368470778,0.0492493548693547,/gpfs/data/bbj-lab/users/daniel/input-representation-benchmark/outputs/runs/tokenized/mimiciv-3.1_meds_70-10-20/trentiles_10-10-10_unfused_time_tokens_first_24h-tokenized/test/logistic_regression-preds-checkpoint-10000.pkl,/gpfs/data/bbj-lab/users/daniel/input-representation-benchmark/outputs/runs/tokenized/mimiciv-3.1_meds_70-10-20/trentiles_10-10-10_unfused_time_tokens_first_24h-tokenized/test/tokens_timelines_extended_outcomes.parquet
exp1_additional_binary,classification,hyperkalemia,trentiles_fused,pr_auc,True,47454,0.0451376317145754,0.0374140021705135,0.0562710760855275,/gpfs/data/bbj-lab/users/daniel/input-representation-benchmark/outputs/runs/tokenized/mimiciv-3.1_meds_70-10-20/trentiles_none_fused_time_tokens_first_24h-tokenized/test/logistic_regression-preds-checkpoint-37000.pkl,/gpfs/data/bbj-lab/users/daniel/input-representation-benchmark/outputs/runs/tokenized/mimiciv-3.1_meds_70-10-20/trentiles_none_fused_time_tokens_first_24h-tokenized/test/tokens_timelines_extended_outcomes.parquet
exp1_additional_binary,classification,hyperkalemia,trentiles_unfused,pr_auc,True,47454,0.0427727950824802,0.0353474643023371,0.0536736878778275,/gpfs/data/bbj-lab/users/daniel/input-representation-benchmark/outputs/runs/tokenized/mimiciv-3.1_meds_70-10-20/trentiles_none_unfused_time_tokens_first_24h-tokenized/test/logistic_regression-preds-checkpoint-37000.pkl,/gpfs/data/bbj-lab/users/daniel/input-representation-benchmark/outputs/runs/tokenized/mimiciv-3.1_meds_70-10-20/trentiles_none_unfused_time_tokens_first_24h-tokenized/test/tokens_timelines_extended_outcomes.parquet
exp1_additional_binary,classification,hyperkalemia,ventiles_5_10_5_fused,pr_auc,True,47454,0.0469426581316328,0.0392155504452891,0.0593824184825058,/gpfs/data/bbj-lab/users/daniel/input-representation-benchmark/outputs/runs/tokenized/mimiciv-3.1_meds_70-10-20/ventiles_5-10-5_fused_time_tokens_first_24h-tokenized/test/logistic_regression-preds-checkpoint-37000.pkl,/gpfs/data/bbj-lab/users/daniel/input-representation-benchmark/outputs/runs/tokenized/mimiciv-3.1_meds_70-10-20/ventiles_5-10-5_fused_time_tokens_first_24h-tokenized/test/tokens_timelines_extended_outcomes.parquet
exp1_additional_binary,classification,hyperkalemia,ventiles_5_10_5_unfused,pr_auc,True,47454,0.0439762211536171,0.0366271448924085,0.0547675560169471,/gpfs/data/bbj-lab/users/daniel/input-representation-benchmark/outputs/runs/tokenized/mimiciv-3.1_meds_70-10-20/ventiles_5-10-5_unfused_time_tokens_first_24h-tokenized/test/logistic_regression-preds-checkpoint-37000.pkl,/gpfs/data/bbj-lab/users/daniel/input-representation-benchmark/outputs/runs/tokenized/mimiciv-3.1_meds_70-10-20/ventiles_5-10-5_unfused_time_tokens_first_24h-tokenized/test/tokens_timelines_extended_outcomes.parquet
exp1_additional_binary,classification,hyperkalemia,ventiles_fused,pr_auc,True,47454,0.0469268443263505,0.0392837436481706,0.0592177091051544,/gpfs/data/bbj-lab/users/daniel/input-representation-benchmark/outputs/runs/tokenized/mimiciv-3.1_meds_70-10-20/ventiles_none_fused_time_tokens_first_24h-tokenized/test/logistic_regression-preds-checkpoint-37000.pkl,/gpfs/data/bbj-lab/users/daniel/input-representation-benchmark/outputs/runs/tokenized/mimiciv-3.1_meds_70-10-20/ventiles_none_fused_time_tokens_first_24h-tokenized/test/tokens_timelines_extended_outcomes.parquet
exp1_additional_binary,classification,hyperkalemia,ventiles_unfused,pr_auc,True,47454,0.0460087345281109,0.0374556115957818,0.0594711251128193,/gpfs/data/bbj-lab/users/daniel/input-representation-benchmark/outputs/runs/tokenized/mimiciv-3.1_meds_70-10-20/ventiles_none_unfused_time_tokens_first_24h-tokenized/test/logistic_regression-preds-checkpoint-37000.pkl,/gpfs/data/bbj-lab/users/daniel/input-representation-benchmark/outputs/runs/tokenized/mimiciv-3.1_meds_70-10-20/ventiles_none_unfused_time_tokens_first_24h-tokenized/test/tokens_timelines_extended_outcomes.parquet
exp1_additional_binary,classification,hyperkalemia,centiles_fused,roc_auc,True,47454,0.736333208052682,0.7164487794740261,0.757606928376853,/gpfs/data/bbj-lab/users/daniel/input-representation-benchmark/outputs/runs/tokenized/mimiciv-3.1_meds_70-10-20/centiles_none_fused_time_tokens_first_24h-tokenized/test/logistic_regression-preds-checkpoint-16500.pkl,/gpfs/data/bbj-lab/users/daniel/input-representation-benchmark/outputs/runs/tokenized/mimiciv-3.1_meds_70-10-20/centiles_none_fused_time_tokens_first_24h-tokenized/test/tokens_timelines_extended_outcomes.parquet
exp1_additional_binary,classification,hyperkalemia,centiles_unfused,roc_auc,True,47454,0.725356051465995,0.7045124971318399,0.7463905379553527,/gpfs/data/bbj-lab/users/daniel/input-representation-benchmark/outputs/runs/tokenized/mimiciv-3.1_meds_70-10-20/centiles_none_unfused_time_tokens_first_24h-tokenized/test/logistic_regression-preds-checkpoint-37000.pkl,/gpfs/data/bbj-lab/users/daniel/input-representation-benchmark/outputs/runs/tokenized/mimiciv-3.1_meds_70-10-20/centiles_none_unfused_time_tokens_first_24h-tokenized/test/tokens_timelines_extended_outcomes.parquet
exp1_additional_binary,classification,hyperkalemia,deciles_fused,roc_auc,True,47454,0.726482878541975,0.705175340145321,0.7463664964347199,/gpfs/data/bbj-lab/users/daniel/input-representation-benchmark/outputs/runs/tokenized/mimiciv-3.1_meds_70-10-20/deciles_none_fused_time_tokens_first_24h-tokenized/test/logistic_regression-preds-checkpoint-17000.pkl,/gpfs/data/bbj-lab/users/daniel/input-representation-benchmark/outputs/runs/tokenized/mimiciv-3.1_meds_70-10-20/deciles_none_fused_time_tokens_first_24h-tokenized/test/tokens_timelines_extended_outcomes.parquet
exp1_additional_binary,classification,hyperkalemia,deciles_unfused,roc_auc,True,47454,0.7131751314844136,0.6903606611083064,0.7355465533430597,/gpfs/data/bbj-lab/users/daniel/input-representation-benchmark/outputs/runs/tokenized/mimiciv-3.1_meds_70-10-20/deciles_none_unfused_time_tokens_first_24h-tokenized/test/logistic_regression-preds-checkpoint-10000.pkl,/gpfs/data/bbj-lab/users/daniel/input-representation-benchmark/outputs/runs/tokenized/mimiciv-3.1_meds_70-10-20/deciles_none_unfused_time_tokens_first_24h-tokenized/test/tokens_timelines_extended_outcomes.parquet
exp1_additional_binary,classification,hyperkalemia,trentiles_10_10_10_fused,roc_auc,True,47454,0.7221135105591604,0.7006768610680263,0.7431020570945835,/gpfs/data/bbj-lab/users/daniel/input-representation-benchmark/outputs/runs/tokenized/mimiciv-3.1_meds_70-10-20/trentiles_10-10-10_fused_time_tokens_first_24h-tokenized/test/logistic_regression-preds-checkpoint-37000.pkl,/gpfs/data/bbj-lab/users/daniel/input-representation-benchmark/outputs/runs/tokenized/mimiciv-3.1_meds_70-10-20/trentiles_10-10-10_fused_time_tokens_first_24h-tokenized/test/tokens_timelines_extended_outcomes.parquet
exp1_additional_binary,classification,hyperkalemia,trentiles_10_10_10_unfused,roc_auc,True,47454,0.7121280708099238,0.6909262225647556,0.7331012115186778,/gpfs/data/bbj-lab/users/daniel/input-representation-benchmark/outputs/runs/tokenized/mimiciv-3.1_meds_70-10-20/trentiles_10-10-10_unfused_time_tokens_first_24h-tokenized/test/logistic_regression-preds-checkpoint-10000.pkl,/gpfs/data/bbj-lab/users/daniel/input-representation-benchmark/outputs/runs/tokenized/mimiciv-3.1_meds_70-10-20/trentiles_10-10-10_unfused_time_tokens_first_24h-tokenized/test/tokens_timelines_extended_outcomes.parquet
exp1_additional_binary,classification,hyperkalemia,trentiles_fused,roc_auc,True,47454,0.7232645156245541,0.7027803054970395,0.7436381158826857,/gpfs/data/bbj-lab/users/daniel/input-representation-benchmark/outputs/runs/tokenized/mimiciv-3.1_meds_70-10-20/trentiles_none_fused_time_tokens_first_24h-tokenized/test/logistic_regression-preds-checkpoint-37000.pkl,/gpfs/data/bbj-lab/users/daniel/input-representation-benchmark/outputs/runs/tokenized/mimiciv-3.1_meds_70-10-20/trentiles_none_fused_time_tokens_first_24h-tokenized/test/tokens_timelines_extended_outcomes.parquet
exp1_additional_binary,classification,hyperkalemia,trentiles_unfused,roc_auc,True,47454,0.7220472307240193,0.7009470774580696,0.7426129404243423,/gpfs/data/bbj-lab/users/daniel/input-representation-benchmark/outputs/runs/tokenized/mimiciv-3.1_meds_70-10-20/trentiles_none_unfused_time_tokens_first_24h-tokenized/test/logistic_regression-preds-checkpoint-37000.pkl,/gpfs/data/bbj-lab/users/daniel/input-representation-benchmark/outputs/runs/tokenized/mimiciv-3.1_meds_70-10-20/trentiles_none_unfused_time_tokens_first_24h-tokenized/test/tokens_timelines_extended_outcomes.parquet
exp1_additional_binary,classification,hyperkalemia,ventiles_5_10_5_fused,roc_auc,True,47454,0.7449247447850751,0.7257766423573616,0.7638823366046946,/gpfs/data/bbj-lab/users/daniel/input-representation-benchmark/outputs/runs/tokenized/mimiciv-3.1_meds_70-10-20/ventiles_5-10-5_fused_time_tokens_first_24h-tokenized/test/logistic_regression-preds-checkpoint-37000.pkl,/gpfs/data/bbj-lab/users/daniel/input-representation-benchmark/outputs/runs/tokenized/mimiciv-3.1_meds_70-10-20/ventiles_5-10-5_fused_time_tokens_first_24h-tokenized/test/tokens_timelines_extended_outcomes.parquet
exp1_additional_binary,classification,hyperkalemia,ventiles_5_10_5_unfused,roc_auc,True,47454,0.7366150633136639,0.7164299371279707,0.7565890017213305,/gpfs/data/bbj-lab/users/daniel/input-representation-benchmark/outputs/runs/tokenized/mimiciv-3.1_meds_70-10-20/ventiles_5-10-5_unfused_time_tokens_first_24h-tokenized/test/logistic_regression-preds-checkpoint-37000.pkl,/gpfs/data/bbj-lab/users/daniel/input-representation-benchmark/outputs/runs/tokenized/mimiciv-3.1_meds_70-10-20/ventiles_5-10-5_unfused_time_tokens_first_24h-tokenized/test/tokens_timelines_extended_outcomes.parquet
exp1_additional_binary,classification,hyperkalemia,ventiles_fused,roc_auc,True,47454,0.742138720655232,0.7228033915907558,0.761542145010475,/gpfs/data/bbj-lab/users/daniel/input-representation-benchmark/outputs/runs/tokenized/mimiciv-3.1_meds_70-10-20/ventiles_none_fused_time_tokens_first_24h-tokenized/test/logistic_regression-preds-checkpoint-37000.pkl,/gpfs/data/bbj-lab/users/daniel/input-representation-benchmark/outputs/runs/tokenized/mimiciv-3.1_meds_70-10-20/ventiles_none_fused_time_tokens_first_24h-tokenized/test/tokens_timelines_extended_outcomes.parquet
exp1_additional_binary,classification,hyperkalemia,ventiles_unfused,roc_auc,True,47454,0.7249616916877993,0.7041845778835758,0.7456561133333359,/gpfs/data/bbj-lab/users/daniel/input-representation-benchmark/outputs/runs/tokenized/mimiciv-3.1_meds_70-10-20/ventiles_none_unfused_time_tokens_first_24h-tokenized/test/logistic_regression-preds-checkpoint-37000.pkl,/gpfs/data/bbj-lab/users/daniel/input-representation-benchmark/outputs/runs/tokenized/mimiciv-3.1_meds_70-10-20/ventiles_none_unfused_time_tokens_first_24h-tokenized/test/tokens_timelines_extended_outcomes.parquet
exp1_additional_binary,classification,hypoglycemia,centiles_fused,brier,False,47348,0.0177253083248871,0.016620564447026,0.0188801919405089,/gpfs/data/bbj-lab/users/daniel/input-representation-benchmark/outputs/runs/tokenized/mimiciv-3.1_meds_70-10-20/centiles_none_fused_time_tokens_first_24h-tokenized/test/logistic_regression-preds-checkpoint-16500.pkl,/gpfs/data/bbj-lab/users/daniel/input-representation-benchmark/outputs/runs/tokenized/mimiciv-3.1_meds_70-10-20/centiles_none_fused_time_tokens_first_24h-tokenized/test/tokens_timelines_extended_outcomes.parquet
exp1_additional_binary,classification,hypoglycemia,centiles_unfused,brier,False,47348,0.0177615430653635,0.0166950474722767,0.018931540833245,/gpfs/data/bbj-lab/users/daniel/input-representation-benchmark/outputs/runs/tokenized/mimiciv-3.1_meds_70-10-20/centiles_none_unfused_time_tokens_first_24h-tokenized/test/logistic_regression-preds-checkpoint-37000.pkl,/gpfs/data/bbj-lab/users/daniel/input-representation-benchmark/outputs/runs/tokenized/mimiciv-3.1_meds_70-10-20/centiles_none_unfused_time_tokens_first_24h-tokenized/test/tokens_timelines_extended_outcomes.parquet
exp1_additional_binary,classification,hypoglycemia,deciles_fused,brier,False,47348,0.0177160821098092,0.0166183141586413,0.0188680008861909,/gpfs/data/bbj-lab/users/daniel/input-representation-benchmark/outputs/runs/tokenized/mimiciv-3.1_meds_70-10-20/deciles_none_fused_time_tokens_first_24h-tokenized/test/logistic_regression-preds-checkpoint-17000.pkl,/gpfs/data/bbj-lab/users/daniel/input-representation-benchmark/outputs/runs/tokenized/mimiciv-3.1_meds_70-10-20/deciles_none_fused_time_tokens_first_24h-tokenized/test/tokens_timelines_extended_outcomes.parquet
exp1_additional_binary,classification,hypoglycemia,deciles_unfused,brier,False,47348,0.0177812369979133,0.0167093074372902,0.0189879144937813,/gpfs/data/bbj-lab/users/daniel/input-representation-benchmark/outputs/runs/tokenized/mimiciv-3.1_meds_70-10-20/deciles_none_unfused_time_tokens_first_24h-tokenized/test/logistic_regression-preds-checkpoint-10000.pkl,/gpfs/data/bbj-lab/users/daniel/input-representation-benchmark/outputs/runs/tokenized/mimiciv-3.1_meds_70-10-20/deciles_none_unfused_time_tokens_first_24h-tokenized/test/tokens_timelines_extended_outcomes.parquet
exp1_additional_binary,classification,hypoglycemia,trentiles_10_10_10_fused,brier,False,47348,0.0177402468108663,0.0166241430922693,0.0189050141739389,/gpfs/data/bbj-lab/users/daniel/input-representation-benchmark/outputs/runs/tokenized/mimiciv-3.1_meds_70-10-20/trentiles_10-10-10_fused_time_tokens_first_24h-tokenized/test/logistic_regression-preds-checkpoint-37000.pkl,/gpfs/data/bbj-lab/users/daniel/input-representation-benchmark/outputs/runs/tokenized/mimiciv-3.1_meds_70-10-20/trentiles_10-10-10_fused_time_tokens_first_24h-tokenized/test/tokens_timelines_extended_outcomes.parquet
exp1_additional_binary,classification,hypoglycemia,trentiles_10_10_10_unfused,brier,False,47348,0.0178076682855203,0.0167471636993173,0.0190065397200822,/gpfs/data/bbj-lab/users/daniel/input-representation-benchmark/outputs/runs/tokenized/mimiciv-3.1_meds_70-10-20/trentiles_10-10-10_unfused_time_tokens_first_24h-tokenized/test/logistic_regression-preds-checkpoint-10000.pkl,/gpfs/data/bbj-lab/users/daniel/input-representation-benchmark/outputs/runs/tokenized/mimiciv-3.1_meds_70-10-20/trentiles_10-10-10_unfused_time_tokens_first_24h-tokenized/test/tokens_timelines_extended_outcomes.parquet
exp1_additional_binary,classification,hypoglycemia,trentiles_fused,brier,False,47348,0.0177097557880378,0.0166174544635866,0.0188509875564472,/gpfs/data/bbj-lab/users/daniel/input-representation-benchmark/outputs/runs/tokenized/mimiciv-3.1_meds_70-10-20/trentiles_none_fused_time_tokens_first_24h-tokenized/test/logistic_regression-preds-checkpoint-37000.pkl,/gpfs/data/bbj-lab/users/daniel/input-representation-benchmark/outputs/runs/tokenized/mimiciv-3.1_meds_70-10-20/trentiles_none_fused_time_tokens_first_24h-tokenized/test/tokens_timelines_extended_outcomes.parquet
exp1_additional_binary,classification,hypoglycemia,trentiles_unfused,brier,False,47348,0.0177590625116807,0.016698033566439,0.0189341890004396,/gpfs/data/bbj-lab/users/daniel/input-representation-benchmark/outputs/runs/tokenized/mimiciv-3.1_meds_70-10-20/trentiles_none_unfused_time_tokens_first_24h-tokenized/test/logistic_regression-preds-checkpoint-37000.pkl,/gpfs/data/bbj-lab/users/daniel/input-representation-benchmark/outputs/runs/tokenized/mimiciv-3.1_meds_70-10-20/trentiles_none_unfused_time_tokens_first_24h-tokenized/test/tokens_timelines_extended_outcomes.parquet
exp1_additional_binary,classification,hypoglycemia,ventiles_5_10_5_fused,brier,False,47348,0.0177644560578118,0.0166410922820233,0.0189088164538968,/gpfs/data/bbj-lab/users/daniel/input-representation-benchmark/outputs/runs/tokenized/mimiciv-3.1_meds_70-10-20/ventiles_5-10-5_fused_time_tokens_first_24h-tokenized/test/logistic_regression-preds-checkpoint-37000.pkl,/gpfs/data/bbj-lab/users/daniel/input-representation-benchmark/outputs/runs/tokenized/mimiciv-3.1_meds_70-10-20/ventiles_5-10-5_fused_time_tokens_first_24h-tokenized/test/tokens_timelines_extended_outcomes.parquet
exp1_additional_binary,classification,hypoglycemia,ventiles_5_10_5_unfused,brier,False,47348,0.0176971427432577,0.0166330406142355,0.0188896113486746,/gpfs/data/bbj-lab/users/daniel/input-representation-benchmark/outputs/runs/tokenized/mimiciv-3.1_meds_70-10-20/ventiles_5-10-5_unfused_time_tokens_first_24h-tokenized/test/logistic_regression-preds-checkpoint-37000.pkl,/gpfs/data/bbj-lab/users/daniel/input-representation-benchmark/outputs/runs/tokenized/mimiciv-3.1_meds_70-10-20/ventiles_5-10-5_unfused_time_tokens_first_24h-tokenized/test/tokens_timelines_extended_outcomes.parquet
exp1_additional_binary,classification,hypoglycemia,ventiles_fused,brier,False,47348,0.0177116416516784,0.0165982411282727,0.0188578601724352,/gpfs/data/bbj-lab/users/daniel/input-representation-benchmark/outputs/runs/tokenized/mimiciv-3.1_meds_70-10-20/ventiles_none_fused_time_tokens_first_24h-tokenized/test/logistic_regression-preds-checkpoint-37000.pkl,/gpfs/data/bbj-lab/users/daniel/input-representation-benchmark/outputs/runs/tokenized/mimiciv-3.1_meds_70-10-20/ventiles_none_fused_time_tokens_first_24h-tokenized/test/tokens_timelines_extended_outcomes.parquet
exp1_additional_binary,classification,hypoglycemia,ventiles_unfused,brier,False,47348,0.0178063423331817,0.0167440361366272,0.0190014114040631,/gpfs/data/bbj-lab/users/daniel/input-representation-benchmark/outputs/runs/tokenized/mimiciv-3.1_meds_70-10-20/ventiles_none_unfused_time_tokens_first_24h-tokenized/test/logistic_regression-preds-checkpoint-37000.pkl,/gpfs/data/bbj-lab/users/daniel/input-representation-benchmark/outputs/runs/tokenized/mimiciv-3.1_meds_70-10-20/ventiles_none_unfused_time_tokens_first_24h-tokenized/test/tokens_timelines_extended_outcomes.parquet
exp1_additional_binary,classification,hypoglycemia,centiles_fused,ece_15,False,47348,0.0021053377017496,0.0017521124839422,0.0037241169666245,/gpfs/data/bbj-lab/users/daniel/input-representation-benchmark/outputs/runs/tokenized/mimiciv-3.1_meds_70-10-20/centiles_none_fused_time_tokens_first_24h-tokenized/test/logistic_regression-preds-checkpoint-16500.pkl,/gpfs/data/bbj-lab/users/daniel/input-representation-benchmark/outputs/runs/tokenized/mimiciv-3.1_meds_70-10-20/centiles_none_fused_time_tokens_first_24h-tokenized/test/tokens_timelines_extended_outcomes.parquet
exp1_additional_binary,classification,hypoglycemia,centiles_unfused,ece_15,False,47348,0.0020930632939309,0.0016456260827541,0.0036613988584083,/gpfs/data/bbj-lab/users/daniel/input-representation-benchmark/outputs/runs/tokenized/mimiciv-3.1_meds_70-10-20/centiles_none_unfused_time_tokens_first_24h-tokenized/test/logistic_regression-preds-checkpoint-37000.pkl,/gpfs/data/bbj-lab/users/daniel/input-representation-benchmark/outputs/runs/tokenized/mimiciv-3.1_meds_70-10-20/centiles_none_unfused_time_tokens_first_24h-tokenized/test/tokens_timelines_extended_outcomes.parquet
exp1_additional_binary,classification,hypoglycemia,deciles_fused,ece_15,False,47348,0.0027288416205369,0.0021623377268392,0.0042530052797715,/gpfs/data/bbj-lab/users/daniel/input-representation-benchmark/outputs/runs/tokenized/mimiciv-3.1_meds_70-10-20/deciles_none_fused_time_tokens_first_24h-tokenized/test/logistic_regression-preds-checkpoint-17000.pkl,/gpfs/data/bbj-lab/users/daniel/input-representation-benchmark/outputs/runs/tokenized/mimiciv-3.1_meds_70-10-20/deciles_none_fused_time_tokens_first_24h-tokenized/test/tokens_timelines_extended_outcomes.parquet
exp1_additional_binary,classification,hypoglycemia,deciles_unfused,ece_15,False,47348,0.0017695560309713,0.0016767214001379,0.0034737224967916,/gpfs/data/bbj-lab/users/daniel/input-representation-benchmark/outputs/runs/tokenized/mimiciv-3.1_meds_70-10-20/deciles_none_unfused_time_tokens_first_24h-tokenized/test/logistic_regression-preds-checkpoint-10000.pkl,/gpfs/data/bbj-lab/users/daniel/input-representation-benchmark/outputs/runs/tokenized/mimiciv-3.1_meds_70-10-20/deciles_none_unfused_time_tokens_first_24h-tokenized/test/tokens_timelines_extended_outcomes.parquet
exp1_additional_binary,classification,hypoglycemia,trentiles_10_10_10_fused,ece_15,False,47348,0.0022655949417729,0.0019449955925946,0.0039600903499537,/gpfs/data/bbj-lab/users/daniel/input-representation-benchmark/outputs/runs/tokenized/mimiciv-3.1_meds_70-10-20/trentiles_10-10-10_fused_time_tokens_first_24h-tokenized/test/logistic_regression-preds-checkpoint-37000.pkl,/gpfs/data/bbj-lab/users/daniel/input-representation-benchmark/outputs/runs/tokenized/mimiciv-3.1_meds_70-10-20/trentiles_10-10-10_fused_time_tokens_first_24h-tokenized/test/tokens_timelines_extended_outcomes.parquet
exp1_additional_binary,classification,hypoglycemia,trentiles_10_10_10_unfused,ece_15,False,47348,0.0020984514525823,0.0018061556858582,0.0036882391115796,/gpfs/data/bbj-lab/users/daniel/input-representation-benchmark/outputs/runs/tokenized/mimiciv-3.1_meds_70-10-20/trentiles_10-10-10_unfused_time_tokens_first_24h-tokenized/test/logistic_regression-preds-checkpoint-10000.pkl,/gpfs/data/bbj-lab/users/daniel/input-representation-benchmark/outputs/runs/tokenized/mimiciv-3.1_meds_70-10-20/trentiles_10-10-10_unfused_time_tokens_first_24h-tokenized/test/tokens_timelines_extended_outcomes.parquet
exp1_additional_binary,classification,hypoglycemia,trentiles_fused,ece_15,False,47348,0.0021369951630798,0.0016119757622771,0.0035889710129272,/gpfs/data/bbj-lab/users/daniel/input-representation-benchmark/outputs/runs/tokenized/mimiciv-3.1_meds_70-10-20/trentiles_none_fused_time_tokens_first_24h-tokenized/test/logistic_regression-preds-checkpoint-37000.pkl,/gpfs/data/bbj-lab/users/daniel/input-representation-benchmark/outputs/runs/tokenized/mimiciv-3.1_meds_70-10-20/trentiles_none_fused_time_tokens_first_24h-tokenized/test/tokens_timelines_extended_outcomes.parquet
exp1_additional_binary,classification,hypoglycemia,trentiles_unfused,ece_15,False,47348,0.001806777558937,0.0016111766474597,0.0035535532001306,/gpfs/data/bbj-lab/users/daniel/input-representation-benchmark/outputs/runs/tokenized/mimiciv-3.1_meds_70-10-20/trentiles_none_unfused_time_tokens_first_24h-tokenized/test/logistic_regression-preds-checkpoint-37000.pkl,/gpfs/data/bbj-lab/users/daniel/input-representation-benchmark/outputs/runs/tokenized/mimiciv-3.1_meds_70-10-20/trentiles_none_unfused_time_tokens_first_24h-tokenized/test/tokens_timelines_extended_outcomes.parquet
exp1_additional_binary,classification,hypoglycemia,ventiles_5_10_5_fused,ece_15,False,47348,0.0017218923988524,0.0014892944411636,0.0033223915989188,/gpfs/data/bbj-lab/users/daniel/input-representation-benchmark/outputs/runs/tokenized/mimiciv-3.1_meds_70-10-20/ventiles_5-10-5_fused_time_tokens_first_24h-tokenized/test/logistic_regression-preds-checkpoint-37000.pkl,/gpfs/data/bbj-lab/users/daniel/input-representation-benchmark/outputs/runs/tokenized/mimiciv-3.1_meds_70-10-20/ventiles_5-10-5_fused_time_tokens_first_24h-tokenized/test/tokens_timelines_extended_outcomes.parquet
exp1_additional_binary,classification,hypoglycemia,ventiles_5_10_5_unfused,ece_15,False,47348,0.001629258959454,0.0014094960683398,0.0033056568431953,/gpfs/data/bbj-lab/users/daniel/input-representation-benchmark/outputs/runs/tokenized/mimiciv-3.1_meds_70-10-20/ventiles_5-10-5_unfused_time_tokens_first_24h-tokenized/test/logistic_regression-preds-checkpoint-37000.pkl,/gpfs/data/bbj-lab/users/daniel/input-representation-benchmark/outputs/runs/tokenized/mimiciv-3.1_meds_70-10-20/ventiles_5-10-5_unfused_time_tokens_first_24h-tokenized/test/tokens_timelines_extended_outcomes.parquet
exp1_additional_binary,classification,hypoglycemia,ventiles_fused,ece_15,False,47348,0.0019526080190365,0.0015476971719048,0.0034881180735022,/gpfs/data/bbj-lab/users/daniel/input-representation-benchmark/outputs/runs/tokenized/mimiciv-3.1_meds_70-10-20/ventiles_none_fused_time_tokens_first_24h-tokenized/test/logistic_regression-preds-checkpoint-37000.pkl,/gpfs/data/bbj-lab/users/daniel/input-representation-benchmark/outputs/runs/tokenized/mimiciv-3.1_meds_70-10-20/ventiles_none_fused_time_tokens_first_24h-tokenized/test/tokens_timelines_extended_outcomes.parquet
exp1_additional_binary,classification,hypoglycemia,ventiles_unfused,ece_15,False,47348,0.0023481838503268,0.0019316549699181,0.003919994541557,/gpfs/data/bbj-lab/users/daniel/input-representation-benchmark/outputs/runs/tokenized/mimiciv-3.1_meds_70-10-20/ventiles_none_unfused_time_tokens_first_24h-tokenized/test/logistic_regression-preds-checkpoint-37000.pkl,/gpfs/data/bbj-lab/users/daniel/input-representation-benchmark/outputs/runs/tokenized/mimiciv-3.1_meds_70-10-20/ventiles_none_unfused_time_tokens_first_24h-tokenized/test/tokens_timelines_extended_outcomes.parquet
exp1_additional_binary,classification,hypoglycemia,centiles_fused,pr_auc,True,47348,0.070536112048455,0.0618046766962901,0.0831067682898145,/gpfs/data/bbj-lab/users/daniel/input-representation-benchmark/outputs/runs/tokenized/mimiciv-3.1_meds_70-10-20/centiles_none_fused_time_tokens_first_24h-tokenized/test/logistic_regression-preds-checkpoint-16500.pkl,/gpfs/data/bbj-lab/users/daniel/input-representation-benchmark/outputs/runs/tokenized/mimiciv-3.1_meds_70-10-20/centiles_none_fused_time_tokens_first_24h-tokenized/test/tokens_timelines_extended_outcomes.parquet
exp1_additional_binary,classification,hypoglycemia,centiles_unfused,pr_auc,True,47348,0.0675561948759995,0.0595156542005555,0.079385834295057,/gpfs/data/bbj-lab/users/daniel/input-representation-benchmark/outputs/runs/tokenized/mimiciv-3.1_meds_70-10-20/centiles_none_unfused_time_tokens_first_24h-tokenized/test/logistic_regression-preds-checkpoint-37000.pkl,/gpfs/data/bbj-lab/users/daniel/input-representation-benchmark/outputs/runs/tokenized/mimiciv-3.1_meds_70-10-20/centiles_none_unfused_time_tokens_first_24h-tokenized/test/tokens_timelines_extended_outcomes.parquet
exp1_additional_binary,classification,hypoglycemia,deciles_fused,pr_auc,True,47348,0.0720454827766144,0.0623375053597892,0.0838244526246914,/gpfs/data/bbj-lab/users/daniel/input-representation-benchmark/outputs/runs/tokenized/mimiciv-3.1_meds_70-10-20/deciles_none_fused_time_tokens_first_24h-tokenized/test/logistic_regression-preds-checkpoint-17000.pkl,/gpfs/data/bbj-lab/users/daniel/input-representation-benchmark/outputs/runs/tokenized/mimiciv-3.1_meds_70-10-20/deciles_none_fused_time_tokens_first_24h-tokenized/test/tokens_timelines_extended_outcomes.parquet
exp1_additional_binary,classification,hypoglycemia,deciles_unfused,pr_auc,True,47348,0.0649648185882745,0.0567360142924224,0.0762280313766218,/gpfs/data/bbj-lab/users/daniel/input-representation-benchmark/outputs/runs/tokenized/mimiciv-3.1_meds_70-10-20/deciles_none_unfused_time_tokens_first_24h-tokenized/test/logistic_regression-preds-checkpoint-10000.pkl,/gpfs/data/bbj-lab/users/daniel/input-representation-benchmark/outputs/runs/tokenized/mimiciv-3.1_meds_70-10-20/deciles_none_unfused_time_tokens_first_24h-tokenized/test/tokens_timelines_extended_outcomes.parquet
exp1_additional_binary,classification,hypoglycemia,trentiles_10_10_10_fused,pr_auc,True,47348,0.0696313784797345,0.0604248159161198,0.082038202067713,/gpfs/data/bbj-lab/users/daniel/input-representation-benchmark/outputs/runs/tokenized/mimiciv-3.1_meds_70-10-20/trentiles_10-10-10_fused_time_tokens_first_24h-tokenized/test/logistic_regression-preds-checkpoint-37000.pkl,/gpfs/data/bbj-lab/users/daniel/input-representation-benchmark/outputs/runs/tokenized/mimiciv-3.1_meds_70-10-20/trentiles_10-10-10_fused_time_tokens_first_24h-tokenized/test/tokens_timelines_extended_outcomes.parquet
exp1_additional_binary,classification,hypoglycemia,trentiles_10_10_10_unfused,pr_auc,True,47348,0.0633411545239929,0.0552604091558216,0.0748474320573717,/gpfs/data/bbj-lab/users/daniel/input-representation-benchmark/outputs/runs/tokenized/mimiciv-3.1_meds_70-10-20/trentiles_10-10-10_unfused_time_tokens_first_24h-tokenized/test/logistic_regression-preds-checkpoint-10000.pkl,/gpfs/data/bbj-lab/users/daniel/input-representation-benchmark/outputs/runs/tokenized/mimiciv-3.1_meds_70-10-20/trentiles_10-10-10_unfused_time_tokens_first_24h-tokenized/test/tokens_timelines_extended_outcomes.parquet
exp1_additional_binary,classification,hypoglycemia,trentiles_fused,pr_auc,True,47348,0.07233537269601,0.0635940428854002,0.0844166308392048,/gpfs/data/bbj-lab/users/daniel/input-representation-benchmark/outputs/runs/tokenized/mimiciv-3.1_meds_70-10-20/trentiles_none_fused_time_tokens_first_24h-tokenized/test/logistic_regression-preds-checkpoint-37000.pkl,/gpfs/data/bbj-lab/users/daniel/input-representation-benchmark/outputs/runs/tokenized/mimiciv-3.1_meds_70-10-20/trentiles_none_fused_time_tokens_first_24h-tokenized/test/tokens_timelines_extended_outcomes.parquet
exp1_additional_binary,classification,hypoglycemia,trentiles_unfused,pr_auc,True,47348,0.0672721412738402,0.0595581065230905,0.0782977224679281,/gpfs/data/bbj-lab/users/daniel/input-representation-benchmark/outputs/runs/tokenized/mimiciv-3.1_meds_70-10-20/trentiles_none_unfused_time_tokens_first_24h-tokenized/test/logistic_regression-preds-checkpoint-37000.pkl,/gpfs/data/bbj-lab/users/daniel/input-representation-benchmark/outputs/runs/tokenized/mimiciv-3.1_meds_70-10-20/trentiles_none_unfused_time_tokens_first_24h-tokenized/test/tokens_timelines_extended_outcomes.parquet
exp1_additional_binary,classification,hypoglycemia,ventiles_5_10_5_fused,pr_auc,True,47348,0.0681338963899941,0.0602334135405354,0.0778587668055927,/gpfs/data/bbj-lab/users/daniel/input-representation-benchmark/outputs/runs/tokenized/mimiciv-3.1_meds_70-10-20/ventiles_5-10-5_fused_time_tokens_first_24h-tokenized/test/logistic_regression-preds-checkpoint-37000.pkl,/gpfs/data/bbj-lab/users/daniel/input-representation-benchmark/outputs/runs/tokenized/mimiciv-3.1_meds_70-10-20/ventiles_5-10-5_fused_time_tokens_first_24h-tokenized/test/tokens_timelines_extended_outcomes.parquet
exp1_additional_binary,classification,hypoglycemia,ventiles_5_10_5_unfused,pr_auc,True,47348,0.0729647872991652,0.0641016611831804,0.0856668667226761,/gpfs/data/bbj-lab/users/daniel/input-representation-benchmark/outputs/runs/tokenized/mimiciv-3.1_meds_70-10-20/ventiles_5-10-5_unfused_time_tokens_first_24h-tokenized/test/logistic_regression-preds-checkpoint-37000.pkl,/gpfs/data/bbj-lab/users/daniel/input-representation-benchmark/outputs/runs/tokenized/mimiciv-3.1_meds_70-10-20/ventiles_5-10-5_unfused_time_tokens_first_24h-tokenized/test/tokens_timelines_extended_outcomes.parquet
exp1_additional_binary,classification,hypoglycemia,ventiles_fused,pr_auc,True,47348,0.0728098641091388,0.0630130334541454,0.0851793695735862,/gpfs/data/bbj-lab/users/daniel/input-representation-benchmark/outputs/runs/tokenized/mimiciv-3.1_meds_70-10-20/ventiles_none_fused_time_tokens_first_24h-tokenized/test/logistic_regression-preds-checkpoint-37000.pkl,/gpfs/data/bbj-lab/users/daniel/input-representation-benchmark/outputs/runs/tokenized/mimiciv-3.1_meds_70-10-20/ventiles_none_fused_time_tokens_first_24h-tokenized/test/tokens_timelines_extended_outcomes.parquet
exp1_additional_binary,classification,hypoglycemia,ventiles_unfused,pr_auc,True,47348,0.0646873079153837,0.056673905975998,0.0757432554016322,/gpfs/data/bbj-lab/users/daniel/input-representation-benchmark/outputs/runs/tokenized/mimiciv-3.1_meds_70-10-20/ventiles_none_unfused_time_tokens_first_24h-tokenized/test/logistic_regression-preds-checkpoint-37000.pkl,/gpfs/data/bbj-lab/users/daniel/input-representation-benchmark/outputs/runs/tokenized/mimiciv-3.1_meds_70-10-20/ventiles_none_unfused_time_tokens_first_24h-tokenized/test/tokens_timelines_extended_outcomes.parquet
exp1_additional_binary,classification,hypoglycemia,centiles_fused,roc_auc,True,47348,0.7832984301068625,0.7693860185212945,0.7975271754830573,/gpfs/data/bbj-lab/users/daniel/input-representation-benchmark/outputs/runs/tokenized/mimiciv-3.1_meds_70-10-20/centiles_none_fused_time_tokens_first_24h-tokenized/test/logistic_regression-preds-checkpoint-16500.pkl,/gpfs/data/bbj-lab/users/daniel/input-representation-benchmark/outputs/runs/tokenized/mimiciv-3.1_meds_70-10-20/centiles_none_fused_time_tokens_first_24h-tokenized/test/tokens_timelines_extended_outcomes.parquet
exp1_additional_binary,classification,hypoglycemia,centiles_unfused,roc_auc,True,47348,0.7684715866127763,0.7536023753364933,0.7837932708167012,/gpfs/data/bbj-lab/users/daniel/input-representation-benchmark/outputs/runs/tokenized/mimiciv-3.1_meds_70-10-20/centiles_none_unfused_time_tokens_first_24h-tokenized/test/logistic_regression-preds-checkpoint-37000.pkl,/gpfs/data/bbj-lab/users/daniel/input-representation-benchmark/outputs/runs/tokenized/mimiciv-3.1_meds_70-10-20/centiles_none_unfused_time_tokens_first_24h-tokenized/test/tokens_timelines_extended_outcomes.parquet
exp1_additional_binary,classification,hypoglycemia,deciles_fused,roc_auc,True,47348,0.7774835089830671,0.7626288325420543,0.7916524981768494,/gpfs/data/bbj-lab/users/daniel/input-representation-benchmark/outputs/runs/tokenized/mimiciv-3.1_meds_70-10-20/deciles_none_fused_time_tokens_first_24h-tokenized/test/logistic_regression-preds-checkpoint-17000.pkl,/gpfs/data/bbj-lab/users/daniel/input-representation-benchmark/outputs/runs/tokenized/mimiciv-3.1_meds_70-10-20/deciles_none_fused_time_tokens_first_24h-tokenized/test/tokens_timelines_extended_outcomes.parquet
exp1_additional_binary,classification,hypoglycemia,deciles_unfused,roc_auc,True,47348,0.753053908609695,0.7364531051586625,0.7691698931229213,/gpfs/data/bbj-lab/users/daniel/input-representation-benchmark/outputs/runs/tokenized/mimiciv-3.1_meds_70-10-20/deciles_none_unfused_time_tokens_first_24h-tokenized/test/logistic_regression-preds-checkpoint-10000.pkl,/gpfs/data/bbj-lab/users/daniel/input-representation-benchmark/outputs/runs/tokenized/mimiciv-3.1_meds_70-10-20/deciles_none_unfused_time_tokens_first_24h-tokenized/test/tokens_timelines_extended_outcomes.parquet
exp1_additional_binary,classification,hypoglycemia,trentiles_10_10_10_fused,roc_auc,True,47348,0.771160013060462,0.7549157805989434,0.7857784261920903,/gpfs/data/bbj-lab/users/daniel/input-representation-benchmark/outputs/runs/tokenized/mimiciv-3.1_meds_70-10-20/trentiles_10-10-10_fused_time_tokens_first_24h-tokenized/test/logistic_regression-preds-checkpoint-37000.pkl,/gpfs/data/bbj-lab/users/daniel/input-representation-benchmark/outputs/runs/tokenized/mimiciv-3.1_meds_70-10-20/trentiles_10-10-10_fused_time_tokens_first_24h-tokenized/test/tokens_timelines_extended_outcomes.parquet
exp1_additional_binary,classification,hypoglycemia,trentiles_10_10_10_unfused,roc_auc,True,47348,0.7527367823981249,0.7373936773623789,0.7685295662637072,/gpfs/data/bbj-lab/users/daniel/input-representation-benchmark/outputs/runs/tokenized/mimiciv-3.1_meds_70-10-20/trentiles_10-10-10_unfused_time_tokens_first_24h-tokenized/test/logistic_regression-preds-checkpoint-10000.pkl,/gpfs/data/bbj-lab/users/daniel/input-representation-benchmark/outputs/runs/tokenized/mimiciv-3.1_meds_70-10-20/trentiles_10-10-10_unfused_time_tokens_first_24h-tokenized/test/tokens_timelines_extended_outcomes.parquet
exp1_additional_binary,classification,hypoglycemia,trentiles_fused,roc_auc,True,47348,0.7787699870546158,0.7633212809611314,0.7934070011321854,/gpfs/data/bbj-lab/users/daniel/input-representation-benchmark/outputs/runs/tokenized/mimiciv-3.1_meds_70-10-20/trentiles_none_fused_time_tokens_first_24h-tokenized/test/logistic_regression-preds-checkpoint-37000.pkl,/gpfs/data/bbj-lab/users/daniel/input-representation-benchmark/outputs/runs/tokenized/mimiciv-3.1_meds_70-10-20/trentiles_none_fused_time_tokens_first_24h-tokenized/test/tokens_timelines_extended_outcomes.parquet
exp1_additional_binary,classification,hypoglycemia,trentiles_unfused,roc_auc,True,47348,0.7715416588567993,0.7559678844267285,0.786408375825734,/gpfs/data/bbj-lab/users/daniel/input-representation-benchmark/outputs/runs/tokenized/mimiciv-3.1_meds_70-10-20/trentiles_none_unfused_time_tokens_first_24h-tokenized/test/logistic_regression-preds-checkpoint-37000.pkl,/gpfs/data/bbj-lab/users/daniel/input-representation-benchmark/outputs/runs/tokenized/mimiciv-3.1_meds_70-10-20/trentiles_none_unfused_time_tokens_first_24h-tokenized/test/tokens_timelines_extended_outcomes.parquet
exp1_additional_binary,classification,hypoglycemia,ventiles_5_10_5_fused,roc_auc,True,47348,0.7738198541055029,0.7587820811117271,0.7880574656758895,/gpfs/data/bbj-lab/users/daniel/input-representation-benchmark/outputs/runs/tokenized/mimiciv-3.1_meds_70-10-20/ventiles_5-10-5_fused_time_tokens_first_24h-tokenized/test/logistic_regression-preds-checkpoint-37000.pkl,/gpfs/data/bbj-lab/users/daniel/input-representation-benchmark/outputs/runs/tokenized/mimiciv-3.1_meds_70-10-20/ventiles_5-10-5_fused_time_tokens_first_24h-tokenized/test/tokens_timelines_extended_outcomes.parquet
exp1_additional_binary,classification,hypoglycemia,ventiles_5_10_5_unfused,roc_auc,True,47348,0.7760243407279884,0.7619309791707993,0.7914524722855666,/gpfs/data/bbj-lab/users/daniel/input-representation-benchmark/outputs/runs/tokenized/mimiciv-3.1_meds_70-10-20/ventiles_5-10-5_unfused_time_tokens_first_24h-tokenized/test/logistic_regression-preds-checkpoint-37000.pkl,/gpfs/data/bbj-lab/users/daniel/input-representation-benchmark/outputs/runs/tokenized/mimiciv-3.1_meds_70-10-20/ventiles_5-10-5_unfused_time_tokens_first_24h-tokenized/test/tokens_timelines_extended_outcomes.parquet
exp1_additional_binary,classification,hypoglycemia,ventiles_fused,roc_auc,True,47348,0.7791557795745987,0.7643456172017552,0.7935109768259169,/gpfs/data/bbj-lab/users/daniel/input-representation-benchmark/outputs/runs/tokenized/mimiciv-3.1_meds_70-10-20/ventiles_none_fused_time_tokens_first_24h-tokenized/test/logistic_regression-preds-checkpoint-37000.pkl,/gpfs/data/bbj-lab/users/daniel/input-representation-benchmark/outputs/runs/tokenized/mimiciv-3.1_meds_70-10-20/ventiles_none_fused_time_tokens_first_24h-tokenized/test/tokens_timelines_extended_outcomes.parquet
exp1_additional_binary,classification,hypoglycemia,ventiles_unfused,roc_auc,True,47348,0.7610688261167623,0.7458171091482685,0.7771502039736937,/gpfs/data/bbj-lab/users/daniel/input-representation-benchmark/outputs/runs/tokenized/mimiciv-3.1_meds_70-10-20/ventiles_none_unfused_time_tokens_first_24h-tokenized/test/logistic_regression-preds-checkpoint-37000.pkl,/gpfs/data/bbj-lab/users/daniel/input-representation-benchmark/outputs/runs/tokenized/mimiciv-3.1_meds_70-10-20/ventiles_none_unfused_time_tokens_first_24h-tokenized/test/tokens_timelines_extended_outcomes.parquet
exp1_additional_binary,classification,hypotension,centiles_fused,brier,False,5490,0.1737207824673569,0.1676207712719474,0.1793699322998571,/gpfs/data/bbj-lab/users/daniel/input-representation-benchmark/outputs/runs/tokenized/mimiciv-3.1_meds_70-10-20/centiles_none_fused_time_tokens_first_24h-tokenized/test/logistic_regression-preds-checkpoint-16500.pkl,/gpfs/data/bbj-lab/users/daniel/input-representation-benchmark/outputs/runs/tokenized/mimiciv-3.1_meds_70-10-20/centiles_none_fused_time_tokens_first_24h-tokenized/test/tokens_timelines_extended_outcomes.parquet
exp1_additional_binary,classification,hypotension,centiles_unfused,brier,False,5490,0.1757229481980112,0.169958733630294,0.181945427784136,/gpfs/data/bbj-lab/users/daniel/input-representation-benchmark/outputs/runs/tokenized/mimiciv-3.1_meds_70-10-20/centiles_none_unfused_time_tokens_first_24h-tokenized/test/logistic_regression-preds-checkpoint-37000.pkl,/gpfs/data/bbj-lab/users/daniel/input-representation-benchmark/outputs/runs/tokenized/mimiciv-3.1_meds_70-10-20/centiles_none_unfused_time_tokens_first_24h-tokenized/test/tokens_timelines_extended_outcomes.parquet
exp1_additional_binary,classification,hypotension,deciles_fused,brier,False,5490,0.1732692143321786,0.1670464551952012,0.1790090989660717,/gpfs/data/bbj-lab/users/daniel/input-representation-benchmark/outputs/runs/tokenized/mimiciv-3.1_meds_70-10-20/deciles_none_fused_time_tokens_first_24h-tokenized/test/logistic_regression-preds-checkpoint-17000.pkl,/gpfs/data/bbj-lab/users/daniel/input-representation-benchmark/outputs/runs/tokenized/mimiciv-3.1_meds_70-10-20/deciles_none_fused_time_tokens_first_24h-tokenized/test/tokens_timelines_extended_outcomes.parquet
exp1_additional_binary,classification,hypotension,deciles_unfused,brier,False,5490,0.1790450354330746,0.1736057562466341,0.1848574676679512,/gpfs/data/bbj-lab/users/daniel/input-representation-benchmark/outputs/runs/tokenized/mimiciv-3.1_meds_70-10-20/deciles_none_unfused_time_tokens_first_24h-tokenized/test/logistic_regression-preds-checkpoint-10000.pkl,/gpfs/data/bbj-lab/users/daniel/input-representation-benchmark/outputs/runs/tokenized/mimiciv-3.1_meds_70-10-20/deciles_none_unfused_time_tokens_first_24h-tokenized/test/tokens_timelines_extended_outcomes.parquet
exp1_additional_binary,classification,hypotension,trentiles_10_10_10_fused,brier,False,5490,0.178586343267193,0.1725126060581835,0.1848225184200074,/gpfs/data/bbj-lab/users/daniel/input-representation-benchmark/outputs/runs/tokenized/mimiciv-3.1_meds_70-10-20/trentiles_10-10-10_fused_time_tokens_first_24h-tokenized/test/logistic_regression-preds-checkpoint-37000.pkl,/gpfs/data/bbj-lab/users/daniel/input-representation-benchmark/outputs/runs/tokenized/mimiciv-3.1_meds_70-10-20/trentiles_10-10-10_fused_time_tokens_first_24h-tokenized/test/tokens_timelines_extended_outcomes.parquet
exp1_additional_binary,classification,hypotension,trentiles_10_10_10_unfused,brier,False,5490,0.1781261232413361,0.1724818280459849,0.1839395073105599,/gpfs/data/bbj-lab/users/daniel/input-representation-benchmark/outputs/runs/tokenized/mimiciv-3.1_meds_70-10-20/trentiles_10-10-10_unfused_time_tokens_first_24h-tokenized/test/logistic_regression-preds-checkpoint-10000.pkl,/gpfs/data/bbj-lab/users/daniel/input-representation-benchmark/outputs/runs/tokenized/mimiciv-3.1_meds_70-10-20/trentiles_10-10-10_unfused_time_tokens_first_24h-tokenized/test/tokens_timelines_extended_outcomes.parquet
exp1_additional_binary,classification,hypotension,trentiles_fused,brier,False,5490,0.1747459373513598,0.1687806904993703,0.1806834151562564,/gpfs/data/bbj-lab/users/daniel/input-representation-benchmark/outputs/runs/tokenized/mimiciv-3.1_meds_70-10-20/trentiles_none_fused_time_tokens_first_24h-tokenized/test/logistic_regression-preds-checkpoint-37000.pkl,/gpfs/data/bbj-lab/users/daniel/input-representation-benchmark/outputs/runs/tokenized/mimiciv-3.1_meds_70-10-20/trentiles_none_fused_time_tokens_first_24h-tokenized/test/tokens_timelines_extended_outcomes.parquet
exp1_additional_binary,classification,hypotension,trentiles_unfused,brier,False,5490,0.1750237769932858,0.1692915958594004,0.1811797995092369,/gpfs/data/bbj-lab/users/daniel/input-representation-benchmark/outputs/runs/tokenized/mimiciv-3.1_meds_70-10-20/trentiles_none_unfused_time_tokens_first_24h-tokenized/test/logistic_regression-preds-checkpoint-37000.pkl,/gpfs/data/bbj-lab/users/daniel/input-representation-benchmark/outputs/runs/tokenized/mimiciv-3.1_meds_70-10-20/trentiles_none_unfused_time_tokens_first_24h-tokenized/test/tokens_timelines_extended_outcomes.parquet
exp1_additional_binary,classification,hypotension,ventiles_5_10_5_fused,brier,False,5490,0.1771626558044995,0.1707961217201498,0.1830455043834554,/gpfs/data/bbj-lab/users/daniel/input-representation-benchmark/outputs/runs/tokenized/mimiciv-3.1_meds_70-10-20/ventiles_5-10-5_fused_time_tokens_first_24h-tokenized/test/logistic_regression-preds-checkpoint-37000.pkl,/gpfs/data/bbj-lab/users/daniel/input-representation-benchmark/outputs/runs/tokenized/mimiciv-3.1_meds_70-10-20/ventiles_5-10-5_fused_time_tokens_first_24h-tokenized/test/tokens_timelines_extended_outcomes.parquet
exp1_additional_binary,classification,hypotension,ventiles_5_10_5_unfused,brier,False,5490,0.175565230679031,0.1701091208252742,0.1816140450749904,/gpfs/data/bbj-lab/users/daniel/input-representation-benchmark/outputs/runs/tokenized/mimiciv-3.1_meds_70-10-20/ventiles_5-10-5_unfused_time_tokens_first_24h-tokenized/test/logistic_regression-preds-checkpoint-37000.pkl,/gpfs/data/bbj-lab/users/daniel/input-representation-benchmark/outputs/runs/tokenized/mimiciv-3.1_meds_70-10-20/ventiles_5-10-5_unfused_time_tokens_first_24h-tokenized/test/tokens_timelines_extended_outcomes.parquet
exp1_additional_binary,classification,hypotension,ventiles_fused,brier,False,5490,0.1760344820906156,0.1696887672730227,0.1820462647663675,/gpfs/data/bbj-lab/users/daniel/input-representation-benchmark/outputs/runs/tokenized/mimiciv-3.1_meds_70-10-20/ventiles_none_fused_time_tokens_first_24h-tokenized/test/logistic_regression-preds-checkpoint-37000.pkl,/gpfs/data/bbj-lab/users/daniel/input-representation-benchmark/outputs/runs/tokenized/mimiciv-3.1_meds_70-10-20/ventiles_none_fused_time_tokens_first_24h-tokenized/test/tokens_timelines_extended_outcomes.parquet
exp1_additional_binary,classification,hypotension,ventiles_unfused,brier,False,5490,0.176032426210231,0.1703583766767215,0.182064099957265,/gpfs/data/bbj-lab/users/daniel/input-representation-benchmark/outputs/runs/tokenized/mimiciv-3.1_meds_70-10-20/ventiles_none_unfused_time_tokens_first_24h-tokenized/test/logistic_regression-preds-checkpoint-37000.pkl,/gpfs/data/bbj-lab/users/daniel/input-representation-benchmark/outputs/runs/tokenized/mimiciv-3.1_meds_70-10-20/ventiles_none_unfused_time_tokens_first_24h-tokenized/test/tokens_timelines_extended_outcomes.parquet
exp1_additional_binary,classification,hypotension,centiles_fused,ece_15,False,5490,0.0273989659142515,0.0242324974604848,0.042131340005033,/gpfs/data/bbj-lab/users/daniel/input-representation-benchmark/outputs/runs/tokenized/mimiciv-3.1_meds_70-10-20/centiles_none_fused_time_tokens_first_24h-tokenized/test/logistic_regression-preds-checkpoint-16500.pkl,/gpfs/data/bbj-lab/users/daniel/input-representation-benchmark/outputs/runs/tokenized/mimiciv-3.1_meds_70-10-20/centiles_none_fused_time_tokens_first_24h-tokenized/test/tokens_timelines_extended_outcomes.parquet
exp1_additional_binary,classification,hypotension,centiles_unfused,ece_15,False,5490,0.0273006445826064,0.0220421017539218,0.0403418758415875,/gpfs/data/bbj-lab/users/daniel/input-representation-benchmark/outputs/runs/tokenized/mimiciv-3.1_meds_70-10-20/centiles_none_unfused_time_tokens_first_24h-tokenized/test/logistic_regression-preds-checkpoint-37000.pkl,/gpfs/data/bbj-lab/users/daniel/input-representation-benchmark/outputs/runs/tokenized/mimiciv-3.1_meds_70-10-20/centiles_none_unfused_time_tokens_first_24h-tokenized/test/tokens_timelines_extended_outcomes.parquet
exp1_additional_binary,classification,hypotension,deciles_fused,ece_15,False,5490,0.0242342382643394,0.0218887547577716,0.0395205409090929,/gpfs/data/bbj-lab/users/daniel/input-representation-benchmark/outputs/runs/tokenized/mimiciv-3.1_meds_70-10-20/deciles_none_fused_time_tokens_first_24h-tokenized/test/logistic_regression-preds-checkpoint-17000.pkl,/gpfs/data/bbj-lab/users/daniel/input-representation-benchmark/outputs/runs/tokenized/mimiciv-3.1_meds_70-10-20/deciles_none_fused_time_tokens_first_24h-tokenized/test/tokens_timelines_extended_outcomes.parquet
exp1_additional_binary,classification,hypotension,deciles_unfused,ece_15,False,5490,0.0290292004814554,0.0244094264495526,0.0425468211172761,/gpfs/data/bbj-lab/users/daniel/input-representation-benchmark/outputs/runs/tokenized/mimiciv-3.1_meds_70-10-20/deciles_none_unfused_time_tokens_first_24h-tokenized/test/logistic_regression-preds-checkpoint-10000.pkl,/gpfs/data/bbj-lab/users/daniel/input-representation-benchmark/outputs/runs/tokenized/mimiciv-3.1_meds_70-10-20/deciles_none_unfused_time_tokens_first_24h-tokenized/test/tokens_timelines_extended_outcomes.parquet
exp1_additional_binary,classification,hypotension,trentiles_10_10_10_fused,ece_15,False,5490,0.0369739906307009,0.0306016165122375,0.0505142966374065,/gpfs/data/bbj-lab/users/daniel/input-representation-benchmark/outputs/runs/tokenized/mimiciv-3.1_meds_70-10-20/trentiles_10-10-10_fused_time_tokens_first_24h-tokenized/test/logistic_regression-preds-checkpoint-37000.pkl,/gpfs/data/bbj-lab/users/daniel/input-representation-benchmark/outputs/runs/tokenized/mimiciv-3.1_meds_70-10-20/trentiles_10-10-10_fused_time_tokens_first_24h-tokenized/test/tokens_timelines_extended_outcomes.parquet
exp1_additional_binary,classification,hypotension,trentiles_10_10_10_unfused,ece_15,False,5490,0.0320397961930287,0.0255078675407457,0.0449468179499217,/gpfs/data/bbj-lab/users/daniel/input-representation-benchmark/outputs/runs/tokenized/mimiciv-3.1_meds_70-10-20/trentiles_10-10-10_unfused_time_tokens_first_24h-tokenized/test/logistic_regression-preds-checkpoint-10000.pkl,/gpfs/data/bbj-lab/users/daniel/input-representation-benchmark/outputs/runs/tokenized/mimiciv-3.1_meds_70-10-20/trentiles_10-10-10_unfused_time_tokens_first_24h-tokenized/test/tokens_timelines_extended_outcomes.parquet
exp1_additional_binary,classification,hypotension,trentiles_fused,ece_15,False,5490,0.0260107494120435,0.0212646178475348,0.0397019375773692,/gpfs/data/bbj-lab/users/daniel/input-representation-benchmark/outputs/runs/tokenized/mimiciv-3.1_meds_70-10-20/trentiles_none_fused_time_tokens_first_24h-tokenized/test/logistic_regression-preds-checkpoint-37000.pkl,/gpfs/data/bbj-lab/users/daniel/input-representation-benchmark/outputs/runs/tokenized/mimiciv-3.1_meds_70-10-20/trentiles_none_fused_time_tokens_first_24h-tokenized/test/tokens_timelines_extended_outcomes.parquet
exp1_additional_binary,classification,hypotension,trentiles_unfused,ece_15,False,5490,0.0342908575984549,0.0276373841708583,0.0467956292386292,/gpfs/data/bbj-lab/users/daniel/input-representation-benchmark/outputs/runs/tokenized/mimiciv-3.1_meds_70-10-20/trentiles_none_unfused_time_tokens_first_24h-tokenized/test/logistic_regression-preds-checkpoint-37000.pkl,/gpfs/data/bbj-lab/users/daniel/input-representation-benchmark/outputs/runs/tokenized/mimiciv-3.1_meds_70-10-20/trentiles_none_unfused_time_tokens_first_24h-tokenized/test/tokens_timelines_extended_outcomes.parquet
exp1_additional_binary,classification,hypotension,ventiles_5_10_5_fused,ece_15,False,5490,0.0299654850344968,0.0256725634884357,0.0440552808209089,/gpfs/data/bbj-lab/users/daniel/input-representation-benchmark/outputs/runs/tokenized/mimiciv-3.1_meds_70-10-20/ventiles_5-10-5_fused_time_tokens_first_24h-tokenized/test/logistic_regression-preds-checkpoint-37000.pkl,/gpfs/data/bbj-lab/users/daniel/input-representation-benchmark/outputs/runs/tokenized/mimiciv-3.1_meds_70-10-20/ventiles_5-10-5_fused_time_tokens_first_24h-tokenized/test/tokens_timelines_extended_outcomes.parquet
exp1_additional_binary,classification,hypotension,ventiles_5_10_5_unfused,ece_15,False,5490,0.0268763902662022,0.0221257221233065,0.0405014834556382,/gpfs/data/bbj-lab/users/daniel/input-representation-benchmark/outputs/runs/tokenized/mimiciv-3.1_meds_70-10-20/ventiles_5-10-5_unfused_time_tokens_first_24h-tokenized/test/logistic_regression-preds-checkpoint-37000.pkl,/gpfs/data/bbj-lab/users/daniel/input-representation-benchmark/outputs/runs/tokenized/mimiciv-3.1_meds_70-10-20/ventiles_5-10-5_unfused_time_tokens_first_24h-tokenized/test/tokens_timelines_extended_outcomes.parquet
exp1_additional_binary,classification,hypotension,ventiles_fused,ece_15,False,5490,0.028252848994313,0.0253742519764617,0.0437721593001622,/gpfs/data/bbj-lab/users/daniel/input-representation-benchmark/outputs/runs/tokenized/mimiciv-3.1_meds_70-10-20/ventiles_none_fused_time_tokens_first_24h-tokenized/test/logistic_regression-preds-checkpoint-37000.pkl,/gpfs/data/bbj-lab/users/daniel/input-representation-benchmark/outputs/runs/tokenized/mimiciv-3.1_meds_70-10-20/ventiles_none_fused_time_tokens_first_24h-tokenized/test/tokens_timelines_extended_outcomes.parquet
exp1_additional_binary,classification,hypotension,ventiles_unfused,ece_15,False,5490,0.0273405867197648,0.0220923826139202,0.0413339683756733,/gpfs/data/bbj-lab/users/daniel/input-representation-benchmark/outputs/runs/tokenized/mimiciv-3.1_meds_70-10-20/ventiles_none_unfused_time_tokens_first_24h-tokenized/test/logistic_regression-preds-checkpoint-37000.pkl,/gpfs/data/bbj-lab/users/daniel/input-representation-benchmark/outputs/runs/tokenized/mimiciv-3.1_meds_70-10-20/ventiles_none_unfused_time_tokens_first_24h-tokenized/test/tokens_timelines_extended_outcomes.parquet
exp1_additional_binary,classification,hypotension,centiles_fused,pr_auc,True,5490,0.8635585041561439,0.851813052671089,0.8758237021466151,/gpfs/data/bbj-lab/users/daniel/input-representation-benchmark/outputs/runs/tokenized/mimiciv-3.1_meds_70-10-20/centiles_none_fused_time_tokens_first_24h-tokenized/test/logistic_regression-preds-checkpoint-16500.pkl,/gpfs/data/bbj-lab/users/daniel/input-representation-benchmark/outputs/runs/tokenized/mimiciv-3.1_meds_70-10-20/centiles_none_fused_time_tokens_first_24h-tokenized/test/tokens_timelines_extended_outcomes.parquet
exp1_additional_binary,classification,hypotension,centiles_unfused,pr_auc,True,5490,0.8597980448509797,0.8473347552090821,0.8719594848948828,/gpfs/data/bbj-lab/users/daniel/input-representation-benchmark/outputs/runs/tokenized/mimiciv-3.1_meds_70-10-20/centiles_none_unfused_time_tokens_first_24h-tokenized/test/logistic_regression-preds-checkpoint-37000.pkl,/gpfs/data/bbj-lab/users/daniel/input-representation-benchmark/outputs/runs/tokenized/mimiciv-3.1_meds_70-10-20/centiles_none_unfused_time_tokens_first_24h-tokenized/test/tokens_timelines_extended_outcomes.parquet
exp1_additional_binary,classification,hypotension,deciles_fused,pr_auc,True,5490,0.8653350415703047,0.8531456922818274,0.8771563602853499,/gpfs/data/bbj-lab/users/daniel/input-representation-benchmark/outputs/runs/tokenized/mimiciv-3.1_meds_70-10-20/deciles_none_fused_time_tokens_first_24h-tokenized/test/logistic_regression-preds-checkpoint-17000.pkl,/gpfs/data/bbj-lab/users/daniel/input-representation-benchmark/outputs/runs/tokenized/mimiciv-3.1_meds_70-10-20/deciles_none_fused_time_tokens_first_24h-tokenized/test/tokens_timelines_extended_outcomes.parquet
exp1_additional_binary,classification,hypotension,deciles_unfused,pr_auc,True,5490,0.8510549749717633,0.838365796607144,0.8636884197861464,/gpfs/data/bbj-lab/users/daniel/input-representation-benchmark/outputs/runs/tokenized/mimiciv-3.1_meds_70-10-20/deciles_none_unfused_time_tokens_first_24h-tokenized/test/logistic_regression-preds-checkpoint-10000.pkl,/gpfs/data/bbj-lab/users/daniel/input-representation-benchmark/outputs/runs/tokenized/mimiciv-3.1_meds_70-10-20/deciles_none_unfused_time_tokens_first_24h-tokenized/test/tokens_timelines_extended_outcomes.parquet
exp1_additional_binary,classification,hypotension,trentiles_10_10_10_fused,pr_auc,True,5490,0.8558625349344088,0.8434356707355725,0.8679000987568002,/gpfs/data/bbj-lab/users/daniel/input-representation-benchmark/outputs/runs/tokenized/mimiciv-3.1_meds_70-10-20/trentiles_10-10-10_fused_time_tokens_first_24h-tokenized/test/logistic_regression-preds-checkpoint-37000.pkl,/gpfs/data/bbj-lab/users/daniel/input-representation-benchmark/outputs/runs/tokenized/mimiciv-3.1_meds_70-10-20/trentiles_10-10-10_fused_time_tokens_first_24h-tokenized/test/tokens_timelines_extended_outcomes.parquet
exp1_additional_binary,classification,hypotension,trentiles_10_10_10_unfused,pr_auc,True,5490,0.8507483563259137,0.8373219283299062,0.8643423701316363,/gpfs/data/bbj-lab/users/daniel/input-representation-benchmark/outputs/runs/tokenized/mimiciv-3.1_meds_70-10-20/trentiles_10-10-10_unfused_time_tokens_first_24h-tokenized/test/logistic_regression-preds-checkpoint-10000.pkl,/gpfs/data/bbj-lab/users/daniel/input-representation-benchmark/outputs/runs/tokenized/mimiciv-3.1_meds_70-10-20/trentiles_10-10-10_unfused_time_tokens_first_24h-tokenized/test/tokens_timelines_extended_outcomes.parquet
exp1_additional_binary,classification,hypotension,trentiles_fused,pr_auc,True,5490,0.8623619268259843,0.8502356654641957,0.874434400351269,/gpfs/data/bbj-lab/users/daniel/input-representation-benchmark/outputs/runs/tokenized/mimiciv-3.1_meds_70-10-20/trentiles_none_fused_time_tokens_first_24h-tokenized/test/logistic_regression-preds-checkpoint-37000.pkl,/gpfs/data/bbj-lab/users/daniel/input-representation-benchmark/outputs/runs/tokenized/mimiciv-3.1_meds_70-10-20/trentiles_none_fused_time_tokens_first_24h-tokenized/test/tokens_timelines_extended_outcomes.parquet
exp1_additional_binary,classification,hypotension,trentiles_unfused,pr_auc,True,5490,0.85751905834059,0.8449618434622086,0.8700413792283026,/gpfs/data/bbj-lab/users/daniel/input-representation-benchmark/outputs/runs/tokenized/mimiciv-3.1_meds_70-10-20/trentiles_none_unfused_time_tokens_first_24h-tokenized/test/logistic_regression-preds-checkpoint-37000.pkl,/gpfs/data/bbj-lab/users/daniel/input-representation-benchmark/outputs/runs/tokenized/mimiciv-3.1_meds_70-10-20/trentiles_none_unfused_time_tokens_first_24h-tokenized/test/tokens_timelines_extended_outcomes.parquet
exp1_additional_binary,classification,hypotension,ventiles_5_10_5_fused,pr_auc,True,5490,0.8515079903571517,0.8380079198661303,0.8652138671948058,/gpfs/data/bbj-lab/users/daniel/input-representation-benchmark/outputs/runs/tokenized/mimiciv-3.1_meds_70-10-20/ventiles_5-10-5_fused_time_tokens_first_24h-tokenized/test/logistic_regression-preds-checkpoint-37000.pkl,/gpfs/data/bbj-lab/users/daniel/input-representation-benchmark/outputs/runs/tokenized/mimiciv-3.1_meds_70-10-20/ventiles_5-10-5_fused_time_tokens_first_24h-tokenized/test/tokens_timelines_extended_outcomes.parquet
exp1_additional_binary,classification,hypotension,ventiles_5_10_5_unfused,pr_auc,True,5490,0.8596375384019594,0.8474656531341397,0.8715627943697789,/gpfs/data/bbj-lab/users/daniel/input-representation-benchmark/outputs/runs/tokenized/mimiciv-3.1_meds_70-10-20/ventiles_5-10-5_unfused_time_tokens_first_24h-tokenized/test/logistic_regression-preds-checkpoint-37000.pkl,/gpfs/data/bbj-lab/users/daniel/input-representation-benchmark/outputs/runs/tokenized/mimiciv-3.1_meds_70-10-20/ventiles_5-10-5_unfused_time_tokens_first_24h-tokenized/test/tokens_timelines_extended_outcomes.parquet
exp1_additional_binary,classification,hypotension,ventiles_fused,pr_auc,True,5490,0.8562417563494917,0.8435062497297242,0.8689007033027832,/gpfs/data/bbj-lab/users/daniel/input-representation-benchmark/outputs/runs/tokenized/mimiciv-3.1_meds_70-10-20/ventiles_none_fused_time_tokens_first_24h-tokenized/test/logistic_regression-preds-checkpoint-37000.pkl,/gpfs/data/bbj-lab/users/daniel/input-representation-benchmark/outputs/runs/tokenized/mimiciv-3.1_meds_70-10-20/ventiles_none_fused_time_tokens_first_24h-tokenized/test/tokens_timelines_extended_outcomes.parquet
exp1_additional_binary,classification,hypotension,ventiles_unfused,pr_auc,True,5490,0.8614639957235521,0.849263045135179,0.8734389085429525,/gpfs/data/bbj-lab/users/daniel/input-representation-benchmark/outputs/runs/tokenized/mimiciv-3.1_meds_70-10-20/ventiles_none_unfused_time_tokens_first_24h-tokenized/test/logistic_regression-preds-checkpoint-37000.pkl,/gpfs/data/bbj-lab/users/daniel/input-representation-benchmark/outputs/runs/tokenized/mimiciv-3.1_meds_70-10-20/ventiles_none_unfused_time_tokens_first_24h-tokenized/test/tokens_timelines_extended_outcomes.parquet
exp1_additional_binary,classification,hypotension,centiles_fused,roc_auc,True,5490,0.7980352547606793,0.7860330920652487,0.8102352071708526,/gpfs/data/bbj-lab/users/daniel/input-representation-benchmark/outputs/runs/tokenized/mimiciv-3.1_meds_70-10-20/centiles_none_fused_time_tokens_first_24h-tokenized/test/logistic_regression-preds-checkpoint-16500.pkl,/gpfs/data/bbj-lab/users/daniel/input-representation-benchmark/outputs/runs/tokenized/mimiciv-3.1_meds_70-10-20/centiles_none_fused_time_tokens_first_24h-tokenized/test/tokens_timelines_extended_outcomes.parquet
exp1_additional_binary,classification,hypotension,centiles_unfused,roc_auc,True,5490,0.792927031509121,0.7806518348998713,0.8048299230670922,/gpfs/data/bbj-lab/users/daniel/input-representation-benchmark/outputs/runs/tokenized/mimiciv-3.1_meds_70-10-20/centiles_none_unfused_time_tokens_first_24h-tokenized/test/logistic_regression-preds-checkpoint-37000.pkl,/gpfs/data/bbj-lab/users/daniel/input-representation-benchmark/outputs/runs/tokenized/mimiciv-3.1_meds_70-10-20/centiles_none_unfused_time_tokens_first_24h-tokenized/test/tokens_timelines_extended_outcomes.parquet
exp1_additional_binary,classification,hypotension,deciles_fused,roc_auc,True,5490,0.7994190684508492,0.787375011238174,0.8119101664617454,/gpfs/data/bbj-lab/users/daniel/input-representation-benchmark/outputs/runs/tokenized/mimiciv-3.1_meds_70-10-20/deciles_none_fused_time_tokens_first_24h-tokenized/test/logistic_regression-preds-checkpoint-17000.pkl,/gpfs/data/bbj-lab/users/daniel/input-representation-benchmark/outputs/runs/tokenized/mimiciv-3.1_meds_70-10-20/deciles_none_fused_time_tokens_first_24h-tokenized/test/tokens_timelines_extended_outcomes.parquet
exp1_additional_binary,classification,hypotension,deciles_unfused,roc_auc,True,5490,0.7848865585863785,0.7721837245949404,0.7968418879676892,/gpfs/data/bbj-lab/users/daniel/input-representation-benchmark/outputs/runs/tokenized/mimiciv-3.1_meds_70-10-20/deciles_none_unfused_time_tokens_first_24h-tokenized/test/logistic_regression-preds-checkpoint-10000.pkl,/gpfs/data/bbj-lab/users/daniel/input-representation-benchmark/outputs/runs/tokenized/mimiciv-3.1_meds_70-10-20/deciles_none_unfused_time_tokens_first_24h-tokenized/test/tokens_timelines_extended_outcomes.parquet
exp1_additional_binary,classification,hypotension,trentiles_10_10_10_fused,roc_auc,True,5490,0.7872054240292788,0.7742168972560413,0.7994709590946755,/gpfs/data/bbj-lab/users/daniel/input-representation-benchmark/outputs/runs/tokenized/mimiciv-3.1_meds_70-10-20/trentiles_10-10-10_fused_time_tokens_first_24h-tokenized/test/logistic_regression-preds-checkpoint-37000.pkl,/gpfs/data/bbj-lab/users/daniel/input-representation-benchmark/outputs/runs/tokenized/mimiciv-3.1_meds_70-10-20/trentiles_10-10-10_fused_time_tokens_first_24h-tokenized/test/tokens_timelines_extended_outcomes.parquet
exp1_additional_binary,classification,hypotension,trentiles_10_10_10_unfused,roc_auc,True,5490,0.7870304368959798,0.7744014388743958,0.7995652156268256,/gpfs/data/bbj-lab/users/daniel/input-representation-benchmark/outputs/runs/tokenized/mimiciv-3.1_meds_70-10-20/trentiles_10-10-10_unfused_time_tokens_first_24h-tokenized/test/logistic_regression-preds-checkpoint-10000.pkl,/gpfs/data/bbj-lab/users/daniel/input-representation-benchmark/outputs/runs/tokenized/mimiciv-3.1_meds_70-10-20/trentiles_10-10-10_unfused_time_tokens_first_24h-tokenized/test/tokens_timelines_extended_outcomes.parquet
exp1_additional_binary,classification,hypotension,trentiles_fused,roc_auc,True,5490,0.7956405472636817,0.783530465597291,0.8080464853569578,/gpfs/data/bbj-lab/users/daniel/input-representation-benchmark/outputs/runs/tokenized/mimiciv-3.1_meds_70-10-20/trentiles_none_fused_time_tokens_first_24h-tokenized/test/logistic_regression-preds-checkpoint-37000.pkl,/gpfs/data/bbj-lab/users/daniel/input-representation-benchmark/outputs/runs/tokenized/mimiciv-3.1_meds_70-10-20/trentiles_none_fused_time_tokens_first_24h-tokenized/test/tokens_timelines_extended_outcomes.parquet
exp1_additional_binary,classification,hypotension,trentiles_unfused,roc_auc,True,5490,0.7947994939097616,0.7822819233585819,0.8067327190476262,/gpfs/data/bbj-lab/users/daniel/input-representation-benchmark/outputs/runs/tokenized/mimiciv-3.1_meds_70-10-20/trentiles_none_unfused_time_tokens_first_24h-tokenized/test/logistic_regression-preds-checkpoint-37000.pkl,/gpfs/data/bbj-lab/users/daniel/input-representation-benchmark/outputs/runs/tokenized/mimiciv-3.1_meds_70-10-20/trentiles_none_unfused_time_tokens_first_24h-tokenized/test/tokens_timelines_extended_outcomes.parquet
exp1_additional_binary,classification,hypotension,ventiles_5_10_5_fused,roc_auc,True,5490,0.789700420312232,0.7769167988981548,0.8026496348486433,/gpfs/data/bbj-lab/users/daniel/input-representation-benchmark/outputs/runs/tokenized/mimiciv-3.1_meds_70-10-20/ventiles_5-10-5_fused_time_tokens_first_24h-tokenized/test/logistic_regression-preds-checkpoint-37000.pkl,/gpfs/data/bbj-lab/users/daniel/input-representation-benchmark/outputs/runs/tokenized/mimiciv-3.1_meds_70-10-20/ventiles_5-10-5_fused_time_tokens_first_24h-tokenized/test/tokens_timelines_extended_outcomes.parquet
exp1_additional_binary,classification,hypotension,ventiles_5_10_5_unfused,roc_auc,True,5490,0.7938043260707954,0.7815578149437391,0.8062199165666397,/gpfs/data/bbj-lab/users/daniel/input-representation-benchmark/outputs/runs/tokenized/mimiciv-3.1_meds_70-10-20/ventiles_5-10-5_unfused_time_tokens_first_24h-tokenized/test/logistic_regression-preds-checkpoint-37000.pkl,/gpfs/data/bbj-lab/users/daniel/input-representation-benchmark/outputs/runs/tokenized/mimiciv-3.1_meds_70-10-20/ventiles_5-10-5_unfused_time_tokens_first_24h-tokenized/test/tokens_timelines_extended_outcomes.parquet
exp1_additional_binary,classification,hypotension,ventiles_fused,roc_auc,True,5490,0.7923925630468347,0.7798188622878335,0.8049632108192379,/gpfs/data/bbj-lab/users/daniel/input-representation-benchmark/outputs/runs/tokenized/mimiciv-3.1_meds_70-10-20/ventiles_none_fused_time_tokens_first_24h-tokenized/test/logistic_regression-preds-checkpoint-37000.pkl,/gpfs/data/bbj-lab/users/daniel/input-representation-benchmark/outputs/runs/tokenized/mimiciv-3.1_meds_70-10-20/ventiles_none_fused_time_tokens_first_24h-tokenized/test/tokens_timelines_extended_outcomes.parquet
exp1_additional_binary,classification,hypotension,ventiles_unfused,roc_auc,True,5490,0.7936563590095499,0.7808055843042571,0.8060961701555533,/gpfs/data/bbj-lab/users/daniel/input-representation-benchmark/outputs/runs/tokenized/mimiciv-3.1_meds_70-10-20/ventiles_none_unfused_time_tokens_first_24h-tokenized/test/logistic_regression-preds-checkpoint-37000.pkl,/gpfs/data/bbj-lab/users/daniel/input-representation-benchmark/outputs/runs/tokenized/mimiciv-3.1_meds_70-10-20/ventiles_none_unfused_time_tokens_first_24h-tokenized/test/tokens_timelines_extended_outcomes.parquet
exp1_additional_binary,classification,profound_hyponatremia,centiles_fused,brier,False,47773,0.0026932821988113,0.0022439996912543,0.003148666590366,/gpfs/data/bbj-lab/users/daniel/input-representation-benchmark/outputs/runs/tokenized/mimiciv-3.1_meds_70-10-20/centiles_none_fused_time_tokens_first_24h-tokenized/test/logistic_regression-preds-checkpoint-16500.pkl,/gpfs/data/bbj-lab/users/daniel/input-representation-benchmark/outputs/runs/tokenized/mimiciv-3.1_meds_70-10-20/centiles_none_fused_time_tokens_first_24h-tokenized/test/tokens_timelines_extended_outcomes.parquet
exp1_additional_binary,classification,profound_hyponatremia,centiles_unfused,brier,False,47773,0.0026956945551974,0.00224134468168,0.0031561324609597,/gpfs/data/bbj-lab/users/daniel/input-representation-benchmark/outputs/runs/tokenized/mimiciv-3.1_meds_70-10-20/centiles_none_unfused_time_tokens_first_24h-tokenized/test/logistic_regression-preds-checkpoint-37000.pkl,/gpfs/data/bbj-lab/users/daniel/input-representation-benchmark/outputs/runs/tokenized/mimiciv-3.1_meds_70-10-20/centiles_none_unfused_time_tokens_first_24h-tokenized/test/tokens_timelines_extended_outcomes.parquet
exp1_additional_binary,classification,profound_hyponatremia,deciles_fused,brier,False,47773,0.0026894706444257,0.0022394708429004,0.0031487123978766,/gpfs/data/bbj-lab/users/daniel/input-representation-benchmark/outputs/runs/tokenized/mimiciv-3.1_meds_70-10-20/deciles_none_fused_time_tokens_first_24h-tokenized/test/logistic_regression-preds-checkpoint-17000.pkl,/gpfs/data/bbj-lab/users/daniel/input-representation-benchmark/outputs/runs/tokenized/mimiciv-3.1_meds_70-10-20/deciles_none_fused_time_tokens_first_24h-tokenized/test/tokens_timelines_extended_outcomes.parquet
exp1_additional_binary,classification,profound_hyponatremia,deciles_unfused,brier,False,47773,0.0026992079208408,0.0022453317903742,0.0031559324925269,/gpfs/data/bbj-lab/users/daniel/input-representation-benchmark/outputs/runs/tokenized/mimiciv-3.1_meds_70-10-20/deciles_none_unfused_time_tokens_first_24h-tokenized/test/logistic_regression-preds-checkpoint-10000.pkl,/gpfs/data/bbj-lab/users/daniel/input-representation-benchmark/outputs/runs/tokenized/mimiciv-3.1_meds_70-10-20/deciles_none_unfused_time_tokens_first_24h-tokenized/test/tokens_timelines_extended_outcomes.parquet
exp1_additional_binary,classification,profound_hyponatremia,trentiles_10_10_10_fused,brier,False,47773,0.0026878446935129,0.0022313645495203,0.0031531794429215,/gpfs/data/bbj-lab/users/daniel/input-representation-benchmark/outputs/runs/tokenized/mimiciv-3.1_meds_70-10-20/trentiles_10-10-10_fused_time_tokens_first_24h-tokenized/test/logistic_regression-preds-checkpoint-37000.pkl,/gpfs/data/bbj-lab/users/daniel/input-representation-benchmark/outputs/runs/tokenized/mimiciv-3.1_meds_70-10-20/trentiles_10-10-10_fused_time_tokens_first_24h-tokenized/test/tokens_timelines_extended_outcomes.parquet
exp1_additional_binary,classification,profound_hyponatremia,trentiles_10_10_10_unfused,brier,False,47773,0.002699125699563,0.0022455537660827,0.0031564947011401,/gpfs/data/bbj-lab/users/daniel/input-representation-benchmark/outputs/runs/tokenized/mimiciv-3.1_meds_70-10-20/trentiles_10-10-10_unfused_time_tokens_first_24h-tokenized/test/logistic_regression-preds-checkpoint-10000.pkl,/gpfs/data/bbj-lab/users/daniel/input-representation-benchmark/outputs/runs/tokenized/mimiciv-3.1_meds_70-10-20/trentiles_10-10-10_unfused_time_tokens_first_24h-tokenized/test/tokens_timelines_extended_outcomes.parquet
exp1_additional_binary,classification,profound_hyponatremia,trentiles_fused,brier,False,47773,0.0027143232426593,0.0022596863957787,0.0031736629213106,/gpfs/data/bbj-lab/users/daniel/input-representation-benchmark/outputs/runs/tokenized/mimiciv-3.1_meds_70-10-20/trentiles_none_fused_time_tokens_first_24h-tokenized/test/logistic_regression-preds-checkpoint-37000.pkl,/gpfs/data/bbj-lab/users/daniel/input-representation-benchmark/outputs/runs/tokenized/mimiciv-3.1_meds_70-10-20/trentiles_none_fused_time_tokens_first_24h-tokenized/test/tokens_timelines_extended_outcomes.parquet
exp1_additional_binary,classification,profound_hyponatremia,trentiles_unfused,brier,False,47773,0.00268736529569,0.0022357975366594,0.0031467784991607,/gpfs/data/bbj-lab/users/daniel/input-representation-benchmark/outputs/runs/tokenized/mimiciv-3.1_meds_70-10-20/trentiles_none_unfused_time_tokens_first_24h-tokenized/test/logistic_regression-preds-checkpoint-37000.pkl,/gpfs/data/bbj-lab/users/daniel/input-representation-benchmark/outputs/runs/tokenized/mimiciv-3.1_meds_70-10-20/trentiles_none_unfused_time_tokens_first_24h-tokenized/test/tokens_timelines_extended_outcomes.parquet
exp1_additional_binary,classification,profound_hyponatremia,ventiles_5_10_5_fused,brier,False,47773,0.0026983465904107,0.002248498261464,0.0031579108603165,/gpfs/data/bbj-lab/users/daniel/input-representation-benchmark/outputs/runs/tokenized/mimiciv-3.1_meds_70-10-20/ventiles_5-10-5_fused_time_tokens_first_24h-tokenized/test/logistic_regression-preds-checkpoint-37000.pkl,/gpfs/data/bbj-lab/users/daniel/input-representation-benchmark/outputs/runs/tokenized/mimiciv-3.1_meds_70-10-20/ventiles_5-10-5_fused_time_tokens_first_24h-tokenized/test/tokens_timelines_extended_outcomes.parquet
exp1_additional_binary,classification,profound_hyponatremia,ventiles_5_10_5_unfused,brier,False,47773,0.0026960690264664,0.002244217742583,0.0031538402649236,/gpfs/data/bbj-lab/users/daniel/input-representation-benchmark/outputs/runs/tokenized/mimiciv-3.1_meds_70-10-20/ventiles_5-10-5_unfused_time_tokens_first_24h-tokenized/test/logistic_regression-preds-checkpoint-37000.pkl,/gpfs/data/bbj-lab/users/daniel/input-representation-benchmark/outputs/runs/tokenized/mimiciv-3.1_meds_70-10-20/ventiles_5-10-5_unfused_time_tokens_first_24h-tokenized/test/tokens_timelines_extended_outcomes.parquet
exp1_additional_binary,classification,profound_hyponatremia,ventiles_fused,brier,False,47773,0.0027099718477329,0.0022574724671854,0.0031690419315354,/gpfs/data/bbj-lab/users/daniel/input-representation-benchmark/outputs/runs/tokenized/mimiciv-3.1_meds_70-10-20/ventiles_none_fused_time_tokens_first_24h-tokenized/test/logistic_regression-preds-checkpoint-37000.pkl,/gpfs/data/bbj-lab/users/daniel/input-representation-benchmark/outputs/runs/tokenized/mimiciv-3.1_meds_70-10-20/ventiles_none_fused_time_tokens_first_24h-tokenized/test/tokens_timelines_extended_outcomes.parquet
exp1_additional_binary,classification,profound_hyponatremia,ventiles_unfused,brier,False,47773,0.0026954959248136,0.0022426494920981,0.0031532236109046,/gpfs/data/bbj-lab/users/daniel/input-representation-benchmark/outputs/runs/tokenized/mimiciv-3.1_meds_70-10-20/ventiles_none_unfused_time_tokens_first_24h-tokenized/test/logistic_regression-preds-checkpoint-37000.pkl,/gpfs/data/bbj-lab/users/daniel/input-representation-benchmark/outputs/runs/tokenized/mimiciv-3.1_meds_70-10-20/ventiles_none_unfused_time_tokens_first_24h-tokenized/test/tokens_timelines_extended_outcomes.parquet
exp1_additional_binary,classification,profound_hyponatremia,centiles_fused,ece_15,False,47773,0.0009083969949652,0.0007740492295594,0.0015179978145823,/gpfs/data/bbj-lab/users/daniel/input-representation-benchmark/outputs/runs/tokenized/mimiciv-3.1_meds_70-10-20/centiles_none_fused_time_tokens_first_24h-tokenized/test/logistic_regression-preds-checkpoint-16500.pkl,/gpfs/data/bbj-lab/users/daniel/input-representation-benchmark/outputs/runs/tokenized/mimiciv-3.1_meds_70-10-20/centiles_none_fused_time_tokens_first_24h-tokenized/test/tokens_timelines_extended_outcomes.parquet
exp1_additional_binary,classification,profound_hyponatremia,centiles_unfused,ece_15,False,47773,0.0009339771637027,0.0008111363280448,0.0015841238555203,/gpfs/data/bbj-lab/users/daniel/input-representation-benchmark/outputs/runs/tokenized/mimiciv-3.1_meds_70-10-20/centiles_none_unfused_time_tokens_first_24h-tokenized/test/logistic_regression-preds-checkpoint-37000.pkl,/gpfs/data/bbj-lab/users/daniel/input-representation-benchmark/outputs/runs/tokenized/mimiciv-3.1_meds_70-10-20/centiles_none_unfused_time_tokens_first_24h-tokenized/test/tokens_timelines_extended_outcomes.parquet
exp1_additional_binary,classification,profound_hyponatremia,deciles_fused,ece_15,False,47773,0.0011534458561993,0.0009565109065331,0.0017418070056127,/gpfs/data/bbj-lab/users/daniel/input-representation-benchmark/outputs/runs/tokenized/mimiciv-3.1_meds_70-10-20/deciles_none_fused_time_tokens_first_24h-tokenized/test/logistic_regression-preds-checkpoint-17000.pkl,/gpfs/data/bbj-lab/users/daniel/input-representation-benchmark/outputs/runs/tokenized/mimiciv-3.1_meds_70-10-20/deciles_none_fused_time_tokens_first_24h-tokenized/test/tokens_timelines_extended_outcomes.parquet
exp1_additional_binary,classification,profound_hyponatremia,deciles_unfused,ece_15,False,47773,0.0011667413186959,0.0009524142396835,0.0017782094180913,/gpfs/data/bbj-lab/users/daniel/input-representation-benchmark/outputs/runs/tokenized/mimiciv-3.1_meds_70-10-20/deciles_none_unfused_time_tokens_first_24h-tokenized/test/logistic_regression-preds-checkpoint-10000.pkl,/gpfs/data/bbj-lab/users/daniel/input-representation-benchmark/outputs/runs/tokenized/mimiciv-3.1_meds_70-10-20/deciles_none_unfused_time_tokens_first_24h-tokenized/test/tokens_timelines_extended_outcomes.parquet
exp1_additional_binary,classification,profound_hyponatremia,trentiles_10_10_10_fused,ece_15,False,47773,0.0012113117908251,0.0009349167006691,0.0017639929993042,/gpfs/data/bbj-lab/users/daniel/input-representation-benchmark/outputs/runs/tokenized/mimiciv-3.1_meds_70-10-20/trentiles_10-10-10_fused_time_tokens_first_24h-tokenized/test/logistic_regression-preds-checkpoint-37000.pkl,/gpfs/data/bbj-lab/users/daniel/input-representation-benchmark/outputs/runs/tokenized/mimiciv-3.1_meds_70-10-20/trentiles_10-10-10_fused_time_tokens_first_24h-tokenized/test/tokens_timelines_extended_outcomes.parquet
exp1_additional_binary,classification,profound_hyponatremia,trentiles_10_10_10_unfused,ece_15,False,47773,0.0011217365704697,0.0009863525987638,0.0017792427035974,/gpfs/data/bbj-lab/users/daniel/input-representation-benchmark/outputs/runs/tokenized/mimiciv-3.1_meds_70-10-20/trentiles_10-10-10_unfused_time_tokens_first_24h-tokenized/test/logistic_regression-preds-checkpoint-10000.pkl,/gpfs/data/bbj-lab/users/daniel/input-representation-benchmark/outputs/runs/tokenized/mimiciv-3.1_meds_70-10-20/trentiles_10-10-10_unfused_time_tokens_first_24h-tokenized/test/tokens_timelines_extended_outcomes.parquet
exp1_additional_binary,classification,profound_hyponatremia,trentiles_fused,ece_15,False,47773,0.0011069223813236,0.0008465580950055,0.0016876974031408,/gpfs/data/bbj-lab/users/daniel/input-representation-benchmark/outputs/runs/tokenized/mimiciv-3.1_meds_70-10-20/trentiles_none_fused_time_tokens_first_24h-tokenized/test/logistic_regression-preds-checkpoint-37000.pkl,/gpfs/data/bbj-lab/users/daniel/input-representation-benchmark/outputs/runs/tokenized/mimiciv-3.1_meds_70-10-20/trentiles_none_fused_time_tokens_first_24h-tokenized/test/tokens_timelines_extended_outcomes.parquet
exp1_additional_binary,classification,profound_hyponatremia,trentiles_unfused,ece_15,False,47773,0.0012817967042882,0.0009946782170953,0.0017821846772853,/gpfs/data/bbj-lab/users/daniel/input-representation-benchmark/outputs/runs/tokenized/mimiciv-3.1_meds_70-10-20/trentiles_none_unfused_time_tokens_first_24h-tokenized/test/logistic_regression-preds-checkpoint-37000.pkl,/gpfs/data/bbj-lab/users/daniel/input-representation-benchmark/outputs/runs/tokenized/mimiciv-3.1_meds_70-10-20/trentiles_none_unfused_time_tokens_first_24h-tokenized/test/tokens_timelines_extended_outcomes.parquet
exp1_additional_binary,classification,profound_hyponatremia,ventiles_5_10_5_fused,ece_15,False,47773,0.0009385554116197,0.0008182474847637,0.0016013360848287,/gpfs/data/bbj-lab/users/daniel/input-representation-benchmark/outputs/runs/tokenized/mimiciv-3.1_meds_70-10-20/ventiles_5-10-5_fused_time_tokens_first_24h-tokenized/test/logistic_regression-preds-checkpoint-37000.pkl,/gpfs/data/bbj-lab/users/daniel/input-representation-benchmark/outputs/runs/tokenized/mimiciv-3.1_meds_70-10-20/ventiles_5-10-5_fused_time_tokens_first_24h-tokenized/test/tokens_timelines_extended_outcomes.parquet
exp1_additional_binary,classification,profound_hyponatremia,ventiles_5_10_5_unfused,ece_15,False,47773,0.0011004642704342,0.0008781584560035,0.0016700801021807,/gpfs/data/bbj-lab/users/daniel/input-representation-benchmark/outputs/runs/tokenized/mimiciv-3.1_meds_70-10-20/ventiles_5-10-5_unfused_time_tokens_first_24h-tokenized/test/logistic_regression-preds-checkpoint-37000.pkl,/gpfs/data/bbj-lab/users/daniel/input-representation-benchmark/outputs/runs/tokenized/mimiciv-3.1_meds_70-10-20/ventiles_5-10-5_unfused_time_tokens_first_24h-tokenized/test/tokens_timelines_extended_outcomes.parquet
exp1_additional_binary,classification,profound_hyponatremia,ventiles_fused,ece_15,False,47773,0.0009636571530583,0.0008275629811871,0.0016027650527452,/gpfs/data/bbj-lab/users/daniel/input-representation-benchmark/outputs/runs/tokenized/mimiciv-3.1_meds_70-10-20/ventiles_none_fused_time_tokens_first_24h-tokenized/test/logistic_regression-preds-checkpoint-37000.pkl,/gpfs/data/bbj-lab/users/daniel/input-representation-benchmark/outputs/runs/tokenized/mimiciv-3.1_meds_70-10-20/ventiles_none_fused_time_tokens_first_24h-tokenized/test/tokens_timelines_extended_outcomes.parquet
exp1_additional_binary,classification,profound_hyponatremia,ventiles_unfused,ece_15,False,47773,0.0014086480998765,0.0011679046093443,0.0019695080024835,/gpfs/data/bbj-lab/users/daniel/input-representation-benchmark/outputs/runs/tokenized/mimiciv-3.1_meds_70-10-20/ventiles_none_unfused_time_tokens_first_24h-tokenized/test/logistic_regression-preds-checkpoint-37000.pkl,/gpfs/data/bbj-lab/users/daniel/input-representation-benchmark/outputs/runs/tokenized/mimiciv-3.1_meds_70-10-20/ventiles_none_unfused_time_tokens_first_24h-tokenized/test/tokens_timelines_extended_outcomes.parquet
exp1_additional_binary,classification,profound_hyponatremia,centiles_fused,pr_auc,True,47773,0.016279923809483,0.0100890122020979,0.0332023307930797,/gpfs/data/bbj-lab/users/daniel/input-representation-benchmark/outputs/runs/tokenized/mimiciv-3.1_meds_70-10-20/centiles_none_fused_time_tokens_first_24h-tokenized/test/logistic_regression-preds-checkpoint-16500.pkl,/gpfs/data/bbj-lab/users/daniel/input-representation-benchmark/outputs/runs/tokenized/mimiciv-3.1_meds_70-10-20/centiles_none_fused_time_tokens_first_24h-tokenized/test/tokens_timelines_extended_outcomes.parquet
exp1_additional_binary,classification,profound_hyponatremia,centiles_unfused,pr_auc,True,47773,0.0136490962964579,0.0077696417338396,0.0341502668003944,/gpfs/data/bbj-lab/users/daniel/input-representation-benchmark/outputs/runs/tokenized/mimiciv-3.1_meds_70-10-20/centiles_none_unfused_time_tokens_first_24h-tokenized/test/logistic_regression-preds-checkpoint-37000.pkl,/gpfs/data/bbj-lab/users/daniel/input-representation-benchmark/outputs/runs/tokenized/mimiciv-3.1_meds_70-10-20/centiles_none_unfused_time_tokens_first_24h-tokenized/test/tokens_timelines_extended_outcomes.parquet
exp1_additional_binary,classification,profound_hyponatremia,deciles_fused,pr_auc,True,47773,0.0206126924769141,0.0103810085619467,0.0499791145665182,/gpfs/data/bbj-lab/users/daniel/input-representation-benchmark/outputs/runs/tokenized/mimiciv-3.1_meds_70-10-20/deciles_none_fused_time_tokens_first_24h-tokenized/test/logistic_regression-preds-checkpoint-17000.pkl,/gpfs/data/bbj-lab/users/daniel/input-representation-benchmark/outputs/runs/tokenized/mimiciv-3.1_meds_70-10-20/deciles_none_fused_time_tokens_first_24h-tokenized/test/tokens_timelines_extended_outcomes.parquet
exp1_additional_binary,classification,profound_hyponatremia,deciles_unfused,pr_auc,True,47773,0.0097867620996385,0.0064042263007643,0.0161524774364882,/gpfs/data/bbj-lab/users/daniel/input-representation-benchmark/outputs/runs/tokenized/mimiciv-3.1_meds_70-10-20/deciles_none_unfused_time_tokens_first_24h-tokenized/test/logistic_regression-preds-checkpoint-10000.pkl,/gpfs/data/bbj-lab/users/daniel/input-representation-benchmark/outputs/runs/tokenized/mimiciv-3.1_meds_70-10-20/deciles_none_unfused_time_tokens_first_24h-tokenized/test/tokens_timelines_extended_outcomes.parquet
exp1_additional_binary,classification,profound_hyponatremia,trentiles_10_10_10_fused,pr_auc,True,47773,0.0174654633723567,0.0094117426846996,0.0413967941329406,/gpfs/data/bbj-lab/users/daniel/input-representation-benchmark/outputs/runs/tokenized/mimiciv-3.1_meds_70-10-20/trentiles_10-10-10_fused_time_tokens_first_24h-tokenized/test/logistic_regression-preds-checkpoint-37000.pkl,/gpfs/data/bbj-lab/users/daniel/input-representation-benchmark/outputs/runs/tokenized/mimiciv-3.1_meds_70-10-20/trentiles_10-10-10_fused_time_tokens_first_24h-tokenized/test/tokens_timelines_extended_outcomes.parquet
exp1_additional_binary,classification,profound_hyponatremia,trentiles_10_10_10_unfused,pr_auc,True,47773,0.0094651460259548,0.0061775763555228,0.0182790554697242,/gpfs/data/bbj-lab/users/daniel/input-representation-benchmark/outputs/runs/tokenized/mimiciv-3.1_meds_70-10-20/trentiles_10-10-10_unfused_time_tokens_first_24h-tokenized/test/logistic_regression-preds-checkpoint-10000.pkl,/gpfs/data/bbj-lab/users/daniel/input-representation-benchmark/outputs/runs/tokenized/mimiciv-3.1_meds_70-10-20/trentiles_10-10-10_unfused_time_tokens_first_24h-tokenized/test/tokens_timelines_extended_outcomes.parquet
exp1_additional_binary,classification,profound_hyponatremia,trentiles_fused,pr_auc,True,47773,0.0150443224470804,0.0098004958532095,0.0242503051362451,/gpfs/data/bbj-lab/users/daniel/input-representation-benchmark/outputs/runs/tokenized/mimiciv-3.1_meds_70-10-20/trentiles_none_fused_time_tokens_first_24h-tokenized/test/logistic_regression-preds-checkpoint-37000.pkl,/gpfs/data/bbj-lab/users/daniel/input-representation-benchmark/outputs/runs/tokenized/mimiciv-3.1_meds_70-10-20/trentiles_none_fused_time_tokens_first_24h-tokenized/test/tokens_timelines_extended_outcomes.parquet
exp1_additional_binary,classification,profound_hyponatremia,trentiles_unfused,pr_auc,True,47773,0.0167993229644424,0.0088274944689796,0.0388048407642795,/gpfs/data/bbj-lab/users/daniel/input-representation-benchmark/outputs/runs/tokenized/mimiciv-3.1_meds_70-10-20/trentiles_none_unfused_time_tokens_first_24h-tokenized/test/logistic_regression-preds-checkpoint-37000.pkl,/gpfs/data/bbj-lab/users/daniel/input-representation-benchmark/outputs/runs/tokenized/mimiciv-3.1_meds_70-10-20/trentiles_none_unfused_time_tokens_first_24h-tokenized/test/tokens_timelines_extended_outcomes.parquet
exp1_additional_binary,classification,profound_hyponatremia,ventiles_5_10_5_fused,pr_auc,True,47773,0.0168885840781537,0.0109334066373417,0.0316731737833404,/gpfs/data/bbj-lab/users/daniel/input-representation-benchmark/outputs/runs/tokenized/mimiciv-3.1_meds_70-10-20/ventiles_5-10-5_fused_time_tokens_first_24h-tokenized/test/logistic_regression-preds-checkpoint-37000.pkl,/gpfs/data/bbj-lab/users/daniel/input-representation-benchmark/outputs/runs/tokenized/mimiciv-3.1_meds_70-10-20/ventiles_5-10-5_fused_time_tokens_first_24h-tokenized/test/tokens_timelines_extended_outcomes.parquet
exp1_additional_binary,classification,profound_hyponatremia,ventiles_5_10_5_unfused,pr_auc,True,47773,0.0141284399332199,0.0085505359266943,0.028194529980254,/gpfs/data/bbj-lab/users/daniel/input-representation-benchmark/outputs/runs/tokenized/mimiciv-3.1_meds_70-10-20/ventiles_5-10-5_unfused_time_tokens_first_24h-tokenized/test/logistic_regression-preds-checkpoint-37000.pkl,/gpfs/data/bbj-lab/users/daniel/input-representation-benchmark/outputs/runs/tokenized/mimiciv-3.1_meds_70-10-20/ventiles_5-10-5_unfused_time_tokens_first_24h-tokenized/test/tokens_timelines_extended_outcomes.parquet
exp1_additional_binary,classification,profound_hyponatremia,ventiles_fused,pr_auc,True,47773,0.0206585038877073,0.0090118145183075,0.0420822525009858,/gpfs/data/bbj-lab/users/daniel/input-representation-benchmark/outputs/runs/tokenized/mimiciv-3.1_meds_70-10-20/ventiles_none_fused_time_tokens_first_24h-tokenized/test/logistic_regression-preds-checkpoint-37000.pkl,/gpfs/data/bbj-lab/users/daniel/input-representation-benchmark/outputs/runs/tokenized/mimiciv-3.1_meds_70-10-20/ventiles_none_fused_time_tokens_first_24h-tokenized/test/tokens_timelines_extended_outcomes.parquet
exp1_additional_binary,classification,profound_hyponatremia,ventiles_unfused,pr_auc,True,47773,0.014070602838348,0.0072312575834629,0.0338537764469975,/gpfs/data/bbj-lab/users/daniel/input-representation-benchmark/outputs/runs/tokenized/mimiciv-3.1_meds_70-10-20/ventiles_none_unfused_time_tokens_first_24h-tokenized/test/logistic_regression-preds-checkpoint-37000.pkl,/gpfs/data/bbj-lab/users/daniel/input-representation-benchmark/outputs/runs/tokenized/mimiciv-3.1_meds_70-10-20/ventiles_none_unfused_time_tokens_first_24h-tokenized/test/tokens_timelines_extended_outcomes.parquet
exp1_additional_binary,classification,profound_hyponatremia,centiles_fused,roc_auc,True,47773,0.7736747804615496,0.731969717614136,0.816572559968679,/gpfs/data/bbj-lab/users/daniel/input-representation-benchmark/outputs/runs/tokenized/mimiciv-3.1_meds_70-10-20/centiles_none_fused_time_tokens_first_24h-tokenized/test/logistic_regression-preds-checkpoint-16500.pkl,/gpfs/data/bbj-lab/users/daniel/input-representation-benchmark/outputs/runs/tokenized/mimiciv-3.1_meds_70-10-20/centiles_none_fused_time_tokens_first_24h-tokenized/test/tokens_timelines_extended_outcomes.parquet
exp1_additional_binary,classification,profound_hyponatremia,centiles_unfused,roc_auc,True,47773,0.7311203115613931,0.6846367971510504,0.7761180305202919,/gpfs/data/bbj-lab/users/daniel/input-representation-benchmark/outputs/runs/tokenized/mimiciv-3.1_meds_70-10-20/centiles_none_unfused_time_tokens_first_24h-tokenized/test/logistic_regression-preds-checkpoint-37000.pkl,/gpfs/data/bbj-lab/users/daniel/input-representation-benchmark/outputs/runs/tokenized/mimiciv-3.1_meds_70-10-20/centiles_none_unfused_time_tokens_first_24h-tokenized/test/tokens_timelines_extended_outcomes.parquet
exp1_additional_binary,classification,profound_hyponatremia,deciles_fused,roc_auc,True,47773,0.7298352639960846,0.6810081969958677,0.7773305639537598,/gpfs/data/bbj-lab/users/daniel/input-representation-benchmark/outputs/runs/tokenized/mimiciv-3.1_meds_70-10-20/deciles_none_fused_time_tokens_first_24h-tokenized/test/logistic_regression-preds-checkpoint-17000.pkl,/gpfs/data/bbj-lab/users/daniel/input-representation-benchmark/outputs/runs/tokenized/mimiciv-3.1_meds_70-10-20/deciles_none_fused_time_tokens_first_24h-tokenized/test/tokens_timelines_extended_outcomes.parquet
exp1_additional_binary,classification,profound_hyponatremia,deciles_unfused,roc_auc,True,47773,0.7068630456245578,0.6573698989434136,0.752661219813604,/gpfs/data/bbj-lab/users/daniel/input-representation-benchmark/outputs/runs/tokenized/mimiciv-3.1_meds_70-10-20/deciles_none_unfused_time_tokens_first_24h-tokenized/test/logistic_regression-preds-checkpoint-10000.pkl,/gpfs/data/bbj-lab/users/daniel/input-representation-benchmark/outputs/runs/tokenized/mimiciv-3.1_meds_70-10-20/deciles_none_unfused_time_tokens_first_24h-tokenized/test/tokens_timelines_extended_outcomes.parquet
exp1_additional_binary,classification,profound_hyponatremia,trentiles_10_10_10_fused,roc_auc,True,47773,0.7372508898360515,0.6891954918736054,0.7819172378065115,/gpfs/data/bbj-lab/users/daniel/input-representation-benchmark/outputs/runs/tokenized/mimiciv-3.1_meds_70-10-20/trentiles_10-10-10_fused_time_tokens_first_24h-tokenized/test/logistic_regression-preds-checkpoint-37000.pkl,/gpfs/data/bbj-lab/users/daniel/input-representation-benchmark/outputs/runs/tokenized/mimiciv-3.1_meds_70-10-20/trentiles_10-10-10_fused_time_tokens_first_24h-tokenized/test/tokens_timelines_extended_outcomes.parquet
exp1_additional_binary,classification,profound_hyponatremia,trentiles_10_10_10_unfused,roc_auc,True,47773,0.7200104587056847,0.6765718866247536,0.7625845606540766,/gpfs/data/bbj-lab/users/daniel/input-representation-benchmark/outputs/runs/tokenized/mimiciv-3.1_meds_70-10-20/trentiles_10-10-10_unfused_time_tokens_first_24h-tokenized/test/logistic_regression-preds-checkpoint-10000.pkl,/gpfs/data/bbj-lab/users/daniel/input-representation-benchmark/outputs/runs/tokenized/mimiciv-3.1_meds_70-10-20/trentiles_10-10-10_unfused_time_tokens_first_24h-tokenized/test/tokens_timelines_extended_outcomes.parquet
exp1_additional_binary,classification,profound_hyponatremia,trentiles_fused,roc_auc,True,47773,0.7717218270649435,0.725776535102493,0.8128384472096708,/gpfs/data/bbj-lab/users/daniel/input-representation-benchmark/outputs/runs/tokenized/mimiciv-3.1_meds_70-10-20/trentiles_none_fused_time_tokens_first_24h-tokenized/test/logistic_regression-preds-checkpoint-37000.pkl,/gpfs/data/bbj-lab/users/daniel/input-representation-benchmark/outputs/runs/tokenized/mimiciv-3.1_meds_70-10-20/trentiles_none_fused_time_tokens_first_24h-tokenized/test/tokens_timelines_extended_outcomes.parquet
exp1_additional_binary,classification,profound_hyponatremia,trentiles_unfused,roc_auc,True,47773,0.7579029286328383,0.7195219693861696,0.7955402232317546,/gpfs/data/bbj-lab/users/daniel/input-representation-benchmark/outputs/runs/tokenized/mimiciv-3.1_meds_70-10-20/trentiles_none_unfused_time_tokens_first_24h-tokenized/test/logistic_regression-preds-checkpoint-37000.pkl,/gpfs/data/bbj-lab/users/daniel/input-representation-benchmark/outputs/runs/tokenized/mimiciv-3.1_meds_70-10-20/trentiles_none_unfused_time_tokens_first_24h-tokenized/test/tokens_timelines_extended_outcomes.parquet
exp1_additional_binary,classification,profound_hyponatremia,ventiles_5_10_5_fused,roc_auc,True,47773,0.7799635084239115,0.7349762010901175,0.8200205285706028,/gpfs/data/bbj-lab/users/daniel/input-representation-benchmark/outputs/runs/tokenized/mimiciv-3.1_meds_70-10-20/ventiles_5-10-5_fused_time_tokens_first_24h-tokenized/test/logistic_regression-preds-checkpoint-37000.pkl,/gpfs/data/bbj-lab/users/daniel/input-representation-benchmark/outputs/runs/tokenized/mimiciv-3.1_meds_70-10-20/ventiles_5-10-5_fused_time_tokens_first_24h-tokenized/test/tokens_timelines_extended_outcomes.parquet
exp1_additional_binary,classification,profound_hyponatremia,ventiles_5_10_5_unfused,roc_auc,True,47773,0.7330499980800758,0.6915321122172354,0.7772887967608708,/gpfs/data/bbj-lab/users/daniel/input-representation-benchmark/outputs/runs/tokenized/mimiciv-3.1_meds_70-10-20/ventiles_5-10-5_unfused_time_tokens_first_24h-tokenized/test/logistic_regression-preds-checkpoint-37000.pkl,/gpfs/data/bbj-lab/users/daniel/input-representation-benchmark/outputs/runs/tokenized/mimiciv-3.1_meds_70-10-20/ventiles_5-10-5_unfused_time_tokens_first_24h-tokenized/test/tokens_timelines_extended_outcomes.parquet
exp1_additional_binary,classification,profound_hyponatremia,ventiles_fused,roc_auc,True,47773,0.7686283085337702,0.7244086997146053,0.8109060159341559,/gpfs/data/bbj-lab/users/daniel/input-representation-benchmark/outputs/runs/tokenized/mimiciv-3.1_meds_70-10-20/ventiles_none_fused_time_tokens_first_24h-tokenized/test/logistic_regression-preds-checkpoint-37000.pkl,/gpfs/data/bbj-lab/users/daniel/input-representation-benchmark/outputs/runs/tokenized/mimiciv-3.1_meds_70-10-20/ventiles_none_fused_time_tokens_first_24h-tokenized/test/tokens_timelines_extended_outcomes.parquet
exp1_additional_binary,classification,profound_hyponatremia,ventiles_unfused,roc_auc,True,47773,0.7233750444999378,0.6777703268680476,0.7679397302186783,/gpfs/data/bbj-lab/users/daniel/input-representation-benchmark/outputs/runs/tokenized/mimiciv-3.1_meds_70-10-20/ventiles_none_unfused_time_tokens_first_24h-tokenized/test/logistic_regression-preds-checkpoint-37000.pkl,/gpfs/data/bbj-lab/users/daniel/input-representation-benchmark/outputs/runs/tokenized/mimiciv-3.1_meds_70-10-20/ventiles_none_unfused_time_tokens_first_24h-tokenized/test/tokens_timelines_extended_outcomes.parquet
exp1_additional_binary,classification,severe_anemia,centiles_fused,brier,False,46844,0.0491200618736271,0.0475513281704926,0.0505950085110292,/gpfs/data/bbj-lab/users/daniel/input-representation-benchmark/outputs/runs/tokenized/mimiciv-3.1_meds_70-10-20/centiles_none_fused_time_tokens_first_24h-tokenized/test/logistic_regression-preds-checkpoint-16500.pkl,/gpfs/data/bbj-lab/users/daniel/input-representation-benchmark/outputs/runs/tokenized/mimiciv-3.1_meds_70-10-20/centiles_none_fused_time_tokens_first_24h-tokenized/test/tokens_timelines_extended_outcomes.parquet
exp1_additional_binary,classification,severe_anemia,centiles_unfused,brier,False,46844,0.0511636925002702,0.0496861702321944,0.0528433495898074,/gpfs/data/bbj-lab/users/daniel/input-representation-benchmark/outputs/runs/tokenized/mimiciv-3.1_meds_70-10-20/centiles_none_unfused_time_tokens_first_24h-tokenized/test/logistic_regression-preds-checkpoint-37000.pkl,/gpfs/data/bbj-lab/users/daniel/input-representation-benchmark/outputs/runs/tokenized/mimiciv-3.1_meds_70-10-20/centiles_none_unfused_time_tokens_first_24h-tokenized/test/tokens_timelines_extended_outcomes.parquet
exp1_additional_binary,classification,severe_anemia,deciles_fused,brier,False,46844,0.0484747506207319,0.0469129698947849,0.0499917200485911,/gpfs/data/bbj-lab/users/daniel/input-representation-benchmark/outputs/runs/tokenized/mimiciv-3.1_meds_70-10-20/deciles_none_fused_time_tokens_first_24h-tokenized/test/logistic_regression-preds-checkpoint-17000.pkl,/gpfs/data/bbj-lab/users/daniel/input-representation-benchmark/outputs/runs/tokenized/mimiciv-3.1_meds_70-10-20/deciles_none_fused_time_tokens_first_24h-tokenized/test/tokens_timelines_extended_outcomes.parquet
exp1_additional_binary,classification,severe_anemia,deciles_unfused,brier,False,46844,0.0516388625699528,0.0501544108035167,0.0533673128428282,/gpfs/data/bbj-lab/users/daniel/input-representation-benchmark/outputs/runs/tokenized/mimiciv-3.1_meds_70-10-20/deciles_none_unfused_time_tokens_first_24h-tokenized/test/logistic_regression-preds-checkpoint-10000.pkl,/gpfs/data/bbj-lab/users/daniel/input-representation-benchmark/outputs/runs/tokenized/mimiciv-3.1_meds_70-10-20/deciles_none_unfused_time_tokens_first_24h-tokenized/test/tokens_timelines_extended_outcomes.parquet
exp1_additional_binary,classification,severe_anemia,trentiles_10_10_10_fused,brier,False,46844,0.0499131657589801,0.0483176512881066,0.0514188138056589,/gpfs/data/bbj-lab/users/daniel/input-representation-benchmark/outputs/runs/tokenized/mimiciv-3.1_meds_70-10-20/trentiles_10-10-10_fused_time_tokens_first_24h-tokenized/test/logistic_regression-preds-checkpoint-37000.pkl,/gpfs/data/bbj-lab/users/daniel/input-representation-benchmark/outputs/runs/tokenized/mimiciv-3.1_meds_70-10-20/trentiles_10-10-10_fused_time_tokens_first_24h-tokenized/test/tokens_timelines_extended_outcomes.parquet
exp1_additional_binary,classification,severe_anemia,trentiles_10_10_10_unfused,brier,False,46844,0.0516470170548841,0.050107104298328,0.0533630213817298,/gpfs/data/bbj-lab/users/daniel/input-representation-benchmark/outputs/runs/tokenized/mimiciv-3.1_meds_70-10-20/trentiles_10-10-10_unfused_time_tokens_first_24h-tokenized/test/logistic_regression-preds-checkpoint-10000.pkl,/gpfs/data/bbj-lab/users/daniel/input-representation-benchmark/outputs/runs/tokenized/mimiciv-3.1_meds_70-10-20/trentiles_10-10-10_unfused_time_tokens_first_24h-tokenized/test/tokens_timelines_extended_outcomes.parquet
exp1_additional_binary,classification,severe_anemia,trentiles_fused,brier,False,46844,0.0493541735307308,0.0477609287920206,0.0508575317194816,/gpfs/data/bbj-lab/users/daniel/input-representation-benchmark/outputs/runs/tokenized/mimiciv-3.1_meds_70-10-20/trentiles_none_fused_time_tokens_first_24h-tokenized/test/logistic_regression-preds-checkpoint-37000.pkl,/gpfs/data/bbj-lab/users/daniel/input-representation-benchmark/outputs/runs/tokenized/mimiciv-3.1_meds_70-10-20/trentiles_none_fused_time_tokens_first_24h-tokenized/test/tokens_timelines_extended_outcomes.parquet
exp1_additional_binary,classification,severe_anemia,trentiles_unfused,brier,False,46844,0.0506933194212378,0.049221114507848,0.0523563835794774,/gpfs/data/bbj-lab/users/daniel/input-representation-benchmark/outputs/runs/tokenized/mimiciv-3.1_meds_70-10-20/trentiles_none_unfused_time_tokens_first_24h-tokenized/test/logistic_regression-preds-checkpoint-37000.pkl,/gpfs/data/bbj-lab/users/daniel/input-representation-benchmark/outputs/runs/tokenized/mimiciv-3.1_meds_70-10-20/trentiles_none_unfused_time_tokens_first_24h-tokenized/test/tokens_timelines_extended_outcomes.parquet
exp1_additional_binary,classification,severe_anemia,ventiles_5_10_5_fused,brier,False,46844,0.0491562701280152,0.0475842626490405,0.050619278604657,/gpfs/data/bbj-lab/users/daniel/input-representation-benchmark/outputs/runs/tokenized/mimiciv-3.1_meds_70-10-20/ventiles_5-10-5_fused_time_tokens_first_24h-tokenized/test/logistic_regression-preds-checkpoint-37000.pkl,/gpfs/data/bbj-lab/users/daniel/input-representation-benchmark/outputs/runs/tokenized/mimiciv-3.1_meds_70-10-20/ventiles_5-10-5_fused_time_tokens_first_24h-tokenized/test/tokens_timelines_extended_outcomes.parquet
exp1_additional_binary,classification,severe_anemia,ventiles_5_10_5_unfused,brier,False,46844,0.0509822908542149,0.0495027859635283,0.0526501148385211,/gpfs/data/bbj-lab/users/daniel/input-representation-benchmark/outputs/runs/tokenized/mimiciv-3.1_meds_70-10-20/ventiles_5-10-5_unfused_time_tokens_first_24h-tokenized/test/logistic_regression-preds-checkpoint-37000.pkl,/gpfs/data/bbj-lab/users/daniel/input-representation-benchmark/outputs/runs/tokenized/mimiciv-3.1_meds_70-10-20/ventiles_5-10-5_unfused_time_tokens_first_24h-tokenized/test/tokens_timelines_extended_outcomes.parquet
exp1_additional_binary,classification,severe_anemia,ventiles_fused,brier,False,46844,0.0485017061400093,0.046958199182336,0.0499685535860497,/gpfs/data/bbj-lab/users/daniel/input-representation-benchmark/outputs/runs/tokenized/mimiciv-3.1_meds_70-10-20/ventiles_none_fused_time_tokens_first_24h-tokenized/test/logistic_regression-preds-checkpoint-37000.pkl,/gpfs/data/bbj-lab/users/daniel/input-representation-benchmark/outputs/runs/tokenized/mimiciv-3.1_meds_70-10-20/ventiles_none_fused_time_tokens_first_24h-tokenized/test/tokens_timelines_extended_outcomes.parquet
exp1_additional_binary,classification,severe_anemia,ventiles_unfused,brier,False,46844,0.0507242992328453,0.0492384981763569,0.0523813073035668,/gpfs/data/bbj-lab/users/daniel/input-representation-benchmark/outputs/runs/tokenized/mimiciv-3.1_meds_70-10-20/ventiles_none_unfused_time_tokens_first_24h-tokenized/test/logistic_regression-preds-checkpoint-37000.pkl,/gpfs/data/bbj-lab/users/daniel/input-representation-benchmark/outputs/runs/tokenized/mimiciv-3.1_meds_70-10-20/ventiles_none_unfused_time_tokens_first_24h-tokenized/test/tokens_timelines_extended_outcomes.parquet
exp1_additional_binary,classification,severe_anemia,centiles_fused,ece_15,False,46844,0.0049823185729954,0.0039331978888838,0.007440712071776,/gpfs/data/bbj-lab/users/daniel/input-representation-benchmark/outputs/runs/tokenized/mimiciv-3.1_meds_70-10-20/centiles_none_fused_time_tokens_first_24h-tokenized/test/logistic_regression-preds-checkpoint-16500.pkl,/gpfs/data/bbj-lab/users/daniel/input-representation-benchmark/outputs/runs/tokenized/mimiciv-3.1_meds_70-10-20/centiles_none_fused_time_tokens_first_24h-tokenized/test/tokens_timelines_extended_outcomes.parquet
exp1_additional_binary,classification,severe_anemia,centiles_unfused,ece_15,False,46844,0.0055937377349453,0.0049022631062744,0.0085068533007002,/gpfs/data/bbj-lab/users/daniel/input-representation-benchmark/outputs/runs/tokenized/mimiciv-3.1_meds_70-10-20/centiles_none_unfused_time_tokens_first_24h-tokenized/test/logistic_regression-preds-checkpoint-37000.pkl,/gpfs/data/bbj-lab/users/daniel/input-representation-benchmark/outputs/runs/tokenized/mimiciv-3.1_meds_70-10-20/centiles_none_unfused_time_tokens_first_24h-tokenized/test/tokens_timelines_extended_outcomes.parquet
exp1_additional_binary,classification,severe_anemia,deciles_fused,ece_15,False,46844,0.0032583328711781,0.0025167561127044,0.0058716649912074,/gpfs/data/bbj-lab/users/daniel/input-representation-benchmark/outputs/runs/tokenized/mimiciv-3.1_meds_70-10-20/deciles_none_fused_time_tokens_first_24h-tokenized/test/logistic_regression-preds-checkpoint-17000.pkl,/gpfs/data/bbj-lab/users/daniel/input-representation-benchmark/outputs/runs/tokenized/mimiciv-3.1_meds_70-10-20/deciles_none_fused_time_tokens_first_24h-tokenized/test/tokens_timelines_extended_outcomes.parquet
exp1_additional_binary,classification,severe_anemia,deciles_unfused,ece_15,False,46844,0.0059605791165953,0.0047257806009848,0.0083721171156536,/gpfs/data/bbj-lab/users/daniel/input-representation-benchmark/outputs/runs/tokenized/mimiciv-3.1_meds_70-10-20/deciles_none_unfused_time_tokens_first_24h-tokenized/test/logistic_regression-preds-checkpoint-10000.pkl,/gpfs/data/bbj-lab/users/daniel/input-representation-benchmark/outputs/runs/tokenized/mimiciv-3.1_meds_70-10-20/deciles_none_unfused_time_tokens_first_24h-tokenized/test/tokens_timelines_extended_outcomes.parquet
exp1_additional_binary,classification,severe_anemia,trentiles_10_10_10_fused,ece_15,False,46844,0.0045598675163095,0.003956049931772,0.0074746986330593,/gpfs/data/bbj-lab/users/daniel/input-representation-benchmark/outputs/runs/tokenized/mimiciv-3.1_meds_70-10-20/trentiles_10-10-10_fused_time_tokens_first_24h-tokenized/test/logistic_regression-preds-checkpoint-37000.pkl,/gpfs/data/bbj-lab/users/daniel/input-representation-benchmark/outputs/runs/tokenized/mimiciv-3.1_meds_70-10-20/trentiles_10-10-10_fused_time_tokens_first_24h-tokenized/test/tokens_timelines_extended_outcomes.parquet
exp1_additional_binary,classification,severe_anemia,trentiles_10_10_10_unfused,ece_15,False,46844,0.0044030172918131,0.0033535471946245,0.0067680004672043,/gpfs/data/bbj-lab/users/daniel/input-representation-benchmark/outputs/runs/tokenized/mimiciv-3.1_meds_70-10-20/trentiles_10-10-10_unfused_time_tokens_first_24h-tokenized/test/logistic_regression-preds-checkpoint-10000.pkl,/gpfs/data/bbj-lab/users/daniel/input-representation-benchmark/outputs/runs/tokenized/mimiciv-3.1_meds_70-10-20/trentiles_10-10-10_unfused_time_tokens_first_24h-tokenized/test/tokens_timelines_extended_outcomes.parquet
exp1_additional_binary,classification,severe_anemia,trentiles_fused,ece_15,False,46844,0.0047391997143632,0.0039584656198124,0.007472670978017,/gpfs/data/bbj-lab/users/daniel/input-representation-benchmark/outputs/runs/tokenized/mimiciv-3.1_meds_70-10-20/trentiles_none_fused_time_tokens_first_24h-tokenized/test/logistic_regression-preds-checkpoint-37000.pkl,/gpfs/data/bbj-lab/users/daniel/input-representation-benchmark/outputs/runs/tokenized/mimiciv-3.1_meds_70-10-20/trentiles_none_fused_time_tokens_first_24h-tokenized/test/tokens_timelines_extended_outcomes.parquet
exp1_additional_binary,classification,severe_anemia,trentiles_unfused,ece_15,False,46844,0.0046850863308962,0.0036349467343192,0.0072330887829308,/gpfs/data/bbj-lab/users/daniel/input-representation-benchmark/outputs/runs/tokenized/mimiciv-3.1_meds_70-10-20/trentiles_none_unfused_time_tokens_first_24h-tokenized/test/logistic_regression-preds-checkpoint-37000.pkl,/gpfs/data/bbj-lab/users/daniel/input-representation-benchmark/outputs/runs/tokenized/mimiciv-3.1_meds_70-10-20/trentiles_none_unfused_time_tokens_first_24h-tokenized/test/tokens_timelines_extended_outcomes.parquet
exp1_additional_binary,classification,severe_anemia,ventiles_5_10_5_fused,ece_15,False,46844,0.0054054093574172,0.0041711151653953,0.0077677292523977,/gpfs/data/bbj-lab/users/daniel/input-representation-benchmark/outputs/runs/tokenized/mimiciv-3.1_meds_70-10-20/ventiles_5-10-5_fused_time_tokens_first_24h-tokenized/test/logistic_regression-preds-checkpoint-37000.pkl,/gpfs/data/bbj-lab/users/daniel/input-representation-benchmark/outputs/runs/tokenized/mimiciv-3.1_meds_70-10-20/ventiles_5-10-5_fused_time_tokens_first_24h-tokenized/test/tokens_timelines_extended_outcomes.parquet
exp1_additional_binary,classification,severe_anemia,ventiles_5_10_5_unfused,ece_15,False,46844,0.005960876539138,0.0046897082154708,0.0084719967751947,/gpfs/data/bbj-lab/users/daniel/input-representation-benchmark/outputs/runs/tokenized/mimiciv-3.1_meds_70-10-20/ventiles_5-10-5_unfused_time_tokens_first_24h-tokenized/test/logistic_regression-preds-checkpoint-37000.pkl,/gpfs/data/bbj-lab/users/daniel/input-representation-benchmark/outputs/runs/tokenized/mimiciv-3.1_meds_70-10-20/ventiles_5-10-5_unfused_time_tokens_first_24h-tokenized/test/tokens_timelines_extended_outcomes.parquet
exp1_additional_binary,classification,severe_anemia,ventiles_fused,ece_15,False,46844,0.004908923972216,0.0038392733055789,0.0073266429498985,/gpfs/data/bbj-lab/users/daniel/input-representation-benchmark/outputs/runs/tokenized/mimiciv-3.1_meds_70-10-20/ventiles_none_fused_time_tokens_first_24h-tokenized/test/logistic_regression-preds-checkpoint-37000.pkl,/gpfs/data/bbj-lab/users/daniel/input-representation-benchmark/outputs/runs/tokenized/mimiciv-3.1_meds_70-10-20/ventiles_none_fused_time_tokens_first_24h-tokenized/test/tokens_timelines_extended_outcomes.parquet
exp1_additional_binary,classification,severe_anemia,ventiles_unfused,ece_15,False,46844,0.0037707916331164,0.0030499979911765,0.0064350096782472,/gpfs/data/bbj-lab/users/daniel/input-representation-benchmark/outputs/runs/tokenized/mimiciv-3.1_meds_70-10-20/ventiles_none_unfused_time_tokens_first_24h-tokenized/test/logistic_regression-preds-checkpoint-37000.pkl,/gpfs/data/bbj-lab/users/daniel/input-representation-benchmark/outputs/runs/tokenized/mimiciv-3.1_meds_70-10-20/ventiles_none_unfused_time_tokens_first_24h-tokenized/test/tokens_timelines_extended_outcomes.parquet
exp1_additional_binary,classification,severe_anemia,centiles_fused,pr_auc,True,46844,0.2969223883547626,0.280718078510872,0.3146203012864141,/gpfs/data/bbj-lab/users/daniel/input-representation-benchmark/outputs/runs/tokenized/mimiciv-3.1_meds_70-10-20/centiles_none_fused_time_tokens_first_24h-tokenized/test/logistic_regression-preds-checkpoint-16500.pkl,/gpfs/data/bbj-lab/users/daniel/input-representation-benchmark/outputs/runs/tokenized/mimiciv-3.1_meds_70-10-20/centiles_none_fused_time_tokens_first_24h-tokenized/test/tokens_timelines_extended_outcomes.parquet
exp1_additional_binary,classification,severe_anemia,centiles_unfused,pr_auc,True,46844,0.2482295642324818,0.2339732935903263,0.2643910288341718,/gpfs/data/bbj-lab/users/daniel/input-representation-benchmark/outputs/runs/tokenized/mimiciv-3.1_meds_70-10-20/centiles_none_unfused_time_tokens_first_24h-tokenized/test/logistic_regression-preds-checkpoint-37000.pkl,/gpfs/data/bbj-lab/users/daniel/input-representation-benchmark/outputs/runs/tokenized/mimiciv-3.1_meds_70-10-20/centiles_none_unfused_time_tokens_first_24h-tokenized/test/tokens_timelines_extended_outcomes.parquet
exp1_additional_binary,classification,severe_anemia,deciles_fused,pr_auc,True,46844,0.3123243879252841,0.2958036315790255,0.3304909291640989,/gpfs/data/bbj-lab/users/daniel/input-representation-benchmark/outputs/runs/tokenized/mimiciv-3.1_meds_70-10-20/deciles_none_fused_time_tokens_first_24h-tokenized/test/logistic_regression-preds-checkpoint-17000.pkl,/gpfs/data/bbj-lab/users/daniel/input-representation-benchmark/outputs/runs/tokenized/mimiciv-3.1_meds_70-10-20/deciles_none_fused_time_tokens_first_24h-tokenized/test/tokens_timelines_extended_outcomes.parquet
exp1_additional_binary,classification,severe_anemia,deciles_unfused,pr_auc,True,46844,0.2352267661958885,0.2212543205926475,0.2519821311857459,/gpfs/data/bbj-lab/users/daniel/input-representation-benchmark/outputs/runs/tokenized/mimiciv-3.1_meds_70-10-20/deciles_none_unfused_time_tokens_first_24h-tokenized/test/logistic_regression-preds-checkpoint-10000.pkl,/gpfs/data/bbj-lab/users/daniel/input-representation-benchmark/outputs/runs/tokenized/mimiciv-3.1_meds_70-10-20/deciles_none_unfused_time_tokens_first_24h-tokenized/test/tokens_timelines_extended_outcomes.parquet
exp1_additional_binary,classification,severe_anemia,trentiles_10_10_10_fused,pr_auc,True,46844,0.2796471491290081,0.2635487978827924,0.2969937551895819,/gpfs/data/bbj-lab/users/daniel/input-representation-benchmark/outputs/runs/tokenized/mimiciv-3.1_meds_70-10-20/trentiles_10-10-10_fused_time_tokens_first_24h-tokenized/test/logistic_regression-preds-checkpoint-37000.pkl,/gpfs/data/bbj-lab/users/daniel/input-representation-benchmark/outputs/runs/tokenized/mimiciv-3.1_meds_70-10-20/trentiles_10-10-10_fused_time_tokens_first_24h-tokenized/test/tokens_timelines_extended_outcomes.parquet
exp1_additional_binary,classification,severe_anemia,trentiles_10_10_10_unfused,pr_auc,True,46844,0.237651092400572,0.2237729017254779,0.2545259742964488,/gpfs/data/bbj-lab/users/daniel/input-representation-benchmark/outputs/runs/tokenized/mimiciv-3.1_meds_70-10-20/trentiles_10-10-10_unfused_time_tokens_first_24h-tokenized/test/logistic_regression-preds-checkpoint-10000.pkl,/gpfs/data/bbj-lab/users/daniel/input-representation-benchmark/outputs/runs/tokenized/mimiciv-3.1_meds_70-10-20/trentiles_10-10-10_unfused_time_tokens_first_24h-tokenized/test/tokens_timelines_extended_outcomes.parquet
exp1_additional_binary,classification,severe_anemia,trentiles_fused,pr_auc,True,46844,0.2946002358672898,0.2777377760797199,0.3131560968389953,/gpfs/data/bbj-lab/users/daniel/input-representation-benchmark/outputs/runs/tokenized/mimiciv-3.1_meds_70-10-20/trentiles_none_fused_time_tokens_first_24h-tokenized/test/logistic_regression-preds-checkpoint-37000.pkl,/gpfs/data/bbj-lab/users/daniel/input-representation-benchmark/outputs/runs/tokenized/mimiciv-3.1_meds_70-10-20/trentiles_none_fused_time_tokens_first_24h-tokenized/test/tokens_timelines_extended_outcomes.parquet
exp1_additional_binary,classification,severe_anemia,trentiles_unfused,pr_auc,True,46844,0.258384406294571,0.244124931927619,0.2753911448828898,/gpfs/data/bbj-lab/users/daniel/input-representation-benchmark/outputs/runs/tokenized/mimiciv-3.1_meds_70-10-20/trentiles_none_unfused_time_tokens_first_24h-tokenized/test/logistic_regression-preds-checkpoint-37000.pkl,/gpfs/data/bbj-lab/users/daniel/input-representation-benchmark/outputs/runs/tokenized/mimiciv-3.1_meds_70-10-20/trentiles_none_unfused_time_tokens_first_24h-tokenized/test/tokens_timelines_extended_outcomes.parquet
exp1_additional_binary,classification,severe_anemia,ventiles_5_10_5_fused,pr_auc,True,46844,0.296915595973668,0.2815556059100113,0.315591509167936,/gpfs/data/bbj-lab/users/daniel/input-representation-benchmark/outputs/runs/tokenized/mimiciv-3.1_meds_70-10-20/ventiles_5-10-5_fused_time_tokens_first_24h-tokenized/test/logistic_regression-preds-checkpoint-37000.pkl,/gpfs/data/bbj-lab/users/daniel/input-representation-benchmark/outputs/runs/tokenized/mimiciv-3.1_meds_70-10-20/ventiles_5-10-5_fused_time_tokens_first_24h-tokenized/test/tokens_timelines_extended_outcomes.parquet
exp1_additional_binary,classification,severe_anemia,ventiles_5_10_5_unfused,pr_auc,True,46844,0.2531934837086734,0.2394431526556834,0.2696944163312441,/gpfs/data/bbj-lab/users/daniel/input-representation-benchmark/outputs/runs/tokenized/mimiciv-3.1_meds_70-10-20/ventiles_5-10-5_unfused_time_tokens_first_24h-tokenized/test/logistic_regression-preds-checkpoint-37000.pkl,/gpfs/data/bbj-lab/users/daniel/input-representation-benchmark/outputs/runs/tokenized/mimiciv-3.1_meds_70-10-20/ventiles_5-10-5_unfused_time_tokens_first_24h-tokenized/test/tokens_timelines_extended_outcomes.parquet
exp1_additional_binary,classification,severe_anemia,ventiles_fused,pr_auc,True,46844,0.3128256682885506,0.2957639620752246,0.3314831790794575,/gpfs/data/bbj-lab/users/daniel/input-representation-benchmark/outputs/runs/tokenized/mimiciv-3.1_meds_70-10-20/ventiles_none_fused_time_tokens_first_24h-tokenized/test/logistic_regression-preds-checkpoint-37000.pkl,/gpfs/data/bbj-lab/users/daniel/input-representation-benchmark/outputs/runs/tokenized/mimiciv-3.1_meds_70-10-20/ventiles_none_fused_time_tokens_first_24h-tokenized/test/tokens_timelines_extended_outcomes.parquet
exp1_additional_binary,classification,severe_anemia,ventiles_unfused,pr_auc,True,46844,0.2568973186196092,0.2422522153120313,0.2731728710341183,/gpfs/data/bbj-lab/users/daniel/input-representation-benchmark/outputs/runs/tokenized/mimiciv-3.1_meds_70-10-20/ventiles_none_unfused_time_tokens_first_24h-tokenized/test/logistic_regression-preds-checkpoint-37000.pkl,/gpfs/data/bbj-lab/users/daniel/input-representation-benchmark/outputs/runs/tokenized/mimiciv-3.1_meds_70-10-20/ventiles_none_unfused_time_tokens_first_24h-tokenized/test/tokens_timelines_extended_outcomes.parquet
exp1_additional_binary,classification,severe_anemia,centiles_fused,roc_auc,True,46844,0.8410310903461473,0.8336532181190969,0.8484496404968591,/gpfs/data/bbj-lab/users/daniel/input-representation-benchmark/outputs/runs/tokenized/mimiciv-3.1_meds_70-10-20/centiles_none_fused_time_tokens_first_24h-tokenized/test/logistic_regression-preds-checkpoint-16500.pkl,/gpfs/data/bbj-lab/users/daniel/input-representation-benchmark/outputs/runs/tokenized/mimiciv-3.1_meds_70-10-20/centiles_none_fused_time_tokens_first_24h-tokenized/test/tokens_timelines_extended_outcomes.parquet
exp1_additional_binary,classification,severe_anemia,centiles_unfused,roc_auc,True,46844,0.8189044021965488,0.8107893450652929,0.8264398823584223,/gpfs/data/bbj-lab/users/daniel/input-representation-benchmark/outputs/runs/tokenized/mimiciv-3.1_meds_70-10-20/centiles_none_unfused_time_tokens_first_24h-tokenized/test/logistic_regression-preds-checkpoint-37000.pkl,/gpfs/data/bbj-lab/users/daniel/input-representation-benchmark/outputs/runs/tokenized/mimiciv-3.1_meds_70-10-20/centiles_none_unfused_time_tokens_first_24h-tokenized/test/tokens_timelines_extended_outcomes.parquet
exp1_additional_binary,classification,severe_anemia,deciles_fused,roc_auc,True,46844,0.8482923278540763,0.8411400444922923,0.8555751100002477,/gpfs/data/bbj-lab/users/daniel/input-representation-benchmark/outputs/runs/tokenized/mimiciv-3.1_meds_70-10-20/deciles_none_fused_time_tokens_first_24h-tokenized/test/logistic_regression-preds-checkpoint-17000.pkl,/gpfs/data/bbj-lab/users/daniel/input-representation-benchmark/outputs/runs/tokenized/mimiciv-3.1_meds_70-10-20/deciles_none_fused_time_tokens_first_24h-tokenized/test/tokens_timelines_extended_outcomes.parquet
exp1_additional_binary,classification,severe_anemia,deciles_unfused,roc_auc,True,46844,0.8048595297959313,0.7966501829677023,0.8128660750175551,/gpfs/data/bbj-lab/users/daniel/input-representation-benchmark/outputs/runs/tokenized/mimiciv-3.1_meds_70-10-20/deciles_none_unfused_time_tokens_first_24h-tokenized/test/logistic_regression-preds-checkpoint-10000.pkl,/gpfs/data/bbj-lab/users/daniel/input-representation-benchmark/outputs/runs/tokenized/mimiciv-3.1_meds_70-10-20/deciles_none_unfused_time_tokens_first_24h-tokenized/test/tokens_timelines_extended_outcomes.parquet
exp1_additional_binary,classification,severe_anemia,trentiles_10_10_10_fused,roc_auc,True,46844,0.8290899888211218,0.8218802872542004,0.8366598585988267,/gpfs/data/bbj-lab/users/daniel/input-representation-benchmark/outputs/runs/tokenized/mimiciv-3.1_meds_70-10-20/trentiles_10-10-10_fused_time_tokens_first_24h-tokenized/test/logistic_regression-preds-checkpoint-37000.pkl,/gpfs/data/bbj-lab/users/daniel/input-representation-benchmark/outputs/runs/tokenized/mimiciv-3.1_meds_70-10-20/trentiles_10-10-10_fused_time_tokens_first_24h-tokenized/test/tokens_timelines_extended_outcomes.parquet
exp1_additional_binary,classification,severe_anemia,trentiles_10_10_10_unfused,roc_auc,True,46844,0.7945362356460578,0.7857377495997201,0.8027048567296516,/gpfs/data/bbj-lab/users/daniel/input-representation-benchmark/outputs/runs/tokenized/mimiciv-3.1_meds_70-10-20/trentiles_10-10-10_unfused_time_tokens_first_24h-tokenized/test/logistic_regression-preds-checkpoint-10000.pkl,/gpfs/data/bbj-lab/users/daniel/input-representation-benchmark/outputs/runs/tokenized/mimiciv-3.1_meds_70-10-20/trentiles_10-10-10_unfused_time_tokens_first_24h-tokenized/test/tokens_timelines_extended_outcomes.parquet
exp1_additional_binary,classification,severe_anemia,trentiles_fused,roc_auc,True,46844,0.8362622972760316,0.8288324366644289,0.8438809157469204,/gpfs/data/bbj-lab/users/daniel/input-representation-benchmark/outputs/runs/tokenized/mimiciv-3.1_meds_70-10-20/trentiles_none_fused_time_tokens_first_24h-tokenized/test/logistic_regression-preds-checkpoint-37000.pkl,/gpfs/data/bbj-lab/users/daniel/input-representation-benchmark/outputs/runs/tokenized/mimiciv-3.1_meds_70-10-20/trentiles_none_fused_time_tokens_first_24h-tokenized/test/tokens_timelines_extended_outcomes.parquet
exp1_additional_binary,classification,severe_anemia,trentiles_unfused,roc_auc,True,46844,0.8232725502558543,0.8156878389229997,0.8304187535195753,/gpfs/data/bbj-lab/users/daniel/input-representation-benchmark/outputs/runs/tokenized/mimiciv-3.1_meds_70-10-20/trentiles_none_unfused_time_tokens_first_24h-tokenized/test/logistic_regression-preds-checkpoint-37000.pkl,/gpfs/data/bbj-lab/users/daniel/input-representation-benchmark/outputs/runs/tokenized/mimiciv-3.1_meds_70-10-20/trentiles_none_unfused_time_tokens_first_24h-tokenized/test/tokens_timelines_extended_outcomes.parquet
exp1_additional_binary,classification,severe_anemia,ventiles_5_10_5_fused,roc_auc,True,46844,0.8415179943465431,0.8343873365051506,0.8488386240698099,/gpfs/data/bbj-lab/users/daniel/input-representation-benchmark/outputs/runs/tokenized/mimiciv-3.1_meds_70-10-20/ventiles_5-10-5_fused_time_tokens_first_24h-tokenized/test/logistic_regression-preds-checkpoint-37000.pkl,/gpfs/data/bbj-lab/users/daniel/input-representation-benchmark/outputs/runs/tokenized/mimiciv-3.1_meds_70-10-20/ventiles_5-10-5_fused_time_tokens_first_24h-tokenized/test/tokens_timelines_extended_outcomes.parquet
exp1_additional_binary,classification,severe_anemia,ventiles_5_10_5_unfused,roc_auc,True,46844,0.8212565965710455,0.8137276522957406,0.8286552342692436,/gpfs/data/bbj-lab/users/daniel/input-representation-benchmark/outputs/runs/tokenized/mimiciv-3.1_meds_70-10-20/ventiles_5-10-5_unfused_time_tokens_first_24h-tokenized/test/logistic_regression-preds-checkpoint-37000.pkl,/gpfs/data/bbj-lab/users/daniel/input-representation-benchmark/outputs/runs/tokenized/mimiciv-3.1_meds_70-10-20/ventiles_5-10-5_unfused_time_tokens_first_24h-tokenized/test/tokens_timelines_extended_outcomes.parquet
exp1_additional_binary,classification,severe_anemia,ventiles_fused,roc_auc,True,46844,0.8456834208285224,0.8387232882491693,0.8528022880047571,/gpfs/data/bbj-lab/users/daniel/input-representation-benchmark/outputs/runs/tokenized/mimiciv-3.1_meds_70-10-20/ventiles_none_fused_time_tokens_first_24h-tokenized/test/logistic_regression-preds-checkpoint-37000.pkl,/gpfs/data/bbj-lab/users/daniel/input-representation-benchmark/outputs/runs/tokenized/mimiciv-3.1_meds_70-10-20/ventiles_none_fused_time_tokens_first_24h-tokenized/test/tokens_timelines_extended_outcomes.parquet
exp1_additional_binary,classification,severe_anemia,ventiles_unfused,roc_auc,True,46844,0.8199308263876616,0.8124658075360569,0.8274527599780979,/gpfs/data/bbj-lab/users/daniel/input-representation-benchmark/outputs/runs/tokenized/mimiciv-3.1_meds_70-10-20/ventiles_none_unfused_time_tokens_first_24h-tokenized/test/logistic_regression-preds-checkpoint-37000.pkl,/gpfs/data/bbj-lab/users/daniel/input-representation-benchmark/outputs/runs/tokenized/mimiciv-3.1_meds_70-10-20/ventiles_none_unfused_time_tokens_first_24h-tokenized/test/tokens_timelines_extended_outcomes.parquet
exp1_additional_binary,classification,severe_hypernatremia,centiles_fused,brier,False,47890,0.0017333689620695,0.0013894704399523,0.0020999597893508,/gpfs/data/bbj-lab/users/daniel/input-representation-benchmark/outputs/runs/tokenized/mimiciv-3.1_meds_70-10-20/centiles_none_fused_time_tokens_first_24h-tokenized/test/logistic_regression-preds-checkpoint-16500.pkl,/gpfs/data/bbj-lab/users/daniel/input-representation-benchmark/outputs/runs/tokenized/mimiciv-3.1_meds_70-10-20/centiles_none_fused_time_tokens_first_24h-tokenized/test/tokens_timelines_extended_outcomes.parquet
exp1_additional_binary,classification,severe_hypernatremia,centiles_unfused,brier,False,47890,0.001715363402765,0.0013751933007956,0.0020920545957681,/gpfs/data/bbj-lab/users/daniel/input-representation-benchmark/outputs/runs/tokenized/mimiciv-3.1_meds_70-10-20/centiles_none_unfused_time_tokens_first_24h-tokenized/test/logistic_regression-preds-checkpoint-37000.pkl,/gpfs/data/bbj-lab/users/daniel/input-representation-benchmark/outputs/runs/tokenized/mimiciv-3.1_meds_70-10-20/centiles_none_unfused_time_tokens_first_24h-tokenized/test/tokens_timelines_extended_outcomes.parquet
exp1_additional_binary,classification,severe_hypernatremia,deciles_fused,brier,False,47890,0.0017061109509714,0.0013635593153983,0.0020632850900456,/gpfs/data/bbj-lab/users/daniel/input-representation-benchmark/outputs/runs/tokenized/mimiciv-3.1_meds_70-10-20/deciles_none_fused_time_tokens_first_24h-tokenized/test/logistic_regression-preds-checkpoint-17000.pkl,/gpfs/data/bbj-lab/users/daniel/input-representation-benchmark/outputs/runs/tokenized/mimiciv-3.1_meds_70-10-20/deciles_none_fused_time_tokens_first_24h-tokenized/test/tokens_timelines_extended_outcomes.parquet
exp1_additional_binary,classification,severe_hypernatremia,deciles_unfused,brier,False,47890,0.0017183641161462,0.0013717736966355,0.0020947139572755,/gpfs/data/bbj-lab/users/daniel/input-representation-benchmark/outputs/runs/tokenized/mimiciv-3.1_meds_70-10-20/deciles_none_unfused_time_tokens_first_24h-tokenized/test/logistic_regression-preds-checkpoint-10000.pkl,/gpfs/data/bbj-lab/users/daniel/input-representation-benchmark/outputs/runs/tokenized/mimiciv-3.1_meds_70-10-20/deciles_none_unfused_time_tokens_first_24h-tokenized/test/tokens_timelines_extended_outcomes.parquet
exp1_additional_binary,classification,severe_hypernatremia,trentiles_10_10_10_fused,brier,False,47890,0.0017250013019353,0.001382089916662,0.0020868319866495,/gpfs/data/bbj-lab/users/daniel/input-representation-benchmark/outputs/runs/tokenized/mimiciv-3.1_meds_70-10-20/trentiles_10-10-10_fused_time_tokens_first_24h-tokenized/test/logistic_regression-preds-checkpoint-37000.pkl,/gpfs/data/bbj-lab/users/daniel/input-representation-benchmark/outputs/runs/tokenized/mimiciv-3.1_meds_70-10-20/trentiles_10-10-10_fused_time_tokens_first_24h-tokenized/test/tokens_timelines_extended_outcomes.parquet
exp1_additional_binary,classification,severe_hypernatremia,trentiles_10_10_10_unfused,brier,False,47890,0.0017105957660802,0.0013714907832423,0.0020824230205739,/gpfs/data/bbj-lab/users/daniel/input-representation-benchmark/outputs/runs/tokenized/mimiciv-3.1_meds_70-10-20/trentiles_10-10-10_unfused_time_tokens_first_24h-tokenized/test/logistic_regression-preds-checkpoint-10000.pkl,/gpfs/data/bbj-lab/users/daniel/input-representation-benchmark/outputs/runs/tokenized/mimiciv-3.1_meds_70-10-20/trentiles_10-10-10_unfused_time_tokens_first_24h-tokenized/test/tokens_timelines_extended_outcomes.parquet
exp1_additional_binary,classification,severe_hypernatremia,trentiles_fused,brier,False,47890,0.0017729629695254,0.0014271828973191,0.0021439079452678,/gpfs/data/bbj-lab/users/daniel/input-representation-benchmark/outputs/runs/tokenized/mimiciv-3.1_meds_70-10-20/trentiles_none_fused_time_tokens_first_24h-tokenized/test/logistic_regression-preds-checkpoint-37000.pkl,/gpfs/data/bbj-lab/users/daniel/input-representation-benchmark/outputs/runs/tokenized/mimiciv-3.1_meds_70-10-20/trentiles_none_fused_time_tokens_first_24h-tokenized/test/tokens_timelines_extended_outcomes.parquet
exp1_additional_binary,classification,severe_hypernatremia,trentiles_unfused,brier,False,47890,0.0016680090842768,0.0013321850471315,0.0020323158375369,/gpfs/data/bbj-lab/users/daniel/input-representation-benchmark/outputs/runs/tokenized/mimiciv-3.1_meds_70-10-20/trentiles_none_unfused_time_tokens_first_24h-tokenized/test/logistic_regression-preds-checkpoint-37000.pkl,/gpfs/data/bbj-lab/users/daniel/input-representation-benchmark/outputs/runs/tokenized/mimiciv-3.1_meds_70-10-20/trentiles_none_unfused_time_tokens_first_24h-tokenized/test/tokens_timelines_extended_outcomes.parquet
exp1_additional_binary,classification,severe_hypernatremia,ventiles_5_10_5_fused,brier,False,47890,0.0017210695363418,0.0013853329390227,0.0020863628123861,/gpfs/data/bbj-lab/users/daniel/input-representation-benchmark/outputs/runs/tokenized/mimiciv-3.1_meds_70-10-20/ventiles_5-10-5_fused_time_tokens_first_24h-tokenized/test/logistic_regression-preds-checkpoint-37000.pkl,/gpfs/data/bbj-lab/users/daniel/input-representation-benchmark/outputs/runs/tokenized/mimiciv-3.1_meds_70-10-20/ventiles_5-10-5_fused_time_tokens_first_24h-tokenized/test/tokens_timelines_extended_outcomes.parquet
exp1_additional_binary,classification,severe_hypernatremia,ventiles_5_10_5_unfused,brier,False,47890,0.0017010615817072,0.0013663650386653,0.0020633882583192,/gpfs/data/bbj-lab/users/daniel/input-representation-benchmark/outputs/runs/tokenized/mimiciv-3.1_meds_70-10-20/ventiles_5-10-5_unfused_time_tokens_first_24h-tokenized/test/logistic_regression-preds-checkpoint-37000.pkl,/gpfs/data/bbj-lab/users/daniel/input-representation-benchmark/outputs/runs/tokenized/mimiciv-3.1_meds_70-10-20/ventiles_5-10-5_unfused_time_tokens_first_24h-tokenized/test/tokens_timelines_extended_outcomes.parquet
exp1_additional_binary,classification,severe_hypernatremia,ventiles_fused,brier,False,47890,0.0017069789990543,0.0013716350165293,0.0020678709561963,/gpfs/data/bbj-lab/users/daniel/input-representation-benchmark/outputs/runs/tokenized/mimiciv-3.1_meds_70-10-20/ventiles_none_fused_time_tokens_first_24h-tokenized/test/logistic_regression-preds-checkpoint-37000.pkl,/gpfs/data/bbj-lab/users/daniel/input-representation-benchmark/outputs/runs/tokenized/mimiciv-3.1_meds_70-10-20/ventiles_none_fused_time_tokens_first_24h-tokenized/test/tokens_timelines_extended_outcomes.parquet
exp1_additional_binary,classification,severe_hypernatremia,ventiles_unfused,brier,False,47890,0.0017352952587915,0.0013903559867651,0.0021041785736483,/gpfs/data/bbj-lab/users/daniel/input-representation-benchmark/outputs/runs/tokenized/mimiciv-3.1_meds_70-10-20/ventiles_none_unfused_time_tokens_first_24h-tokenized/test/logistic_regression-preds-checkpoint-37000.pkl,/gpfs/data/bbj-lab/users/daniel/input-representation-benchmark/outputs/runs/tokenized/mimiciv-3.1_meds_70-10-20/ventiles_none_unfused_time_tokens_first_24h-tokenized/test/tokens_timelines_extended_outcomes.parquet
exp1_additional_binary,classification,severe_hypernatremia,centiles_fused,ece_15,False,47890,0.0005766246750631,0.0004045950472501,0.0009883877477371,/gpfs/data/bbj-lab/users/daniel/input-representation-benchmark/outputs/runs/tokenized/mimiciv-3.1_meds_70-10-20/centiles_none_fused_time_tokens_first_24h-tokenized/test/logistic_regression-preds-checkpoint-16500.pkl,/gpfs/data/bbj-lab/users/daniel/input-representation-benchmark/outputs/runs/tokenized/mimiciv-3.1_meds_70-10-20/centiles_none_fused_time_tokens_first_24h-tokenized/test/tokens_timelines_extended_outcomes.parquet
exp1_additional_binary,classification,severe_hypernatremia,centiles_unfused,ece_15,False,47890,0.0005071628769289,0.000342512482246,0.0009169640347842,/gpfs/data/bbj-lab/users/daniel/input-representation-benchmark/outputs/runs/tokenized/mimiciv-3.1_meds_70-10-20/centiles_none_unfused_time_tokens_first_24h-tokenized/test/logistic_regression-preds-checkpoint-37000.pkl,/gpfs/data/bbj-lab/users/daniel/input-representation-benchmark/outputs/runs/tokenized/mimiciv-3.1_meds_70-10-20/centiles_none_unfused_time_tokens_first_24h-tokenized/test/tokens_timelines_extended_outcomes.parquet
exp1_additional_binary,classification,severe_hypernatremia,deciles_fused,ece_15,False,47890,0.000565169372543,0.0003498815426744,0.0009674389091643,/gpfs/data/bbj-lab/users/daniel/input-representation-benchmark/outputs/runs/tokenized/mimiciv-3.1_meds_70-10-20/deciles_none_fused_time_tokens_first_24h-tokenized/test/logistic_regression-preds-checkpoint-17000.pkl,/gpfs/data/bbj-lab/users/daniel/input-representation-benchmark/outputs/runs/tokenized/mimiciv-3.1_meds_70-10-20/deciles_none_fused_time_tokens_first_24h-tokenized/test/tokens_timelines_extended_outcomes.parquet
exp1_additional_binary,classification,severe_hypernatremia,deciles_unfused,ece_15,False,47890,0.0003216811079637,0.0003160908167456,0.0008180460281466,/gpfs/data/bbj-lab/users/daniel/input-representation-benchmark/outputs/runs/tokenized/mimiciv-3.1_meds_70-10-20/deciles_none_unfused_time_tokens_first_24h-tokenized/test/logistic_regression-preds-checkpoint-10000.pkl,/gpfs/data/bbj-lab/users/daniel/input-representation-benchmark/outputs/runs/tokenized/mimiciv-3.1_meds_70-10-20/deciles_none_unfused_time_tokens_first_24h-tokenized/test/tokens_timelines_extended_outcomes.parquet
exp1_additional_binary,classification,severe_hypernatremia,trentiles_10_10_10_fused,ece_15,False,47890,0.0005440690490736,0.0003442480307454,0.0009603819503476,/gpfs/data/bbj-lab/users/daniel/input-representation-benchmark/outputs/runs/tokenized/mimiciv-3.1_meds_70-10-20/trentiles_10-10-10_fused_time_tokens_first_24h-tokenized/test/logistic_regression-preds-checkpoint-37000.pkl,/gpfs/data/bbj-lab/users/daniel/input-representation-benchmark/outputs/runs/tokenized/mimiciv-3.1_meds_70-10-20/trentiles_10-10-10_fused_time_tokens_first_24h-tokenized/test/tokens_timelines_extended_outcomes.parquet
exp1_additional_binary,classification,severe_hypernatremia,trentiles_10_10_10_unfused,ece_15,False,47890,0.0005590410595455,0.0003836136564585,0.0009673346129217,/gpfs/data/bbj-lab/users/daniel/input-representation-benchmark/outputs/runs/tokenized/mimiciv-3.1_meds_70-10-20/trentiles_10-10-10_unfused_time_tokens_first_24h-tokenized/test/logistic_regression-preds-checkpoint-10000.pkl,/gpfs/data/bbj-lab/users/daniel/input-representation-benchmark/outputs/runs/tokenized/mimiciv-3.1_meds_70-10-20/trentiles_10-10-10_unfused_time_tokens_first_24h-tokenized/test/tokens_timelines_extended_outcomes.parquet
exp1_additional_binary,classification,severe_hypernatremia,trentiles_fused,ece_15,False,47890,0.0005819177183287,0.0004181440522211,0.0010085831757016,/gpfs/data/bbj-lab/users/daniel/input-representation-benchmark/outputs/runs/tokenized/mimiciv-3.1_meds_70-10-20/trentiles_none_fused_time_tokens_first_24h-tokenized/test/logistic_regression-preds-checkpoint-37000.pkl,/gpfs/data/bbj-lab/users/daniel/input-representation-benchmark/outputs/runs/tokenized/mimiciv-3.1_meds_70-10-20/trentiles_none_fused_time_tokens_first_24h-tokenized/test/tokens_timelines_extended_outcomes.parquet
exp1_additional_binary,classification,severe_hypernatremia,trentiles_unfused,ece_15,False,47890,0.0003499087736842,0.0002818633159076,0.000794952536846,/gpfs/data/bbj-lab/users/daniel/input-representation-benchmark/outputs/runs/tokenized/mimiciv-3.1_meds_70-10-20/trentiles_none_unfused_time_tokens_first_24h-tokenized/test/logistic_regression-preds-checkpoint-37000.pkl,/gpfs/data/bbj-lab/users/daniel/input-representation-benchmark/outputs/runs/tokenized/mimiciv-3.1_meds_70-10-20/trentiles_none_unfused_time_tokens_first_24h-tokenized/test/tokens_timelines_extended_outcomes.parquet
exp1_additional_binary,classification,severe_hypernatremia,ventiles_5_10_5_fused,ece_15,False,47890,0.0005813565701012,0.0003972510183168,0.0010031917812012,/gpfs/data/bbj-lab/users/daniel/input-representation-benchmark/outputs/runs/tokenized/mimiciv-3.1_meds_70-10-20/ventiles_5-10-5_fused_time_tokens_first_24h-tokenized/test/logistic_regression-preds-checkpoint-37000.pkl,/gpfs/data/bbj-lab/users/daniel/input-representation-benchmark/outputs/runs/tokenized/mimiciv-3.1_meds_70-10-20/ventiles_5-10-5_fused_time_tokens_first_24h-tokenized/test/tokens_timelines_extended_outcomes.parquet
exp1_additional_binary,classification,severe_hypernatremia,ventiles_5_10_5_unfused,ece_15,False,47890,0.000445060920131,0.0003194765609175,0.0008661544879488,/gpfs/data/bbj-lab/users/daniel/input-representation-benchmark/outputs/runs/tokenized/mimiciv-3.1_meds_70-10-20/ventiles_5-10-5_unfused_time_tokens_first_24h-tokenized/test/logistic_regression-preds-checkpoint-37000.pkl,/gpfs/data/bbj-lab/users/daniel/input-representation-benchmark/outputs/runs/tokenized/mimiciv-3.1_meds_70-10-20/ventiles_5-10-5_unfused_time_tokens_first_24h-tokenized/test/tokens_timelines_extended_outcomes.parquet
exp1_additional_binary,classification,severe_hypernatremia,ventiles_fused,ece_15,False,47890,0.0004684700929232,0.0003202524130645,0.0008875703499313,/gpfs/data/bbj-lab/users/daniel/input-representation-benchmark/outputs/runs/tokenized/mimiciv-3.1_meds_70-10-20/ventiles_none_fused_time_tokens_first_24h-tokenized/test/logistic_regression-preds-checkpoint-37000.pkl,/gpfs/data/bbj-lab/users/daniel/input-representation-benchmark/outputs/runs/tokenized/mimiciv-3.1_meds_70-10-20/ventiles_none_fused_time_tokens_first_24h-tokenized/test/tokens_timelines_extended_outcomes.parquet
exp1_additional_binary,classification,severe_hypernatremia,ventiles_unfused,ece_15,False,47890,0.0005583651928407,0.0003716212528365,0.0009530808762681,/gpfs/data/bbj-lab/users/daniel/input-representation-benchmark/outputs/runs/tokenized/mimiciv-3.1_meds_70-10-20/ventiles_none_unfused_time_tokens_first_24h-tokenized/test/logistic_regression-preds-checkpoint-37000.pkl,/gpfs/data/bbj-lab/users/daniel/input-representation-benchmark/outputs/runs/tokenized/mimiciv-3.1_meds_70-10-20/ventiles_none_unfused_time_tokens_first_24h-tokenized/test/tokens_timelines_extended_outcomes.parquet
exp1_additional_binary,classification,severe_hypernatremia,centiles_fused,pr_auc,True,47890,0.0559620618333129,0.0312101180785684,0.1051082859332284,/gpfs/data/bbj-lab/users/daniel/input-representation-benchmark/outputs/runs/tokenized/mimiciv-3.1_meds_70-10-20/centiles_none_fused_time_tokens_first_24h-tokenized/test/logistic_regression-preds-checkpoint-16500.pkl,/gpfs/data/bbj-lab/users/daniel/input-representation-benchmark/outputs/runs/tokenized/mimiciv-3.1_meds_70-10-20/centiles_none_fused_time_tokens_first_24h-tokenized/test/tokens_timelines_extended_outcomes.parquet
exp1_additional_binary,classification,severe_hypernatremia,centiles_unfused,pr_auc,True,47890,0.06696194704887,0.0348160894306889,0.1285471868110796,/gpfs/data/bbj-lab/users/daniel/input-representation-benchmark/outputs/runs/tokenized/mimiciv-3.1_meds_70-10-20/centiles_none_unfused_time_tokens_first_24h-tokenized/test/logistic_regression-preds-checkpoint-37000.pkl,/gpfs/data/bbj-lab/users/daniel/input-representation-benchmark/outputs/runs/tokenized/mimiciv-3.1_meds_70-10-20/centiles_none_unfused_time_tokens_first_24h-tokenized/test/tokens_timelines_extended_outcomes.parquet
exp1_additional_binary,classification,severe_hypernatremia,deciles_fused,pr_auc,True,47890,0.0694880067714252,0.0386867596677502,0.1306231694104069,/gpfs/data/bbj-lab/users/daniel/input-representation-benchmark/outputs/runs/tokenized/mimiciv-3.1_meds_70-10-20/deciles_none_fused_time_tokens_first_24h-tokenized/test/logistic_regression-preds-checkpoint-17000.pkl,/gpfs/data/bbj-lab/users/daniel/input-representation-benchmark/outputs/runs/tokenized/mimiciv-3.1_meds_70-10-20/deciles_none_fused_time_tokens_first_24h-tokenized/test/tokens_timelines_extended_outcomes.parquet
exp1_additional_binary,classification,severe_hypernatremia,deciles_unfused,pr_auc,True,47890,0.0573869837246163,0.0314542534603945,0.1121546340682803,/gpfs/data/bbj-lab/users/daniel/input-representation-benchmark/outputs/runs/tokenized/mimiciv-3.1_meds_70-10-20/deciles_none_unfused_time_tokens_first_24h-tokenized/test/logistic_regression-preds-checkpoint-10000.pkl,/gpfs/data/bbj-lab/users/daniel/input-representation-benchmark/outputs/runs/tokenized/mimiciv-3.1_meds_70-10-20/deciles_none_unfused_time_tokens_first_24h-tokenized/test/tokens_timelines_extended_outcomes.parquet
exp1_additional_binary,classification,severe_hypernatremia,trentiles_10_10_10_fused,pr_auc,True,47890,0.0601938486008138,0.0322655043020103,0.1176746539404731,/gpfs/data/bbj-lab/users/daniel/input-representation-benchmark/outputs/runs/tokenized/mimiciv-3.1_meds_70-10-20/trentiles_10-10-10_fused_time_tokens_first_24h-tokenized/test/logistic_regression-preds-checkpoint-37000.pkl,/gpfs/data/bbj-lab/users/daniel/input-representation-benchmark/outputs/runs/tokenized/mimiciv-3.1_meds_70-10-20/trentiles_10-10-10_fused_time_tokens_first_24h-tokenized/test/tokens_timelines_extended_outcomes.parquet
exp1_additional_binary,classification,severe_hypernatremia,trentiles_10_10_10_unfused,pr_auc,True,47890,0.0627620069144341,0.0344697781770372,0.1161133231866314,/gpfs/data/bbj-lab/users/daniel/input-representation-benchmark/outputs/runs/tokenized/mimiciv-3.1_meds_70-10-20/trentiles_10-10-10_unfused_time_tokens_first_24h-tokenized/test/logistic_regression-preds-checkpoint-10000.pkl,/gpfs/data/bbj-lab/users/daniel/input-representation-benchmark/outputs/runs/tokenized/mimiciv-3.1_meds_70-10-20/trentiles_10-10-10_unfused_time_tokens_first_24h-tokenized/test/tokens_timelines_extended_outcomes.parquet
exp1_additional_binary,classification,severe_hypernatremia,trentiles_fused,pr_auc,True,47890,0.0461114286637946,0.0268354037355551,0.0800078849038844,/gpfs/data/bbj-lab/users/daniel/input-representation-benchmark/outputs/runs/tokenized/mimiciv-3.1_meds_70-10-20/trentiles_none_fused_time_tokens_first_24h-tokenized/test/logistic_regression-preds-checkpoint-37000.pkl,/gpfs/data/bbj-lab/users/daniel/input-representation-benchmark/outputs/runs/tokenized/mimiciv-3.1_meds_70-10-20/trentiles_none_fused_time_tokens_first_24h-tokenized/test/tokens_timelines_extended_outcomes.parquet
exp1_additional_binary,classification,severe_hypernatremia,trentiles_unfused,pr_auc,True,47890,0.0932693677273076,0.0505933516136483,0.1622572689926225,/gpfs/data/bbj-lab/users/daniel/input-representation-benchmark/outputs/runs/tokenized/mimiciv-3.1_meds_70-10-20/trentiles_none_unfused_time_tokens_first_24h-tokenized/test/logistic_regression-preds-checkpoint-37000.pkl,/gpfs/data/bbj-lab/users/daniel/input-representation-benchmark/outputs/runs/tokenized/mimiciv-3.1_meds_70-10-20/trentiles_none_unfused_time_tokens_first_24h-tokenized/test/tokens_timelines_extended_outcomes.parquet
exp1_additional_binary,classification,severe_hypernatremia,ventiles_5_10_5_fused,pr_auc,True,47890,0.0653857664244031,0.0359418973499365,0.1198007985943594,/gpfs/data/bbj-lab/users/daniel/input-representation-benchmark/outputs/runs/tokenized/mimiciv-3.1_meds_70-10-20/ventiles_5-10-5_fused_time_tokens_first_24h-tokenized/test/logistic_regression-preds-checkpoint-37000.pkl,/gpfs/data/bbj-lab/users/daniel/input-representation-benchmark/outputs/runs/tokenized/mimiciv-3.1_meds_70-10-20/ventiles_5-10-5_fused_time_tokens_first_24h-tokenized/test/tokens_timelines_extended_outcomes.parquet
exp1_additional_binary,classification,severe_hypernatremia,ventiles_5_10_5_unfused,pr_auc,True,47890,0.0773658421406477,0.0392352029124154,0.1417547944759544,/gpfs/data/bbj-lab/users/daniel/input-representation-benchmark/outputs/runs/tokenized/mimiciv-3.1_meds_70-10-20/ventiles_5-10-5_unfused_time_tokens_first_24h-tokenized/test/logistic_regression-preds-checkpoint-37000.pkl,/gpfs/data/bbj-lab/users/daniel/input-representation-benchmark/outputs/runs/tokenized/mimiciv-3.1_meds_70-10-20/ventiles_5-10-5_unfused_time_tokens_first_24h-tokenized/test/tokens_timelines_extended_outcomes.parquet
exp1_additional_binary,classification,severe_hypernatremia,ventiles_fused,pr_auc,True,47890,0.078713982990881,0.0370896296931415,0.1388852878100925,/gpfs/data/bbj-lab/users/daniel/input-representation-benchmark/outputs/runs/tokenized/mimiciv-3.1_meds_70-10-20/ventiles_none_fused_time_tokens_first_24h-tokenized/test/logistic_regression-preds-checkpoint-37000.pkl,/gpfs/data/bbj-lab/users/daniel/input-representation-benchmark/outputs/runs/tokenized/mimiciv-3.1_meds_70-10-20/ventiles_none_fused_time_tokens_first_24h-tokenized/test/tokens_timelines_extended_outcomes.parquet
exp1_additional_binary,classification,severe_hypernatremia,ventiles_unfused,pr_auc,True,47890,0.0694904790938659,0.0362519999653261,0.1247225678551041,/gpfs/data/bbj-lab/users/daniel/input-representation-benchmark/outputs/runs/tokenized/mimiciv-3.1_meds_70-10-20/ventiles_none_unfused_time_tokens_first_24h-tokenized/test/logistic_regression-preds-checkpoint-37000.pkl,/gpfs/data/bbj-lab/users/daniel/input-representation-benchmark/outputs/runs/tokenized/mimiciv-3.1_meds_70-10-20/ventiles_none_unfused_time_tokens_first_24h-tokenized/test/tokens_timelines_extended_outcomes.parquet
exp1_additional_binary,classification,severe_hypernatremia,centiles_fused,roc_auc,True,47890,0.8696360588330216,0.8234693069793029,0.907907996067562,/gpfs/data/bbj-lab/users/daniel/input-representation-benchmark/outputs/runs/tokenized/mimiciv-3.1_meds_70-10-20/centiles_none_fused_time_tokens_first_24h-tokenized/test/logistic_regression-preds-checkpoint-16500.pkl,/gpfs/data/bbj-lab/users/daniel/input-representation-benchmark/outputs/runs/tokenized/mimiciv-3.1_meds_70-10-20/centiles_none_fused_time_tokens_first_24h-tokenized/test/tokens_timelines_extended_outcomes.parquet
exp1_additional_binary,classification,severe_hypernatremia,centiles_unfused,roc_auc,True,47890,0.8718314397674729,0.8297831866413136,0.9109195938084544,/gpfs/data/bbj-lab/users/daniel/input-representation-benchmark/outputs/runs/tokenized/mimiciv-3.1_meds_70-10-20/centiles_none_unfused_time_tokens_first_24h-tokenized/test/logistic_regression-preds-checkpoint-37000.pkl,/gpfs/data/bbj-lab/users/daniel/input-representation-benchmark/outputs/runs/tokenized/mimiciv-3.1_meds_70-10-20/centiles_none_unfused_time_tokens_first_24h-tokenized/test/tokens_timelines_extended_outcomes.parquet
exp1_additional_binary,classification,severe_hypernatremia,deciles_fused,roc_auc,True,47890,0.8797685287561035,0.8401587865928262,0.9150660407483866,/gpfs/data/bbj-lab/users/daniel/input-representation-benchmark/outputs/runs/tokenized/mimiciv-3.1_meds_70-10-20/deciles_none_fused_time_tokens_first_24h-tokenized/test/logistic_regression-preds-checkpoint-17000.pkl,/gpfs/data/bbj-lab/users/daniel/input-representation-benchmark/outputs/runs/tokenized/mimiciv-3.1_meds_70-10-20/deciles_none_fused_time_tokens_first_24h-tokenized/test/tokens_timelines_extended_outcomes.parquet
exp1_additional_binary,classification,severe_hypernatremia,deciles_unfused,roc_auc,True,47890,0.8541164886654993,0.8033797979087606,0.8995024281963386,/gpfs/data/bbj-lab/users/daniel/input-representation-benchmark/outputs/runs/tokenized/mimiciv-3.1_meds_70-10-20/deciles_none_unfused_time_tokens_first_24h-tokenized/test/logistic_regression-preds-checkpoint-10000.pkl,/gpfs/data/bbj-lab/users/daniel/input-representation-benchmark/outputs/runs/tokenized/mimiciv-3.1_meds_70-10-20/deciles_none_unfused_time_tokens_first_24h-tokenized/test/tokens_timelines_extended_outcomes.parquet
exp1_additional_binary,classification,severe_hypernatremia,trentiles_10_10_10_fused,roc_auc,True,47890,0.8790784878566746,0.837378463606415,0.915019462000996,/gpfs/data/bbj-lab/users/daniel/input-representation-benchmark/outputs/runs/tokenized/mimiciv-3.1_meds_70-10-20/trentiles_10-10-10_fused_time_tokens_first_24h-tokenized/test/logistic_regression-preds-checkpoint-37000.pkl,/gpfs/data/bbj-lab/users/daniel/input-representation-benchmark/outputs/runs/tokenized/mimiciv-3.1_meds_70-10-20/trentiles_10-10-10_fused_time_tokens_first_24h-tokenized/test/tokens_timelines_extended_outcomes.parquet
exp1_additional_binary,classification,severe_hypernatremia,trentiles_10_10_10_unfused,roc_auc,True,47890,0.8718177435388664,0.8283851903651474,0.90894048502589,/gpfs/data/bbj-lab/users/daniel/input-representation-benchmark/outputs/runs/tokenized/mimiciv-3.1_meds_70-10-20/trentiles_10-10-10_unfused_time_tokens_first_24h-tokenized/test/logistic_regression-preds-checkpoint-10000.pkl,/gpfs/data/bbj-lab/users/daniel/input-representation-benchmark/outputs/runs/tokenized/mimiciv-3.1_meds_70-10-20/trentiles_10-10-10_unfused_time_tokens_first_24h-tokenized/test/tokens_timelines_extended_outcomes.parquet
exp1_additional_binary,classification,severe_hypernatremia,trentiles_fused,roc_auc,True,47890,0.8776127423734418,0.83411311166798,0.9146535030909916,/gpfs/data/bbj-lab/users/daniel/input-representation-benchmark/outputs/runs/tokenized/mimiciv-3.1_meds_70-10-20/trentiles_none_fused_time_tokens_first_24h-tokenized/test/logistic_regression-preds-checkpoint-37000.pkl,/gpfs/data/bbj-lab/users/daniel/input-representation-benchmark/outputs/runs/tokenized/mimiciv-3.1_meds_70-10-20/trentiles_none_fused_time_tokens_first_24h-tokenized/test/tokens_timelines_extended_outcomes.parquet
exp1_additional_binary,classification,severe_hypernatremia,trentiles_unfused,roc_auc,True,47890,0.904520353093754,0.8700510220261606,0.9332352161596826,/gpfs/data/bbj-lab/users/daniel/input-representation-benchmark/outputs/runs/tokenized/mimiciv-3.1_meds_70-10-20/trentiles_none_unfused_time_tokens_first_24h-tokenized/test/logistic_regression-preds-checkpoint-37000.pkl,/gpfs/data/bbj-lab/users/daniel/input-representation-benchmark/outputs/runs/tokenized/mimiciv-3.1_meds_70-10-20/trentiles_none_unfused_time_tokens_first_24h-tokenized/test/tokens_timelines_extended_outcomes.parquet
exp1_additional_binary,classification,severe_hypernatremia,ventiles_5_10_5_fused,roc_auc,True,47890,0.8830623472247954,0.8432691551818127,0.9159258925691268,/gpfs/data/bbj-lab/users/daniel/input-representation-benchmark/outputs/runs/tokenized/mimiciv-3.1_meds_70-10-20/ventiles_5-10-5_fused_time_tokens_first_24h-tokenized/test/logistic_regression-preds-checkpoint-37000.pkl,/gpfs/data/bbj-lab/users/daniel/input-representation-benchmark/outputs/runs/tokenized/mimiciv-3.1_meds_70-10-20/ventiles_5-10-5_fused_time_tokens_first_24h-tokenized/test/tokens_timelines_extended_outcomes.parquet
exp1_additional_binary,classification,severe_hypernatremia,ventiles_5_10_5_unfused,roc_auc,True,47890,0.883099451553202,0.8456007909760462,0.9179141788631932,/gpfs/data/bbj-lab/users/daniel/input-representation-benchmark/outputs/runs/tokenized/mimiciv-3.1_meds_70-10-20/ventiles_5-10-5_unfused_time_tokens_first_24h-tokenized/test/logistic_regression-preds-checkpoint-37000.pkl,/gpfs/data/bbj-lab/users/daniel/input-representation-benchmark/outputs/runs/tokenized/mimiciv-3.1_meds_70-10-20/ventiles_5-10-5_unfused_time_tokens_first_24h-tokenized/test/tokens_timelines_extended_outcomes.parquet
exp1_additional_binary,classification,severe_hypernatremia,ventiles_fused,roc_auc,True,47890,0.8846411488496164,0.8430893762849518,0.9187667769575608,/gpfs/data/bbj-lab/users/daniel/input-representation-benchmark/outputs/runs/tokenized/mimiciv-3.1_meds_70-10-20/ventiles_none_fused_time_tokens_first_24h-tokenized/test/logistic_regression-preds-checkpoint-37000.pkl,/gpfs/data/bbj-lab/users/daniel/input-representation-benchmark/outputs/runs/tokenized/mimiciv-3.1_meds_70-10-20/ventiles_none_fused_time_tokens_first_24h-tokenized/test/tokens_timelines_extended_outcomes.parquet
exp1_additional_binary,classification,severe_hypernatremia,ventiles_unfused,roc_auc,True,47890,0.8803450154692676,0.8360336185822329,0.9203116263678582,/gpfs/data/bbj-lab/users/daniel/input-representation-benchmark/outputs/runs/tokenized/mimiciv-3.1_meds_70-10-20/ventiles_none_unfused_time_tokens_first_24h-tokenized/test/logistic_regression-preds-checkpoint-37000.pkl,/gpfs/data/bbj-lab/users/daniel/input-representation-benchmark/outputs/runs/tokenized/mimiciv-3.1_meds_70-10-20/ventiles_none_unfused_time_tokens_first_24h-tokenized/test/tokens_timelines_extended_outcomes.parquet
exp1_additional_binary,classification,severe_hypertension,centiles_fused,brier,False,9647,0.1524017280220059,0.1478408528997599,0.1568314073450533,/gpfs/data/bbj-lab/users/daniel/input-representation-benchmark/outputs/runs/tokenized/mimiciv-3.1_meds_70-10-20/centiles_none_fused_time_tokens_first_24h-tokenized/test/logistic_regression-preds-checkpoint-16500.pkl,/gpfs/data/bbj-lab/users/daniel/input-representation-benchmark/outputs/runs/tokenized/mimiciv-3.1_meds_70-10-20/centiles_none_fused_time_tokens_first_24h-tokenized/test/tokens_timelines_extended_outcomes.parquet
exp1_additional_binary,classification,severe_hypertension,centiles_unfused,brier,False,9647,0.1534116733661988,0.148969262217193,0.1578048223063073,/gpfs/data/bbj-lab/users/daniel/input-representation-benchmark/outputs/runs/tokenized/mimiciv-3.1_meds_70-10-20/centiles_none_unfused_time_tokens_first_24h-tokenized/test/logistic_regression-preds-checkpoint-37000.pkl,/gpfs/data/bbj-lab/users/daniel/input-representation-benchmark/outputs/runs/tokenized/mimiciv-3.1_meds_70-10-20/centiles_none_unfused_time_tokens_first_24h-tokenized/test/tokens_timelines_extended_outcomes.parquet
exp1_additional_binary,classification,severe_hypertension,deciles_fused,brier,False,9647,0.1528857947430701,0.1482706463839497,0.1573892021641066,/gpfs/data/bbj-lab/users/daniel/input-representation-benchmark/outputs/runs/tokenized/mimiciv-3.1_meds_70-10-20/deciles_none_fused_time_tokens_first_24h-tokenized/test/logistic_regression-preds-checkpoint-17000.pkl,/gpfs/data/bbj-lab/users/daniel/input-representation-benchmark/outputs/runs/tokenized/mimiciv-3.1_meds_70-10-20/deciles_none_fused_time_tokens_first_24h-tokenized/test/tokens_timelines_extended_outcomes.parquet
exp1_additional_binary,classification,severe_hypertension,deciles_unfused,brier,False,9647,0.1558346219624194,0.1513234861580359,0.1604187036693613,/gpfs/data/bbj-lab/users/daniel/input-representation-benchmark/outputs/runs/tokenized/mimiciv-3.1_meds_70-10-20/deciles_none_unfused_time_tokens_first_24h-tokenized/test/logistic_regression-preds-checkpoint-10000.pkl,/gpfs/data/bbj-lab/users/daniel/input-representation-benchmark/outputs/runs/tokenized/mimiciv-3.1_meds_70-10-20/deciles_none_unfused_time_tokens_first_24h-tokenized/test/tokens_timelines_extended_outcomes.parquet
exp1_additional_binary,classification,severe_hypertension,trentiles_10_10_10_fused,brier,False,9647,0.1529603749170905,0.1482063135804599,0.157386997917231,/gpfs/data/bbj-lab/users/daniel/input-representation-benchmark/outputs/runs/tokenized/mimiciv-3.1_meds_70-10-20/trentiles_10-10-10_fused_time_tokens_first_24h-tokenized/test/logistic_regression-preds-checkpoint-37000.pkl,/gpfs/data/bbj-lab/users/daniel/input-representation-benchmark/outputs/runs/tokenized/mimiciv-3.1_meds_70-10-20/trentiles_10-10-10_fused_time_tokens_first_24h-tokenized/test/tokens_timelines_extended_outcomes.parquet
exp1_additional_binary,classification,severe_hypertension,trentiles_10_10_10_unfused,brier,False,9647,0.155763529986777,0.151182437151136,0.1602714618313117,/gpfs/data/bbj-lab/users/daniel/input-representation-benchmark/outputs/runs/tokenized/mimiciv-3.1_meds_70-10-20/trentiles_10-10-10_unfused_time_tokens_first_24h-tokenized/test/logistic_regression-preds-checkpoint-10000.pkl,/gpfs/data/bbj-lab/users/daniel/input-representation-benchmark/outputs/runs/tokenized/mimiciv-3.1_meds_70-10-20/trentiles_10-10-10_unfused_time_tokens_first_24h-tokenized/test/tokens_timelines_extended_outcomes.parquet
exp1_additional_binary,classification,severe_hypertension,trentiles_fused,brier,False,9647,0.1512803657627656,0.1467102795130668,0.1555374448625601,/gpfs/data/bbj-lab/users/daniel/input-representation-benchmark/outputs/runs/tokenized/mimiciv-3.1_meds_70-10-20/trentiles_none_fused_time_tokens_first_24h-tokenized/test/logistic_regression-preds-checkpoint-37000.pkl,/gpfs/data/bbj-lab/users/daniel/input-representation-benchmark/outputs/runs/tokenized/mimiciv-3.1_meds_70-10-20/trentiles_none_fused_time_tokens_first_24h-tokenized/test/tokens_timelines_extended_outcomes.parquet
exp1_additional_binary,classification,severe_hypertension,trentiles_unfused,brier,False,9647,0.1531789382963967,0.1487944291796193,0.157615089929101,/gpfs/data/bbj-lab/users/daniel/input-representation-benchmark/outputs/runs/tokenized/mimiciv-3.1_meds_70-10-20/trentiles_none_unfused_time_tokens_first_24h-tokenized/test/logistic_regression-preds-checkpoint-37000.pkl,/gpfs/data/bbj-lab/users/daniel/input-representation-benchmark/outputs/runs/tokenized/mimiciv-3.1_meds_70-10-20/trentiles_none_unfused_time_tokens_first_24h-tokenized/test/tokens_timelines_extended_outcomes.parquet
exp1_additional_binary,classification,severe_hypertension,ventiles_5_10_5_fused,brier,False,9647,0.1510386423344077,0.1463171649502832,0.155390501387747,/gpfs/data/bbj-lab/users/daniel/input-representation-benchmark/outputs/runs/tokenized/mimiciv-3.1_meds_70-10-20/ventiles_5-10-5_fused_time_tokens_first_24h-tokenized/test/logistic_regression-preds-checkpoint-37000.pkl,/gpfs/data/bbj-lab/users/daniel/input-representation-benchmark/outputs/runs/tokenized/mimiciv-3.1_meds_70-10-20/ventiles_5-10-5_fused_time_tokens_first_24h-tokenized/test/tokens_timelines_extended_outcomes.parquet
exp1_additional_binary,classification,severe_hypertension,ventiles_5_10_5_unfused,brier,False,9647,0.1536912295260255,0.1493452658549542,0.158205420483888,/gpfs/data/bbj-lab/users/daniel/input-representation-benchmark/outputs/runs/tokenized/mimiciv-3.1_meds_70-10-20/ventiles_5-10-5_unfused_time_tokens_first_24h-tokenized/test/logistic_regression-preds-checkpoint-37000.pkl,/gpfs/data/bbj-lab/users/daniel/input-representation-benchmark/outputs/runs/tokenized/mimiciv-3.1_meds_70-10-20/ventiles_5-10-5_unfused_time_tokens_first_24h-tokenized/test/tokens_timelines_extended_outcomes.parquet
exp1_additional_binary,classification,severe_hypertension,ventiles_fused,brier,False,9647,0.1508199120996778,0.1462967882916739,0.155137921956258,/gpfs/data/bbj-lab/users/daniel/input-representation-benchmark/outputs/runs/tokenized/mimiciv-3.1_meds_70-10-20/ventiles_none_fused_time_tokens_first_24h-tokenized/test/logistic_regression-preds-checkpoint-37000.pkl,/gpfs/data/bbj-lab/users/daniel/input-representation-benchmark/outputs/runs/tokenized/mimiciv-3.1_meds_70-10-20/ventiles_none_fused_time_tokens_first_24h-tokenized/test/tokens_timelines_extended_outcomes.parquet
exp1_additional_binary,classification,severe_hypertension,ventiles_unfused,brier,False,9647,0.1532002127534807,0.1486887979704628,0.1576376146236365,/gpfs/data/bbj-lab/users/daniel/input-representation-benchmark/outputs/runs/tokenized/mimiciv-3.1_meds_70-10-20/ventiles_none_unfused_time_tokens_first_24h-tokenized/test/logistic_regression-preds-checkpoint-37000.pkl,/gpfs/data/bbj-lab/users/daniel/input-representation-benchmark/outputs/runs/tokenized/mimiciv-3.1_meds_70-10-20/ventiles_none_unfused_time_tokens_first_24h-tokenized/test/tokens_timelines_extended_outcomes.parquet
exp1_additional_binary,classification,severe_hypertension,centiles_fused,ece_15,False,9647,0.0246224057833456,0.0212865659449694,0.0341670750980691,/gpfs/data/bbj-lab/users/daniel/input-representation-benchmark/outputs/runs/tokenized/mimiciv-3.1_meds_70-10-20/centiles_none_fused_time_tokens_first_24h-tokenized/test/logistic_regression-preds-checkpoint-16500.pkl,/gpfs/data/bbj-lab/users/daniel/input-representation-benchmark/outputs/runs/tokenized/mimiciv-3.1_meds_70-10-20/centiles_none_fused_time_tokens_first_24h-tokenized/test/tokens_timelines_extended_outcomes.parquet
exp1_additional_binary,classification,severe_hypertension,centiles_unfused,ece_15,False,9647,0.0226010301566373,0.0198956174286686,0.0332840277190811,/gpfs/data/bbj-lab/users/daniel/input-representation-benchmark/outputs/runs/tokenized/mimiciv-3.1_meds_70-10-20/centiles_none_unfused_time_tokens_first_24h-tokenized/test/logistic_regression-preds-checkpoint-37000.pkl,/gpfs/data/bbj-lab/users/daniel/input-representation-benchmark/outputs/runs/tokenized/mimiciv-3.1_meds_70-10-20/centiles_none_unfused_time_tokens_first_24h-tokenized/test/tokens_timelines_extended_outcomes.parquet
exp1_additional_binary,classification,severe_hypertension,deciles_fused,ece_15,False,9647,0.0255023971562862,0.0209427770339959,0.0340580896364789,/gpfs/data/bbj-lab/users/daniel/input-representation-benchmark/outputs/runs/tokenized/mimiciv-3.1_meds_70-10-20/deciles_none_fused_time_tokens_first_24h-tokenized/test/logistic_regression-preds-checkpoint-17000.pkl,/gpfs/data/bbj-lab/users/daniel/input-representation-benchmark/outputs/runs/tokenized/mimiciv-3.1_meds_70-10-20/deciles_none_fused_time_tokens_first_24h-tokenized/test/tokens_timelines_extended_outcomes.parquet
exp1_additional_binary,classification,severe_hypertension,deciles_unfused,ece_15,False,9647,0.0235508652763386,0.0199230332630523,0.033369043912384,/gpfs/data/bbj-lab/users/daniel/input-representation-benchmark/outputs/runs/tokenized/mimiciv-3.1_meds_70-10-20/deciles_none_unfused_time_tokens_first_24h-tokenized/test/logistic_regression-preds-checkpoint-10000.pkl,/gpfs/data/bbj-lab/users/daniel/input-representation-benchmark/outputs/runs/tokenized/mimiciv-3.1_meds_70-10-20/deciles_none_unfused_time_tokens_first_24h-tokenized/test/tokens_timelines_extended_outcomes.parquet
exp1_additional_binary,classification,severe_hypertension,trentiles_10_10_10_fused,ece_15,False,9647,0.0237067806288846,0.0208577093378151,0.0342407752286043,/gpfs/data/bbj-lab/users/daniel/input-representation-benchmark/outputs/runs/tokenized/mimiciv-3.1_meds_70-10-20/trentiles_10-10-10_fused_time_tokens_first_24h-tokenized/test/logistic_regression-preds-checkpoint-37000.pkl,/gpfs/data/bbj-lab/users/daniel/input-representation-benchmark/outputs/runs/tokenized/mimiciv-3.1_meds_70-10-20/trentiles_10-10-10_fused_time_tokens_first_24h-tokenized/test/tokens_timelines_extended_outcomes.parquet
exp1_additional_binary,classification,severe_hypertension,trentiles_10_10_10_unfused,ece_15,False,9647,0.0257593681352469,0.0220576342563308,0.0356266990507102,/gpfs/data/bbj-lab/users/daniel/input-representation-benchmark/outputs/runs/tokenized/mimiciv-3.1_meds_70-10-20/trentiles_10-10-10_unfused_time_tokens_first_24h-tokenized/test/logistic_regression-preds-checkpoint-10000.pkl,/gpfs/data/bbj-lab/users/daniel/input-representation-benchmark/outputs/runs/tokenized/mimiciv-3.1_meds_70-10-20/trentiles_10-10-10_unfused_time_tokens_first_24h-tokenized/test/tokens_timelines_extended_outcomes.parquet
exp1_additional_binary,classification,severe_hypertension,trentiles_fused,ece_15,False,9647,0.0267462389095882,0.0214104391605866,0.0355015921840607,/gpfs/data/bbj-lab/users/daniel/input-representation-benchmark/outputs/runs/tokenized/mimiciv-3.1_meds_70-10-20/trentiles_none_fused_time_tokens_first_24h-tokenized/test/logistic_regression-preds-checkpoint-37000.pkl,/gpfs/data/bbj-lab/users/daniel/input-representation-benchmark/outputs/runs/tokenized/mimiciv-3.1_meds_70-10-20/trentiles_none_fused_time_tokens_first_24h-tokenized/test/tokens_timelines_extended_outcomes.parquet
exp1_additional_binary,classification,severe_hypertension,trentiles_unfused,ece_15,False,9647,0.023096137994962,0.0205835973643704,0.0339645493162829,/gpfs/data/bbj-lab/users/daniel/input-representation-benchmark/outputs/runs/tokenized/mimiciv-3.1_meds_70-10-20/trentiles_none_unfused_time_tokens_first_24h-tokenized/test/logistic_regression-preds-checkpoint-37000.pkl,/gpfs/data/bbj-lab/users/daniel/input-representation-benchmark/outputs/runs/tokenized/mimiciv-3.1_meds_70-10-20/trentiles_none_unfused_time_tokens_first_24h-tokenized/test/tokens_timelines_extended_outcomes.parquet
exp1_additional_binary,classification,severe_hypertension,ventiles_5_10_5_fused,ece_15,False,9647,0.0241320699621487,0.0201854105131439,0.0331175671926984,/gpfs/data/bbj-lab/users/daniel/input-representation-benchmark/outputs/runs/tokenized/mimiciv-3.1_meds_70-10-20/ventiles_5-10-5_fused_time_tokens_first_24h-tokenized/test/logistic_regression-preds-checkpoint-37000.pkl,/gpfs/data/bbj-lab/users/daniel/input-representation-benchmark/outputs/runs/tokenized/mimiciv-3.1_meds_70-10-20/ventiles_5-10-5_fused_time_tokens_first_24h-tokenized/test/tokens_timelines_extended_outcomes.parquet
exp1_additional_binary,classification,severe_hypertension,ventiles_5_10_5_unfused,ece_15,False,9647,0.0207941860578135,0.0184623633342381,0.0308474881434823,/gpfs/data/bbj-lab/users/daniel/input-representation-benchmark/outputs/runs/tokenized/mimiciv-3.1_meds_70-10-20/ventiles_5-10-5_unfused_time_tokens_first_24h-tokenized/test/logistic_regression-preds-checkpoint-37000.pkl,/gpfs/data/bbj-lab/users/daniel/input-representation-benchmark/outputs/runs/tokenized/mimiciv-3.1_meds_70-10-20/ventiles_5-10-5_unfused_time_tokens_first_24h-tokenized/test/tokens_timelines_extended_outcomes.parquet
exp1_additional_binary,classification,severe_hypertension,ventiles_fused,ece_15,False,9647,0.0221044449917074,0.0185481150134646,0.03187264528133,/gpfs/data/bbj-lab/users/daniel/input-representation-benchmark/outputs/runs/tokenized/mimiciv-3.1_meds_70-10-20/ventiles_none_fused_time_tokens_first_24h-tokenized/test/logistic_regression-preds-checkpoint-37000.pkl,/gpfs/data/bbj-lab/users/daniel/input-representation-benchmark/outputs/runs/tokenized/mimiciv-3.1_meds_70-10-20/ventiles_none_fused_time_tokens_first_24h-tokenized/test/tokens_timelines_extended_outcomes.parquet
exp1_additional_binary,classification,severe_hypertension,ventiles_unfused,ece_15,False,9647,0.0228675749576048,0.0199606854764694,0.0327643067508881,/gpfs/data/bbj-lab/users/daniel/input-representation-benchmark/outputs/runs/tokenized/mimiciv-3.1_meds_70-10-20/ventiles_none_unfused_time_tokens_first_24h-tokenized/test/logistic_regression-preds-checkpoint-37000.pkl,/gpfs/data/bbj-lab/users/daniel/input-representation-benchmark/outputs/runs/tokenized/mimiciv-3.1_meds_70-10-20/ventiles_none_unfused_time_tokens_first_24h-tokenized/test/tokens_timelines_extended_outcomes.parquet
exp1_additional_binary,classification,severe_hypertension,centiles_fused,pr_auc,True,9647,0.3812452201295194,0.3603931306983678,0.4015462201407004,/gpfs/data/bbj-lab/users/daniel/input-representation-benchmark/outputs/runs/tokenized/mimiciv-3.1_meds_70-10-20/centiles_none_fused_time_tokens_first_24h-tokenized/test/logistic_regression-preds-checkpoint-16500.pkl,/gpfs/data/bbj-lab/users/daniel/input-representation-benchmark/outputs/runs/tokenized/mimiciv-3.1_meds_70-10-20/centiles_none_fused_time_tokens_first_24h-tokenized/test/tokens_timelines_extended_outcomes.parquet
exp1_additional_binary,classification,severe_hypertension,centiles_unfused,pr_auc,True,9647,0.3742481313360738,0.3547589667753113,0.3961503458560808,/gpfs/data/bbj-lab/users/daniel/input-representation-benchmark/outputs/runs/tokenized/mimiciv-3.1_meds_70-10-20/centiles_none_unfused_time_tokens_first_24h-tokenized/test/logistic_regression-preds-checkpoint-37000.pkl,/gpfs/data/bbj-lab/users/daniel/input-representation-benchmark/outputs/runs/tokenized/mimiciv-3.1_meds_70-10-20/centiles_none_unfused_time_tokens_first_24h-tokenized/test/tokens_timelines_extended_outcomes.parquet
exp1_additional_binary,classification,severe_hypertension,deciles_fused,pr_auc,True,9647,0.3749235275401307,0.3554398993663659,0.3953340825756526,/gpfs/data/bbj-lab/users/daniel/input-representation-benchmark/outputs/runs/tokenized/mimiciv-3.1_meds_70-10-20/deciles_none_fused_time_tokens_first_24h-tokenized/test/logistic_regression-preds-checkpoint-17000.pkl,/gpfs/data/bbj-lab/users/daniel/input-representation-benchmark/outputs/runs/tokenized/mimiciv-3.1_meds_70-10-20/deciles_none_fused_time_tokens_first_24h-tokenized/test/tokens_timelines_extended_outcomes.parquet
exp1_additional_binary,classification,severe_hypertension,deciles_unfused,pr_auc,True,9647,0.3469257149824499,0.3280946043490081,0.3680789976400547,/gpfs/data/bbj-lab/users/daniel/input-representation-benchmark/outputs/runs/tokenized/mimiciv-3.1_meds_70-10-20/deciles_none_unfused_time_tokens_first_24h-tokenized/test/logistic_regression-preds-checkpoint-10000.pkl,/gpfs/data/bbj-lab/users/daniel/input-representation-benchmark/outputs/runs/tokenized/mimiciv-3.1_meds_70-10-20/deciles_none_unfused_time_tokens_first_24h-tokenized/test/tokens_timelines_extended_outcomes.parquet
exp1_additional_binary,classification,severe_hypertension,trentiles_10_10_10_fused,pr_auc,True,9647,0.3744214954307353,0.3542800082570079,0.3955778331894637,/gpfs/data/bbj-lab/users/daniel/input-representation-benchmark/outputs/runs/tokenized/mimiciv-3.1_meds_70-10-20/trentiles_10-10-10_fused_time_tokens_first_24h-tokenized/test/logistic_regression-preds-checkpoint-37000.pkl,/gpfs/data/bbj-lab/users/daniel/input-representation-benchmark/outputs/runs/tokenized/mimiciv-3.1_meds_70-10-20/trentiles_10-10-10_fused_time_tokens_first_24h-tokenized/test/tokens_timelines_extended_outcomes.parquet
exp1_additional_binary,classification,severe_hypertension,trentiles_10_10_10_unfused,pr_auc,True,9647,0.3525212814467157,0.3330276862109978,0.3729805534897937,/gpfs/data/bbj-lab/users/daniel/input-representation-benchmark/outputs/runs/tokenized/mimiciv-3.1_meds_70-10-20/trentiles_10-10-10_unfused_time_tokens_first_24h-tokenized/test/logistic_regression-preds-checkpoint-10000.pkl,/gpfs/data/bbj-lab/users/daniel/input-representation-benchmark/outputs/runs/tokenized/mimiciv-3.1_meds_70-10-20/trentiles_10-10-10_unfused_time_tokens_first_24h-tokenized/test/tokens_timelines_extended_outcomes.parquet
exp1_additional_binary,classification,severe_hypertension,trentiles_fused,pr_auc,True,9647,0.3906280405367497,0.3703929899786971,0.4113714537354922,/gpfs/data/bbj-lab/users/daniel/input-representation-benchmark/outputs/runs/tokenized/mimiciv-3.1_meds_70-10-20/trentiles_none_fused_time_tokens_first_24h-tokenized/test/logistic_regression-preds-checkpoint-37000.pkl,/gpfs/data/bbj-lab/users/daniel/input-representation-benchmark/outputs/runs/tokenized/mimiciv-3.1_meds_70-10-20/trentiles_none_fused_time_tokens_first_24h-tokenized/test/tokens_timelines_extended_outcomes.parquet
exp1_additional_binary,classification,severe_hypertension,trentiles_unfused,pr_auc,True,9647,0.3718010809907692,0.3525488648144306,0.3942883929473504,/gpfs/data/bbj-lab/users/daniel/input-representation-benchmark/outputs/runs/tokenized/mimiciv-3.1_meds_70-10-20/trentiles_none_unfused_time_tokens_first_24h-tokenized/test/logistic_regression-preds-checkpoint-37000.pkl,/gpfs/data/bbj-lab/users/daniel/input-representation-benchmark/outputs/runs/tokenized/mimiciv-3.1_meds_70-10-20/trentiles_none_unfused_time_tokens_first_24h-tokenized/test/tokens_timelines_extended_outcomes.parquet
exp1_additional_binary,classification,severe_hypertension,ventiles_5_10_5_fused,pr_auc,True,9647,0.3883240316698788,0.3678737918317199,0.40941849631946,/gpfs/data/bbj-lab/users/daniel/input-representation-benchmark/outputs/runs/tokenized/mimiciv-3.1_meds_70-10-20/ventiles_5-10-5_fused_time_tokens_first_24h-tokenized/test/logistic_regression-preds-checkpoint-37000.pkl,/gpfs/data/bbj-lab/users/daniel/input-representation-benchmark/outputs/runs/tokenized/mimiciv-3.1_meds_70-10-20/ventiles_5-10-5_fused_time_tokens_first_24h-tokenized/test/tokens_timelines_extended_outcomes.parquet
exp1_additional_binary,classification,severe_hypertension,ventiles_5_10_5_unfused,pr_auc,True,9647,0.3643909628575267,0.3449437722928747,0.3861397156001855,/gpfs/data/bbj-lab/users/daniel/input-representation-benchmark/outputs/runs/tokenized/mimiciv-3.1_meds_70-10-20/ventiles_5-10-5_unfused_time_tokens_first_24h-tokenized/test/logistic_regression-preds-checkpoint-37000.pkl,/gpfs/data/bbj-lab/users/daniel/input-representation-benchmark/outputs/runs/tokenized/mimiciv-3.1_meds_70-10-20/ventiles_5-10-5_unfused_time_tokens_first_24h-tokenized/test/tokens_timelines_extended_outcomes.parquet
exp1_additional_binary,classification,severe_hypertension,ventiles_fused,pr_auc,True,9647,0.3894965260725451,0.3684396179333764,0.4108962213029911,/gpfs/data/bbj-lab/users/daniel/input-representation-benchmark/outputs/runs/tokenized/mimiciv-3.1_meds_70-10-20/ventiles_none_fused_time_tokens_first_24h-tokenized/test/logistic_regression-preds-checkpoint-37000.pkl,/gpfs/data/bbj-lab/users/daniel/input-representation-benchmark/outputs/runs/tokenized/mimiciv-3.1_meds_70-10-20/ventiles_none_fused_time_tokens_first_24h-tokenized/test/tokens_timelines_extended_outcomes.parquet
exp1_additional_binary,classification,severe_hypertension,ventiles_unfused,pr_auc,True,9647,0.3736377580600976,0.353603871024604,0.3960281391638636,/gpfs/data/bbj-lab/users/daniel/input-representation-benchmark/outputs/runs/tokenized/mimiciv-3.1_meds_70-10-20/ventiles_none_unfused_time_tokens_first_24h-tokenized/test/logistic_regression-preds-checkpoint-37000.pkl,/gpfs/data/bbj-lab/users/daniel/input-representation-benchmark/outputs/runs/tokenized/mimiciv-3.1_meds_70-10-20/ventiles_none_unfused_time_tokens_first_24h-tokenized/test/tokens_timelines_extended_outcomes.parquet
exp1_additional_binary,classification,severe_hypertension,centiles_fused,roc_auc,True,9647,0.7017369682658938,0.6898169699936166,0.713521961202617,/gpfs/data/bbj-lab/users/daniel/input-representation-benchmark/outputs/runs/tokenized/mimiciv-3.1_meds_70-10-20/centiles_none_fused_time_tokens_first_24h-tokenized/test/logistic_regression-preds-checkpoint-16500.pkl,/gpfs/data/bbj-lab/users/daniel/input-representation-benchmark/outputs/runs/tokenized/mimiciv-3.1_meds_70-10-20/centiles_none_fused_time_tokens_first_24h-tokenized/test/tokens_timelines_extended_outcomes.parquet
exp1_additional_binary,classification,severe_hypertension,centiles_unfused,roc_auc,True,9647,0.6917863248262098,0.6792959310854002,0.7045353835349245,/gpfs/data/bbj-lab/users/daniel/input-representation-benchmark/outputs/runs/tokenized/mimiciv-3.1_meds_70-10-20/centiles_none_unfused_time_tokens_first_24h-tokenized/test/logistic_regression-preds-checkpoint-37000.pkl,/gpfs/data/bbj-lab/users/daniel/input-representation-benchmark/outputs/runs/tokenized/mimiciv-3.1_meds_70-10-20/centiles_none_unfused_time_tokens_first_24h-tokenized/test/tokens_timelines_extended_outcomes.parquet
exp1_additional_binary,classification,severe_hypertension,deciles_fused,roc_auc,True,9647,0.6991395786311346,0.686785050907374,0.7107077576164381,/gpfs/data/bbj-lab/users/daniel/input-representation-benchmark/outputs/runs/tokenized/mimiciv-3.1_meds_70-10-20/deciles_none_fused_time_tokens_first_24h-tokenized/test/logistic_regression-preds-checkpoint-17000.pkl,/gpfs/data/bbj-lab/users/daniel/input-representation-benchmark/outputs/runs/tokenized/mimiciv-3.1_meds_70-10-20/deciles_none_fused_time_tokens_first_24h-tokenized/test/tokens_timelines_extended_outcomes.parquet
exp1_additional_binary,classification,severe_hypertension,deciles_unfused,roc_auc,True,9647,0.6773469124798626,0.6638866529294803,0.6896023827854557,/gpfs/data/bbj-lab/users/daniel/input-representation-benchmark/outputs/runs/tokenized/mimiciv-3.1_meds_70-10-20/deciles_none_unfused_time_tokens_first_24h-tokenized/test/logistic_regression-preds-checkpoint-10000.pkl,/gpfs/data/bbj-lab/users/daniel/input-representation-benchmark/outputs/runs/tokenized/mimiciv-3.1_meds_70-10-20/deciles_none_unfused_time_tokens_first_24h-tokenized/test/tokens_timelines_extended_outcomes.parquet
exp1_additional_binary,classification,severe_hypertension,trentiles_10_10_10_fused,roc_auc,True,9647,0.6976959938691882,0.6853237340413971,0.7099256362731046,/gpfs/data/bbj-lab/users/daniel/input-representation-benchmark/outputs/runs/tokenized/mimiciv-3.1_meds_70-10-20/trentiles_10-10-10_fused_time_tokens_first_24h-tokenized/test/logistic_regression-preds-checkpoint-37000.pkl,/gpfs/data/bbj-lab/users/daniel/input-representation-benchmark/outputs/runs/tokenized/mimiciv-3.1_meds_70-10-20/trentiles_10-10-10_fused_time_tokens_first_24h-tokenized/test/tokens_timelines_extended_outcomes.parquet
exp1_additional_binary,classification,severe_hypertension,trentiles_10_10_10_unfused,roc_auc,True,9647,0.6781578554395657,0.6651002965080877,0.6909352049556774,/gpfs/data/bbj-lab/users/daniel/input-representation-benchmark/outputs/runs/tokenized/mimiciv-3.1_meds_70-10-20/trentiles_10-10-10_unfused_time_tokens_first_24h-tokenized/test/logistic_regression-preds-checkpoint-10000.pkl,/gpfs/data/bbj-lab/users/daniel/input-representation-benchmark/outputs/runs/tokenized/mimiciv-3.1_meds_70-10-20/trentiles_10-10-10_unfused_time_tokens_first_24h-tokenized/test/tokens_timelines_extended_outcomes.parquet
exp1_additional_binary,classification,severe_hypertension,trentiles_fused,roc_auc,True,9647,0.7043483575553284,0.6926785031315328,0.7158960106271843,/gpfs/data/bbj-lab/users/daniel/input-representation-benchmark/outputs/runs/tokenized/mimiciv-3.1_meds_70-10-20/trentiles_none_fused_time_tokens_first_24h-tokenized/test/logistic_regression-preds-checkpoint-37000.pkl,/gpfs/data/bbj-lab/users/daniel/input-representation-benchmark/outputs/runs/tokenized/mimiciv-3.1_meds_70-10-20/trentiles_none_fused_time_tokens_first_24h-tokenized/test/tokens_timelines_extended_outcomes.parquet
exp1_additional_binary,classification,severe_hypertension,trentiles_unfused,roc_auc,True,9647,0.6955001221080991,0.6829310683173881,0.7075239259620161,/gpfs/data/bbj-lab/users/daniel/input-representation-benchmark/outputs/runs/tokenized/mimiciv-3.1_meds_70-10-20/trentiles_none_unfused_time_tokens_first_24h-tokenized/test/logistic_regression-preds-checkpoint-37000.pkl,/gpfs/data/bbj-lab/users/daniel/input-representation-benchmark/outputs/runs/tokenized/mimiciv-3.1_meds_70-10-20/trentiles_none_unfused_time_tokens_first_24h-tokenized/test/tokens_timelines_extended_outcomes.parquet
exp1_additional_binary,classification,severe_hypertension,ventiles_5_10_5_fused,roc_auc,True,9647,0.7102212126915683,0.6986176684417846,0.722212506936548,/gpfs/data/bbj-lab/users/daniel/input-representation-benchmark/outputs/runs/tokenized/mimiciv-3.1_meds_70-10-20/ventiles_5-10-5_fused_time_tokens_first_24h-tokenized/test/logistic_regression-preds-checkpoint-37000.pkl,/gpfs/data/bbj-lab/users/daniel/input-representation-benchmark/outputs/runs/tokenized/mimiciv-3.1_meds_70-10-20/ventiles_5-10-5_fused_time_tokens_first_24h-tokenized/test/tokens_timelines_extended_outcomes.parquet
exp1_additional_binary,classification,severe_hypertension,ventiles_5_10_5_unfused,roc_auc,True,9647,0.6930241924402902,0.680606552456737,0.7057121440004949,/gpfs/data/bbj-lab/users/daniel/input-representation-benchmark/outputs/runs/tokenized/mimiciv-3.1_meds_70-10-20/ventiles_5-10-5_unfused_time_tokens_first_24h-tokenized/test/logistic_regression-preds-checkpoint-37000.pkl,/gpfs/data/bbj-lab/users/daniel/input-representation-benchmark/outputs/runs/tokenized/mimiciv-3.1_meds_70-10-20/ventiles_5-10-5_unfused_time_tokens_first_24h-tokenized/test/tokens_timelines_extended_outcomes.parquet
exp1_additional_binary,classification,severe_hypertension,ventiles_fused,roc_auc,True,9647,0.7123157813959107,0.700974884854828,0.7246190547364761,/gpfs/data/bbj-lab/users/daniel/input-representation-benchmark/outputs/runs/tokenized/mimiciv-3.1_meds_70-10-20/ventiles_none_fused_time_tokens_first_24h-tokenized/test/logistic_regression-preds-checkpoint-37000.pkl,/gpfs/data/bbj-lab/users/daniel/input-representation-benchmark/outputs/runs/tokenized/mimiciv-3.1_meds_70-10-20/ventiles_none_fused_time_tokens_first_24h-tokenized/test/tokens_timelines_extended_outcomes.parquet
exp1_additional_binary,classification,severe_hypertension,ventiles_unfused,roc_auc,True,9647,0.693677250405601,0.6806638861971469,0.7061191682114927,/gpfs/data/bbj-lab/users/daniel/input-representation-benchmark/outputs/runs/tokenized/mimiciv-3.1_meds_70-10-20/ventiles_none_unfused_time_tokens_first_24h-tokenized/test/logistic_regression-preds-checkpoint-37000.pkl,/gpfs/data/bbj-lab/users/daniel/input-representation-benchmark/outputs/runs/tokenized/mimiciv-3.1_meds_70-10-20/ventiles_none_unfused_time_tokens_first_24h-tokenized/test/tokens_timelines_extended_outcomes.parquet
exp1_additional_binary,classification,severe_hypokalemia,centiles_fused,brier,False,47948,0.003065554602564,0.0025886420957184,0.0035848113302751,/gpfs/data/bbj-lab/users/daniel/input-representation-benchmark/outputs/runs/tokenized/mimiciv-3.1_meds_70-10-20/centiles_none_fused_time_tokens_first_24h-tokenized/test/logistic_regression-preds-checkpoint-16500.pkl,/gpfs/data/bbj-lab/users/daniel/input-representation-benchmark/outputs/runs/tokenized/mimiciv-3.1_meds_70-10-20/centiles_none_fused_time_tokens_first_24h-tokenized/test/tokens_timelines_extended_outcomes.parquet
exp1_additional_binary,classification,severe_hypokalemia,centiles_unfused,brier,False,47948,0.0030574324413536,0.0025995036325557,0.0035540754439268,/gpfs/data/bbj-lab/users/daniel/input-representation-benchmark/outputs/runs/tokenized/mimiciv-3.1_meds_70-10-20/centiles_none_unfused_time_tokens_first_24h-tokenized/test/logistic_regression-preds-checkpoint-37000.pkl,/gpfs/data/bbj-lab/users/daniel/input-representation-benchmark/outputs/runs/tokenized/mimiciv-3.1_meds_70-10-20/centiles_none_unfused_time_tokens_first_24h-tokenized/test/tokens_timelines_extended_outcomes.parquet
exp1_additional_binary,classification,severe_hypokalemia,deciles_fused,brier,False,47948,0.0030429763962997,0.0025712141194447,0.0035479771862734,/gpfs/data/bbj-lab/users/daniel/input-representation-benchmark/outputs/runs/tokenized/mimiciv-3.1_meds_70-10-20/deciles_none_fused_time_tokens_first_24h-tokenized/test/logistic_regression-preds-checkpoint-17000.pkl,/gpfs/data/bbj-lab/users/daniel/input-representation-benchmark/outputs/runs/tokenized/mimiciv-3.1_meds_70-10-20/deciles_none_fused_time_tokens_first_24h-tokenized/test/tokens_timelines_extended_outcomes.parquet
exp1_additional_binary,classification,severe_hypokalemia,deciles_unfused,brier,False,47948,0.003057723249498,0.0025966581518999,0.0035551888154789,/gpfs/data/bbj-lab/users/daniel/input-representation-benchmark/outputs/runs/tokenized/mimiciv-3.1_meds_70-10-20/deciles_none_unfused_time_tokens_first_24h-tokenized/test/logistic_regression-preds-checkpoint-10000.pkl,/gpfs/data/bbj-lab/users/daniel/input-representation-benchmark/outputs/runs/tokenized/mimiciv-3.1_meds_70-10-20/deciles_none_unfused_time_tokens_first_24h-tokenized/test/tokens_timelines_extended_outcomes.parquet
exp1_additional_binary,classification,severe_hypokalemia,trentiles_10_10_10_fused,brier,False,47948,0.0030503851733489,0.0025739300490731,0.0035663848471944,/gpfs/data/bbj-lab/users/daniel/input-representation-benchmark/outputs/runs/tokenized/mimiciv-3.1_meds_70-10-20/trentiles_10-10-10_fused_time_tokens_first_24h-tokenized/test/logistic_regression-preds-checkpoint-37000.pkl,/gpfs/data/bbj-lab/users/daniel/input-representation-benchmark/outputs/runs/tokenized/mimiciv-3.1_meds_70-10-20/trentiles_10-10-10_fused_time_tokens_first_24h-tokenized/test/tokens_timelines_extended_outcomes.parquet
exp1_additional_binary,classification,severe_hypokalemia,trentiles_10_10_10_unfused,brier,False,47948,0.0030531781858455,0.0025915588720609,0.0035532758268749,/gpfs/data/bbj-lab/users/daniel/input-representation-benchmark/outputs/runs/tokenized/mimiciv-3.1_meds_70-10-20/trentiles_10-10-10_unfused_time_tokens_first_24h-tokenized/test/logistic_regression-preds-checkpoint-10000.pkl,/gpfs/data/bbj-lab/users/daniel/input-representation-benchmark/outputs/runs/tokenized/mimiciv-3.1_meds_70-10-20/trentiles_10-10-10_unfused_time_tokens_first_24h-tokenized/test/tokens_timelines_extended_outcomes.parquet
exp1_additional_binary,classification,severe_hypokalemia,trentiles_fused,brier,False,47948,0.00305684391993,0.0025811760005228,0.003569215899683,/gpfs/data/bbj-lab/users/daniel/input-representation-benchmark/outputs/runs/tokenized/mimiciv-3.1_meds_70-10-20/trentiles_none_fused_time_tokens_first_24h-tokenized/test/logistic_regression-preds-checkpoint-37000.pkl,/gpfs/data/bbj-lab/users/daniel/input-representation-benchmark/outputs/runs/tokenized/mimiciv-3.1_meds_70-10-20/trentiles_none_fused_time_tokens_first_24h-tokenized/test/tokens_timelines_extended_outcomes.parquet
exp1_additional_binary,classification,severe_hypokalemia,trentiles_unfused,brier,False,47948,0.0030478866212514,0.0025854201765979,0.0035434281131368,/gpfs/data/bbj-lab/users/daniel/input-representation-benchmark/outputs/runs/tokenized/mimiciv-3.1_meds_70-10-20/trentiles_none_unfused_time_tokens_first_24h-tokenized/test/logistic_regression-preds-checkpoint-37000.pkl,/gpfs/data/bbj-lab/users/daniel/input-representation-benchmark/outputs/runs/tokenized/mimiciv-3.1_meds_70-10-20/trentiles_none_unfused_time_tokens_first_24h-tokenized/test/tokens_timelines_extended_outcomes.parquet
exp1_additional_binary,classification,severe_hypokalemia,ventiles_5_10_5_fused,brier,False,47948,0.003059665145488,0.0025824373529388,0.0035740975791726,/gpfs/data/bbj-lab/users/daniel/input-representation-benchmark/outputs/runs/tokenized/mimiciv-3.1_meds_70-10-20/ventiles_5-10-5_fused_time_tokens_first_24h-tokenized/test/logistic_regression-preds-checkpoint-37000.pkl,/gpfs/data/bbj-lab/users/daniel/input-representation-benchmark/outputs/runs/tokenized/mimiciv-3.1_meds_70-10-20/ventiles_5-10-5_fused_time_tokens_first_24h-tokenized/test/tokens_timelines_extended_outcomes.parquet
exp1_additional_binary,classification,severe_hypokalemia,ventiles_5_10_5_unfused,brier,False,47948,0.0030501887049497,0.0025884713011207,0.0035434037458685,/gpfs/data/bbj-lab/users/daniel/input-representation-benchmark/outputs/runs/tokenized/mimiciv-3.1_meds_70-10-20/ventiles_5-10-5_unfused_time_tokens_first_24h-tokenized/test/logistic_regression-preds-checkpoint-37000.pkl,/gpfs/data/bbj-lab/users/daniel/input-representation-benchmark/outputs/runs/tokenized/mimiciv-3.1_meds_70-10-20/ventiles_5-10-5_unfused_time_tokens_first_24h-tokenized/test/tokens_timelines_extended_outcomes.parquet
exp1_additional_binary,classification,severe_hypokalemia,ventiles_fused,brier,False,47948,0.0030687569128799,0.0025951203508126,0.0035866207786212,/gpfs/data/bbj-lab/users/daniel/input-representation-benchmark/outputs/runs/tokenized/mimiciv-3.1_meds_70-10-20/ventiles_none_fused_time_tokens_first_24h-tokenized/test/logistic_regression-preds-checkpoint-37000.pkl,/gpfs/data/bbj-lab/users/daniel/input-representation-benchmark/outputs/runs/tokenized/mimiciv-3.1_meds_70-10-20/ventiles_none_fused_time_tokens_first_24h-tokenized/test/tokens_timelines_extended_outcomes.parquet
exp1_additional_binary,classification,severe_hypokalemia,ventiles_unfused,brier,False,47948,0.0030641712910698,0.0026018612372035,0.003555225211966,/gpfs/data/bbj-lab/users/daniel/input-representation-benchmark/outputs/runs/tokenized/mimiciv-3.1_meds_70-10-20/ventiles_none_unfused_time_tokens_first_24h-tokenized/test/logistic_regression-preds-checkpoint-37000.pkl,/gpfs/data/bbj-lab/users/daniel/input-representation-benchmark/outputs/runs/tokenized/mimiciv-3.1_meds_70-10-20/ventiles_none_unfused_time_tokens_first_24h-tokenized/test/tokens_timelines_extended_outcomes.parquet
exp1_additional_binary,classification,severe_hypokalemia,centiles_fused,ece_15,False,47948,0.0015433980155461,0.0013476142204422,0.0022133438856768,/gpfs/data/bbj-lab/users/daniel/input-representation-benchmark/outputs/runs/tokenized/mimiciv-3.1_meds_70-10-20/centiles_none_fused_time_tokens_first_24h-tokenized/test/logistic_regression-preds-checkpoint-16500.pkl,/gpfs/data/bbj-lab/users/daniel/input-representation-benchmark/outputs/runs/tokenized/mimiciv-3.1_meds_70-10-20/centiles_none_fused_time_tokens_first_24h-tokenized/test/tokens_timelines_extended_outcomes.parquet
exp1_additional_binary,classification,severe_hypokalemia,centiles_unfused,ece_15,False,47948,0.001462353302671,0.0011251398052787,0.0020440456308174,/gpfs/data/bbj-lab/users/daniel/input-representation-benchmark/outputs/runs/tokenized/mimiciv-3.1_meds_70-10-20/centiles_none_unfused_time_tokens_first_24h-tokenized/test/logistic_regression-preds-checkpoint-37000.pkl,/gpfs/data/bbj-lab/users/daniel/input-representation-benchmark/outputs/runs/tokenized/mimiciv-3.1_meds_70-10-20/centiles_none_unfused_time_tokens_first_24h-tokenized/test/tokens_timelines_extended_outcomes.parquet
exp1_additional_binary,classification,severe_hypokalemia,deciles_fused,ece_15,False,47948,0.0012430290661731,0.0010302906153554,0.001870595409432,/gpfs/data/bbj-lab/users/daniel/input-representation-benchmark/outputs/runs/tokenized/mimiciv-3.1_meds_70-10-20/deciles_none_fused_time_tokens_first_24h-tokenized/test/logistic_regression-preds-checkpoint-17000.pkl,/gpfs/data/bbj-lab/users/daniel/input-representation-benchmark/outputs/runs/tokenized/mimiciv-3.1_meds_70-10-20/deciles_none_fused_time_tokens_first_24h-tokenized/test/tokens_timelines_extended_outcomes.parquet
exp1_additional_binary,classification,severe_hypokalemia,deciles_unfused,ece_15,False,47948,0.0015375961240605,0.0012522670111369,0.0021328547696166,/gpfs/data/bbj-lab/users/daniel/input-representation-benchmark/outputs/runs/tokenized/mimiciv-3.1_meds_70-10-20/deciles_none_unfused_time_tokens_first_24h-tokenized/test/logistic_regression-preds-checkpoint-10000.pkl,/gpfs/data/bbj-lab/users/daniel/input-representation-benchmark/outputs/runs/tokenized/mimiciv-3.1_meds_70-10-20/deciles_none_unfused_time_tokens_first_24h-tokenized/test/tokens_timelines_extended_outcomes.parquet
exp1_additional_binary,classification,severe_hypokalemia,trentiles_10_10_10_fused,ece_15,False,47948,0.0012852524520963,0.0010762735189302,0.0018901137686746,/gpfs/data/bbj-lab/users/daniel/input-representation-benchmark/outputs/runs/tokenized/mimiciv-3.1_meds_70-10-20/trentiles_10-10-10_fused_time_tokens_first_24h-tokenized/test/logistic_regression-preds-checkpoint-37000.pkl,/gpfs/data/bbj-lab/users/daniel/input-representation-benchmark/outputs/runs/tokenized/mimiciv-3.1_meds_70-10-20/trentiles_10-10-10_fused_time_tokens_first_24h-tokenized/test/tokens_timelines_extended_outcomes.parquet
exp1_additional_binary,classification,severe_hypokalemia,trentiles_10_10_10_unfused,ece_15,False,47948,0.0012346471453136,0.001079555216296,0.0019084571905833,/gpfs/data/bbj-lab/users/daniel/input-representation-benchmark/outputs/runs/tokenized/mimiciv-3.1_meds_70-10-20/trentiles_10-10-10_unfused_time_tokens_first_24h-tokenized/test/logistic_regression-preds-checkpoint-10000.pkl,/gpfs/data/bbj-lab/users/daniel/input-representation-benchmark/outputs/runs/tokenized/mimiciv-3.1_meds_70-10-20/trentiles_10-10-10_unfused_time_tokens_first_24h-tokenized/test/tokens_timelines_extended_outcomes.parquet
exp1_additional_binary,classification,severe_hypokalemia,trentiles_fused,ece_15,False,47948,0.0016940677973265,0.0014285113797348,0.0023115195158134,/gpfs/data/bbj-lab/users/daniel/input-representation-benchmark/outputs/runs/tokenized/mimiciv-3.1_meds_70-10-20/trentiles_none_fused_time_tokens_first_24h-tokenized/test/logistic_regression-preds-checkpoint-37000.pkl,/gpfs/data/bbj-lab/users/daniel/input-representation-benchmark/outputs/runs/tokenized/mimiciv-3.1_meds_70-10-20/trentiles_none_fused_time_tokens_first_24h-tokenized/test/tokens_timelines_extended_outcomes.parquet
exp1_additional_binary,classification,severe_hypokalemia,trentiles_unfused,ece_15,False,47948,0.0015677002156792,0.0013573546894321,0.0021952190484252,/gpfs/data/bbj-lab/users/daniel/input-representation-benchmark/outputs/runs/tokenized/mimiciv-3.1_meds_70-10-20/trentiles_none_unfused_time_tokens_first_24h-tokenized/test/logistic_regression-preds-checkpoint-37000.pkl,/gpfs/data/bbj-lab/users/daniel/input-representation-benchmark/outputs/runs/tokenized/mimiciv-3.1_meds_70-10-20/trentiles_none_unfused_time_tokens_first_24h-tokenized/test/tokens_timelines_extended_outcomes.parquet
exp1_additional_binary,classification,severe_hypokalemia,ventiles_5_10_5_fused,ece_15,False,47948,0.0015101920313882,0.0012591360307965,0.0021234869111451,/gpfs/data/bbj-lab/users/daniel/input-representation-benchmark/outputs/runs/tokenized/mimiciv-3.1_meds_70-10-20/ventiles_5-10-5_fused_time_tokens_first_24h-tokenized/test/logistic_regression-preds-checkpoint-37000.pkl,/gpfs/data/bbj-lab/users/daniel/input-representation-benchmark/outputs/runs/tokenized/mimiciv-3.1_meds_70-10-20/ventiles_5-10-5_fused_time_tokens_first_24h-tokenized/test/tokens_timelines_extended_outcomes.parquet
exp1_additional_binary,classification,severe_hypokalemia,ventiles_5_10_5_unfused,ece_15,False,47948,0.001063144225771,0.0009428771252526,0.0017764457342763,/gpfs/data/bbj-lab/users/daniel/input-representation-benchmark/outputs/runs/tokenized/mimiciv-3.1_meds_70-10-20/ventiles_5-10-5_unfused_time_tokens_first_24h-tokenized/test/logistic_regression-preds-checkpoint-37000.pkl,/gpfs/data/bbj-lab/users/daniel/input-representation-benchmark/outputs/runs/tokenized/mimiciv-3.1_meds_70-10-20/ventiles_5-10-5_unfused_time_tokens_first_24h-tokenized/test/tokens_timelines_extended_outcomes.parquet
exp1_additional_binary,classification,severe_hypokalemia,ventiles_fused,ece_15,False,47948,0.0015417828711909,0.001177399663722,0.0020729313188867,/gpfs/data/bbj-lab/users/daniel/input-representation-benchmark/outputs/runs/tokenized/mimiciv-3.1_meds_70-10-20/ventiles_none_fused_time_tokens_first_24h-tokenized/test/logistic_regression-preds-checkpoint-37000.pkl,/gpfs/data/bbj-lab/users/daniel/input-representation-benchmark/outputs/runs/tokenized/mimiciv-3.1_meds_70-10-20/ventiles_none_fused_time_tokens_first_24h-tokenized/test/tokens_timelines_extended_outcomes.parquet
exp1_additional_binary,classification,severe_hypokalemia,ventiles_unfused,ece_15,False,47948,0.0015379191345714,0.0012200245396152,0.0021345769927481,/gpfs/data/bbj-lab/users/daniel/input-representation-benchmark/outputs/runs/tokenized/mimiciv-3.1_meds_70-10-20/ventiles_none_unfused_time_tokens_first_24h-tokenized/test/logistic_regression-preds-checkpoint-37000.pkl,/gpfs/data/bbj-lab/users/daniel/input-representation-benchmark/outputs/runs/tokenized/mimiciv-3.1_meds_70-10-20/ventiles_none_unfused_time_tokens_first_24h-tokenized/test/tokens_timelines_extended_outcomes.parquet
exp1_additional_binary,classification,severe_hypokalemia,centiles_fused,pr_auc,True,47948,0.0076906365063607,0.0059033699885787,0.0113441865272624,/gpfs/data/bbj-lab/users/daniel/input-representation-benchmark/outputs/runs/tokenized/mimiciv-3.1_meds_70-10-20/centiles_none_fused_time_tokens_first_24h-tokenized/test/logistic_regression-preds-checkpoint-16500.pkl,/gpfs/data/bbj-lab/users/daniel/input-representation-benchmark/outputs/runs/tokenized/mimiciv-3.1_meds_70-10-20/centiles_none_fused_time_tokens_first_24h-tokenized/test/tokens_timelines_extended_outcomes.parquet
exp1_additional_binary,classification,severe_hypokalemia,centiles_unfused,pr_auc,True,47948,0.0101257543422088,0.0073424872105693,0.0151278210866783,/gpfs/data/bbj-lab/users/daniel/input-representation-benchmark/outputs/runs/tokenized/mimiciv-3.1_meds_70-10-20/centiles_none_unfused_time_tokens_first_24h-tokenized/test/logistic_regression-preds-checkpoint-37000.pkl,/gpfs/data/bbj-lab/users/daniel/input-representation-benchmark/outputs/runs/tokenized/mimiciv-3.1_meds_70-10-20/centiles_none_unfused_time_tokens_first_24h-tokenized/test/tokens_timelines_extended_outcomes.parquet
exp1_additional_binary,classification,severe_hypokalemia,deciles_fused,pr_auc,True,47948,0.0136889481487646,0.0080858335538545,0.0326728985940471,/gpfs/data/bbj-lab/users/daniel/input-representation-benchmark/outputs/runs/tokenized/mimiciv-3.1_meds_70-10-20/deciles_none_fused_time_tokens_first_24h-tokenized/test/logistic_regression-preds-checkpoint-17000.pkl,/gpfs/data/bbj-lab/users/daniel/input-representation-benchmark/outputs/runs/tokenized/mimiciv-3.1_meds_70-10-20/deciles_none_fused_time_tokens_first_24h-tokenized/test/tokens_timelines_extended_outcomes.parquet
exp1_additional_binary,classification,severe_hypokalemia,deciles_unfused,pr_auc,True,47948,0.0075019976526327,0.0055087012544459,0.0118583443056775,/gpfs/data/bbj-lab/users/daniel/input-representation-benchmark/outputs/runs/tokenized/mimiciv-3.1_meds_70-10-20/deciles_none_unfused_time_tokens_first_24h-tokenized/test/logistic_regression-preds-checkpoint-10000.pkl,/gpfs/data/bbj-lab/users/daniel/input-representation-benchmark/outputs/runs/tokenized/mimiciv-3.1_meds_70-10-20/deciles_none_unfused_time_tokens_first_24h-tokenized/test/tokens_timelines_extended_outcomes.parquet
exp1_additional_binary,classification,severe_hypokalemia,trentiles_10_10_10_fused,pr_auc,True,47948,0.0100329158425019,0.0074310941612567,0.0152154808420435,/gpfs/data/bbj-lab/users/daniel/input-representation-benchmark/outputs/runs/tokenized/mimiciv-3.1_meds_70-10-20/trentiles_10-10-10_fused_time_tokens_first_24h-tokenized/test/logistic_regression-preds-checkpoint-37000.pkl,/gpfs/data/bbj-lab/users/daniel/input-representation-benchmark/outputs/runs/tokenized/mimiciv-3.1_meds_70-10-20/trentiles_10-10-10_fused_time_tokens_first_24h-tokenized/test/tokens_timelines_extended_outcomes.parquet
exp1_additional_binary,classification,severe_hypokalemia,trentiles_10_10_10_unfused,pr_auc,True,47948,0.00784913387751,0.0059023010833883,0.0109217206005921,/gpfs/data/bbj-lab/users/daniel/input-representation-benchmark/outputs/runs/tokenized/mimiciv-3.1_meds_70-10-20/trentiles_10-10-10_unfused_time_tokens_first_24h-tokenized/test/logistic_regression-preds-checkpoint-10000.pkl,/gpfs/data/bbj-lab/users/daniel/input-representation-benchmark/outputs/runs/tokenized/mimiciv-3.1_meds_70-10-20/trentiles_10-10-10_unfused_time_tokens_first_24h-tokenized/test/tokens_timelines_extended_outcomes.parquet
exp1_additional_binary,classification,severe_hypokalemia,trentiles_fused,pr_auc,True,47948,0.0090904025745053,0.0065409837102842,0.0142623382764237,/gpfs/data/bbj-lab/users/daniel/input-representation-benchmark/outputs/runs/tokenized/mimiciv-3.1_meds_70-10-20/trentiles_none_fused_time_tokens_first_24h-tokenized/test/logistic_regression-preds-checkpoint-37000.pkl,/gpfs/data/bbj-lab/users/daniel/input-representation-benchmark/outputs/runs/tokenized/mimiciv-3.1_meds_70-10-20/trentiles_none_fused_time_tokens_first_24h-tokenized/test/tokens_timelines_extended_outcomes.parquet
exp1_additional_binary,classification,severe_hypokalemia,trentiles_unfused,pr_auc,True,47948,0.0159420489115575,0.0065888151402442,0.0350120822658378,/gpfs/data/bbj-lab/users/daniel/input-representation-benchmark/outputs/runs/tokenized/mimiciv-3.1_meds_70-10-20/trentiles_none_unfused_time_tokens_first_24h-tokenized/test/logistic_regression-preds-checkpoint-37000.pkl,/gpfs/data/bbj-lab/users/daniel/input-representation-benchmark/outputs/runs/tokenized/mimiciv-3.1_meds_70-10-20/trentiles_none_unfused_time_tokens_first_24h-tokenized/test/tokens_timelines_extended_outcomes.parquet
exp1_additional_binary,classification,severe_hypokalemia,ventiles_5_10_5_fused,pr_auc,True,47948,0.0085841876936503,0.0063271764074971,0.012834988518403,/gpfs/data/bbj-lab/users/daniel/input-representation-benchmark/outputs/runs/tokenized/mimiciv-3.1_meds_70-10-20/ventiles_5-10-5_fused_time_tokens_first_24h-tokenized/test/logistic_regression-preds-checkpoint-37000.pkl,/gpfs/data/bbj-lab/users/daniel/input-representation-benchmark/outputs/runs/tokenized/mimiciv-3.1_meds_70-10-20/ventiles_5-10-5_fused_time_tokens_first_24h-tokenized/test/tokens_timelines_extended_outcomes.parquet
exp1_additional_binary,classification,severe_hypokalemia,ventiles_5_10_5_unfused,pr_auc,True,47948,0.0114800484993602,0.0080717976218118,0.0187866821547511,/gpfs/data/bbj-lab/users/daniel/input-representation-benchmark/outputs/runs/tokenized/mimiciv-3.1_meds_70-10-20/ventiles_5-10-5_unfused_time_tokens_first_24h-tokenized/test/logistic_regression-preds-checkpoint-37000.pkl,/gpfs/data/bbj-lab/users/daniel/input-representation-benchmark/outputs/runs/tokenized/mimiciv-3.1_meds_70-10-20/ventiles_5-10-5_unfused_time_tokens_first_24h-tokenized/test/tokens_timelines_extended_outcomes.parquet
exp1_additional_binary,classification,severe_hypokalemia,ventiles_fused,pr_auc,True,47948,0.0090299376040824,0.0068653913459509,0.0125404845505486,/gpfs/data/bbj-lab/users/daniel/input-representation-benchmark/outputs/runs/tokenized/mimiciv-3.1_meds_70-10-20/ventiles_none_fused_time_tokens_first_24h-tokenized/test/logistic_regression-preds-checkpoint-37000.pkl,/gpfs/data/bbj-lab/users/daniel/input-representation-benchmark/outputs/runs/tokenized/mimiciv-3.1_meds_70-10-20/ventiles_none_fused_time_tokens_first_24h-tokenized/test/tokens_timelines_extended_outcomes.parquet
exp1_additional_binary,classification,severe_hypokalemia,ventiles_unfused,pr_auc,True,47948,0.0101289610606019,0.0073589537112473,0.0164668138739068,/gpfs/data/bbj-lab/users/daniel/input-representation-benchmark/outputs/runs/tokenized/mimiciv-3.1_meds_70-10-20/ventiles_none_unfused_time_tokens_first_24h-tokenized/test/logistic_regression-preds-checkpoint-37000.pkl,/gpfs/data/bbj-lab/users/daniel/input-representation-benchmark/outputs/runs/tokenized/mimiciv-3.1_meds_70-10-20/ventiles_none_unfused_time_tokens_first_24h-tokenized/test/tokens_timelines_extended_outcomes.parquet
exp1_additional_binary,classification,severe_hypokalemia,centiles_fused,roc_auc,True,47948,0.7134455313098036,0.6722558460494092,0.7542822143576654,/gpfs/data/bbj-lab/users/daniel/input-representation-benchmark/outputs/runs/tokenized/mimiciv-3.1_meds_70-10-20/centiles_none_fused_time_tokens_first_24h-tokenized/test/logistic_regression-preds-checkpoint-16500.pkl,/gpfs/data/bbj-lab/users/daniel/input-representation-benchmark/outputs/runs/tokenized/mimiciv-3.1_meds_70-10-20/centiles_none_fused_time_tokens_first_24h-tokenized/test/tokens_timelines_extended_outcomes.parquet
exp1_additional_binary,classification,severe_hypokalemia,centiles_unfused,roc_auc,True,47948,0.7192150497514577,0.6730671486945851,0.7621833630491692,/gpfs/data/bbj-lab/users/daniel/input-representation-benchmark/outputs/runs/tokenized/mimiciv-3.1_meds_70-10-20/centiles_none_unfused_time_tokens_first_24h-tokenized/test/logistic_regression-preds-checkpoint-37000.pkl,/gpfs/data/bbj-lab/users/daniel/input-representation-benchmark/outputs/runs/tokenized/mimiciv-3.1_meds_70-10-20/centiles_none_unfused_time_tokens_first_24h-tokenized/test/tokens_timelines_extended_outcomes.parquet
exp1_additional_binary,classification,severe_hypokalemia,deciles_fused,roc_auc,True,47948,0.7346527313295196,0.6886880244027609,0.7779436128077168,/gpfs/data/bbj-lab/users/daniel/input-representation-benchmark/outputs/runs/tokenized/mimiciv-3.1_meds_70-10-20/deciles_none_fused_time_tokens_first_24h-tokenized/test/logistic_regression-preds-checkpoint-17000.pkl,/gpfs/data/bbj-lab/users/daniel/input-representation-benchmark/outputs/runs/tokenized/mimiciv-3.1_meds_70-10-20/deciles_none_fused_time_tokens_first_24h-tokenized/test/tokens_timelines_extended_outcomes.parquet
exp1_additional_binary,classification,severe_hypokalemia,deciles_unfused,roc_auc,True,47948,0.6956198600047112,0.6521762804175214,0.7368148753148218,/gpfs/data/bbj-lab/users/daniel/input-representation-benchmark/outputs/runs/tokenized/mimiciv-3.1_meds_70-10-20/deciles_none_unfused_time_tokens_first_24h-tokenized/test/logistic_regression-preds-checkpoint-10000.pkl,/gpfs/data/bbj-lab/users/daniel/input-representation-benchmark/outputs/runs/tokenized/mimiciv-3.1_meds_70-10-20/deciles_none_unfused_time_tokens_first_24h-tokenized/test/tokens_timelines_extended_outcomes.parquet
exp1_additional_binary,classification,severe_hypokalemia,trentiles_10_10_10_fused,roc_auc,True,47948,0.7366058507324448,0.6936184024672991,0.777954062805919,/gpfs/data/bbj-lab/users/daniel/input-representation-benchmark/outputs/runs/tokenized/mimiciv-3.1_meds_70-10-20/trentiles_10-10-10_fused_time_tokens_first_24h-tokenized/test/logistic_regression-preds-checkpoint-37000.pkl,/gpfs/data/bbj-lab/users/daniel/input-representation-benchmark/outputs/runs/tokenized/mimiciv-3.1_meds_70-10-20/trentiles_10-10-10_fused_time_tokens_first_24h-tokenized/test/tokens_timelines_extended_outcomes.parquet
exp1_additional_binary,classification,severe_hypokalemia,trentiles_10_10_10_unfused,roc_auc,True,47948,0.7105534645481102,0.6653183701630683,0.7511998683024732,/gpfs/data/bbj-lab/users/daniel/input-representation-benchmark/outputs/runs/tokenized/mimiciv-3.1_meds_70-10-20/trentiles_10-10-10_unfused_time_tokens_first_24h-tokenized/test/logistic_regression-preds-checkpoint-10000.pkl,/gpfs/data/bbj-lab/users/daniel/input-representation-benchmark/outputs/runs/tokenized/mimiciv-3.1_meds_70-10-20/trentiles_10-10-10_unfused_time_tokens_first_24h-tokenized/test/tokens_timelines_extended_outcomes.parquet
exp1_additional_binary,classification,severe_hypokalemia,trentiles_fused,roc_auc,True,47948,0.7196322960064145,0.6793550965056325,0.7603355768394982,/gpfs/data/bbj-lab/users/daniel/input-representation-benchmark/outputs/runs/tokenized/mimiciv-3.1_meds_70-10-20/trentiles_none_fused_time_tokens_first_24h-tokenized/test/logistic_regression-preds-checkpoint-37000.pkl,/gpfs/data/bbj-lab/users/daniel/input-representation-benchmark/outputs/runs/tokenized/mimiciv-3.1_meds_70-10-20/trentiles_none_fused_time_tokens_first_24h-tokenized/test/tokens_timelines_extended_outcomes.parquet
exp1_additional_binary,classification,severe_hypokalemia,trentiles_unfused,roc_auc,True,47948,0.7290051485207532,0.6904913395749015,0.7639888407128811,/gpfs/data/bbj-lab/users/daniel/input-representation-benchmark/outputs/runs/tokenized/mimiciv-3.1_meds_70-10-20/trentiles_none_unfused_time_tokens_first_24h-tokenized/test/logistic_regression-preds-checkpoint-37000.pkl,/gpfs/data/bbj-lab/users/daniel/input-representation-benchmark/outputs/runs/tokenized/mimiciv-3.1_meds_70-10-20/trentiles_none_unfused_time_tokens_first_24h-tokenized/test/tokens_timelines_extended_outcomes.parquet
exp1_additional_binary,classification,severe_hypokalemia,ventiles_5_10_5_fused,roc_auc,True,47948,0.7167430949470217,0.674939249535246,0.7583259639536115,/gpfs/data/bbj-lab/users/daniel/input-representation-benchmark/outputs/runs/tokenized/mimiciv-3.1_meds_70-10-20/ventiles_5-10-5_fused_time_tokens_first_24h-tokenized/test/logistic_regression-preds-checkpoint-37000.pkl,/gpfs/data/bbj-lab/users/daniel/input-representation-benchmark/outputs/runs/tokenized/mimiciv-3.1_meds_70-10-20/ventiles_5-10-5_fused_time_tokens_first_24h-tokenized/test/tokens_timelines_extended_outcomes.parquet
exp1_additional_binary,classification,severe_hypokalemia,ventiles_5_10_5_unfused,roc_auc,True,47948,0.7501673570143509,0.7085298448760468,0.7903726227788854,/gpfs/data/bbj-lab/users/daniel/input-representation-benchmark/outputs/runs/tokenized/mimiciv-3.1_meds_70-10-20/ventiles_5-10-5_unfused_time_tokens_first_24h-tokenized/test/logistic_regression-preds-checkpoint-37000.pkl,/gpfs/data/bbj-lab/users/daniel/input-representation-benchmark/outputs/runs/tokenized/mimiciv-3.1_meds_70-10-20/ventiles_5-10-5_unfused_time_tokens_first_24h-tokenized/test/tokens_timelines_extended_outcomes.parquet
exp1_additional_binary,classification,severe_hypokalemia,ventiles_fused,roc_auc,True,47948,0.7331708766699163,0.6948326541942352,0.7738200153780264,/gpfs/data/bbj-lab/users/daniel/input-representation-benchmark/outputs/runs/tokenized/mimiciv-3.1_meds_70-10-20/ventiles_none_fused_time_tokens_first_24h-tokenized/test/logistic_regression-preds-checkpoint-37000.pkl,/gpfs/data/bbj-lab/users/daniel/input-representation-benchmark/outputs/runs/tokenized/mimiciv-3.1_meds_70-10-20/ventiles_none_fused_time_tokens_first_24h-tokenized/test/tokens_timelines_extended_outcomes.parquet
exp1_additional_binary,classification,severe_hypokalemia,ventiles_unfused,roc_auc,True,47948,0.7344229020050171,0.69030232036599,0.7761698227276567,/gpfs/data/bbj-lab/users/daniel/input-representation-benchmark/outputs/runs/tokenized/mimiciv-3.1_meds_70-10-20/ventiles_none_unfused_time_tokens_first_24h-tokenized/test/logistic_regression-preds-checkpoint-37000.pkl,/gpfs/data/bbj-lab/users/daniel/input-representation-benchmark/outputs/runs/tokenized/mimiciv-3.1_meds_70-10-20/ventiles_none_unfused_time_tokens_first_24h-tokenized/test/tokens_timelines_extended_outcomes.parquet
exp1_additional_binary,classification,tachycardia_hr130,centiles_fused,brier,False,9933,0.1181955297022109,0.1138553649690547,0.1226391659146009,/gpfs/data/bbj-lab/users/daniel/input-representation-benchmark/outputs/runs/tokenized/mimiciv-3.1_meds_70-10-20/centiles_none_fused_time_tokens_first_24h-tokenized/test/logistic_regression-preds-checkpoint-16500.pkl,/gpfs/data/bbj-lab/users/daniel/input-representation-benchmark/outputs/runs/tokenized/mimiciv-3.1_meds_70-10-20/centiles_none_fused_time_tokens_first_24h-tokenized/test/tokens_timelines_extended_outcomes.parquet
exp1_additional_binary,classification,tachycardia_hr130,centiles_unfused,brier,False,9933,0.1212366887666756,0.1166706838026971,0.1256866934240276,/gpfs/data/bbj-lab/users/daniel/input-representation-benchmark/outputs/runs/tokenized/mimiciv-3.1_meds_70-10-20/centiles_none_unfused_time_tokens_first_24h-tokenized/test/logistic_regression-preds-checkpoint-37000.pkl,/gpfs/data/bbj-lab/users/daniel/input-representation-benchmark/outputs/runs/tokenized/mimiciv-3.1_meds_70-10-20/centiles_none_unfused_time_tokens_first_24h-tokenized/test/tokens_timelines_extended_outcomes.parquet
exp1_additional_binary,classification,tachycardia_hr130,deciles_fused,brier,False,9933,0.1181730020571583,0.113790354745002,0.1227624131197778,/gpfs/data/bbj-lab/users/daniel/input-representation-benchmark/outputs/runs/tokenized/mimiciv-3.1_meds_70-10-20/deciles_none_fused_time_tokens_first_24h-tokenized/test/logistic_regression-preds-checkpoint-17000.pkl,/gpfs/data/bbj-lab/users/daniel/input-representation-benchmark/outputs/runs/tokenized/mimiciv-3.1_meds_70-10-20/deciles_none_fused_time_tokens_first_24h-tokenized/test/tokens_timelines_extended_outcomes.parquet
exp1_additional_binary,classification,tachycardia_hr130,deciles_unfused,brier,False,9933,0.1221522142235483,0.1176258495551335,0.1266310748982781,/gpfs/data/bbj-lab/users/daniel/input-representation-benchmark/outputs/runs/tokenized/mimiciv-3.1_meds_70-10-20/deciles_none_unfused_time_tokens_first_24h-tokenized/test/logistic_regression-preds-checkpoint-10000.pkl,/gpfs/data/bbj-lab/users/daniel/input-representation-benchmark/outputs/runs/tokenized/mimiciv-3.1_meds_70-10-20/deciles_none_unfused_time_tokens_first_24h-tokenized/test/tokens_timelines_extended_outcomes.parquet
exp1_additional_binary,classification,tachycardia_hr130,trentiles_10_10_10_fused,brier,False,9933,0.1181761283258634,0.1137879271291184,0.1225082388835503,/gpfs/data/bbj-lab/users/daniel/input-representation-benchmark/outputs/runs/tokenized/mimiciv-3.1_meds_70-10-20/trentiles_10-10-10_fused_time_tokens_first_24h-tokenized/test/logistic_regression-preds-checkpoint-37000.pkl,/gpfs/data/bbj-lab/users/daniel/input-representation-benchmark/outputs/runs/tokenized/mimiciv-3.1_meds_70-10-20/trentiles_10-10-10_fused_time_tokens_first_24h-tokenized/test/tokens_timelines_extended_outcomes.parquet
exp1_additional_binary,classification,tachycardia_hr130,trentiles_10_10_10_unfused,brier,False,9933,0.1225410328116814,0.11785443845204,0.1271919943083975,/gpfs/data/bbj-lab/users/daniel/input-representation-benchmark/outputs/runs/tokenized/mimiciv-3.1_meds_70-10-20/trentiles_10-10-10_unfused_time_tokens_first_24h-tokenized/test/logistic_regression-preds-checkpoint-10000.pkl,/gpfs/data/bbj-lab/users/daniel/input-representation-benchmark/outputs/runs/tokenized/mimiciv-3.1_meds_70-10-20/trentiles_10-10-10_unfused_time_tokens_first_24h-tokenized/test/tokens_timelines_extended_outcomes.parquet
exp1_additional_binary,classification,tachycardia_hr130,trentiles_fused,brier,False,9933,0.1171310096640518,0.1128104882719592,0.1216510660431704,/gpfs/data/bbj-lab/users/daniel/input-representation-benchmark/outputs/runs/tokenized/mimiciv-3.1_meds_70-10-20/trentiles_none_fused_time_tokens_first_24h-tokenized/test/logistic_regression-preds-checkpoint-37000.pkl,/gpfs/data/bbj-lab/users/daniel/input-representation-benchmark/outputs/runs/tokenized/mimiciv-3.1_meds_70-10-20/trentiles_none_fused_time_tokens_first_24h-tokenized/test/tokens_timelines_extended_outcomes.parquet
exp1_additional_binary,classification,tachycardia_hr130,trentiles_unfused,brier,False,9933,0.1206638574713842,0.1160489410750295,0.1250496538983774,/gpfs/data/bbj-lab/users/daniel/input-representation-benchmark/outputs/runs/tokenized/mimiciv-3.1_meds_70-10-20/trentiles_none_unfused_time_tokens_first_24h-tokenized/test/logistic_regression-preds-checkpoint-37000.pkl,/gpfs/data/bbj-lab/users/daniel/input-representation-benchmark/outputs/runs/tokenized/mimiciv-3.1_meds_70-10-20/trentiles_none_unfused_time_tokens_first_24h-tokenized/test/tokens_timelines_extended_outcomes.parquet
exp1_additional_binary,classification,tachycardia_hr130,ventiles_5_10_5_fused,brier,False,9933,0.118011410128757,0.113579823024572,0.1224522206318887,/gpfs/data/bbj-lab/users/daniel/input-representation-benchmark/outputs/runs/tokenized/mimiciv-3.1_meds_70-10-20/ventiles_5-10-5_fused_time_tokens_first_24h-tokenized/test/logistic_regression-preds-checkpoint-37000.pkl,/gpfs/data/bbj-lab/users/daniel/input-representation-benchmark/outputs/runs/tokenized/mimiciv-3.1_meds_70-10-20/ventiles_5-10-5_fused_time_tokens_first_24h-tokenized/test/tokens_timelines_extended_outcomes.parquet
exp1_additional_binary,classification,tachycardia_hr130,ventiles_5_10_5_unfused,brier,False,9933,0.1208655760969693,0.1163730366919744,0.1252055741758616,/gpfs/data/bbj-lab/users/daniel/input-representation-benchmark/outputs/runs/tokenized/mimiciv-3.1_meds_70-10-20/ventiles_5-10-5_unfused_time_tokens_first_24h-tokenized/test/logistic_regression-preds-checkpoint-37000.pkl,/gpfs/data/bbj-lab/users/daniel/input-representation-benchmark/outputs/runs/tokenized/mimiciv-3.1_meds_70-10-20/ventiles_5-10-5_unfused_time_tokens_first_24h-tokenized/test/tokens_timelines_extended_outcomes.parquet
exp1_additional_binary,classification,tachycardia_hr130,ventiles_fused,brier,False,9933,0.1186448095701194,0.1141266998523329,0.1231817272017338,/gpfs/data/bbj-lab/users/daniel/input-representation-benchmark/outputs/runs/tokenized/mimiciv-3.1_meds_70-10-20/ventiles_none_fused_time_tokens_first_24h-tokenized/test/logistic_regression-preds-checkpoint-37000.pkl,/gpfs/data/bbj-lab/users/daniel/input-representation-benchmark/outputs/runs/tokenized/mimiciv-3.1_meds_70-10-20/ventiles_none_fused_time_tokens_first_24h-tokenized/test/tokens_timelines_extended_outcomes.parquet
exp1_additional_binary,classification,tachycardia_hr130,ventiles_unfused,brier,False,9933,0.1219936455700467,0.117544633897592,0.1264438977546524,/gpfs/data/bbj-lab/users/daniel/input-representation-benchmark/outputs/runs/tokenized/mimiciv-3.1_meds_70-10-20/ventiles_none_unfused_time_tokens_first_24h-tokenized/test/logistic_regression-preds-checkpoint-37000.pkl,/gpfs/data/bbj-lab/users/daniel/input-representation-benchmark/outputs/runs/tokenized/mimiciv-3.1_meds_70-10-20/ventiles_none_unfused_time_tokens_first_24h-tokenized/test/tokens_timelines_extended_outcomes.parquet
exp1_additional_binary,classification,tachycardia_hr130,centiles_fused,ece_15,False,9933,0.0204924949553313,0.0182165739597762,0.0298670385508279,/gpfs/data/bbj-lab/users/daniel/input-representation-benchmark/outputs/runs/tokenized/mimiciv-3.1_meds_70-10-20/centiles_none_fused_time_tokens_first_24h-tokenized/test/logistic_regression-preds-checkpoint-16500.pkl,/gpfs/data/bbj-lab/users/daniel/input-representation-benchmark/outputs/runs/tokenized/mimiciv-3.1_meds_70-10-20/centiles_none_fused_time_tokens_first_24h-tokenized/test/tokens_timelines_extended_outcomes.parquet
exp1_additional_binary,classification,tachycardia_hr130,centiles_unfused,ece_15,False,9933,0.0250780260861497,0.0204605721638611,0.0323317263100988,/gpfs/data/bbj-lab/users/daniel/input-representation-benchmark/outputs/runs/tokenized/mimiciv-3.1_meds_70-10-20/centiles_none_unfused_time_tokens_first_24h-tokenized/test/logistic_regression-preds-checkpoint-37000.pkl,/gpfs/data/bbj-lab/users/daniel/input-representation-benchmark/outputs/runs/tokenized/mimiciv-3.1_meds_70-10-20/centiles_none_unfused_time_tokens_first_24h-tokenized/test/tokens_timelines_extended_outcomes.parquet
exp1_additional_binary,classification,tachycardia_hr130,deciles_fused,ece_15,False,9933,0.0217821289391397,0.0182850173393904,0.0303420670227065,/gpfs/data/bbj-lab/users/daniel/input-representation-benchmark/outputs/runs/tokenized/mimiciv-3.1_meds_70-10-20/deciles_none_fused_time_tokens_first_24h-tokenized/test/logistic_regression-preds-checkpoint-17000.pkl,/gpfs/data/bbj-lab/users/daniel/input-representation-benchmark/outputs/runs/tokenized/mimiciv-3.1_meds_70-10-20/deciles_none_fused_time_tokens_first_24h-tokenized/test/tokens_timelines_extended_outcomes.parquet
exp1_additional_binary,classification,tachycardia_hr130,deciles_unfused,ece_15,False,9933,0.0256928871472516,0.0212496352663567,0.033351310927889,/gpfs/data/bbj-lab/users/daniel/input-representation-benchmark/outputs/runs/tokenized/mimiciv-3.1_meds_70-10-20/deciles_none_unfused_time_tokens_first_24h-tokenized/test/logistic_regression-preds-checkpoint-10000.pkl,/gpfs/data/bbj-lab/users/daniel/input-representation-benchmark/outputs/runs/tokenized/mimiciv-3.1_meds_70-10-20/deciles_none_unfused_time_tokens_first_24h-tokenized/test/tokens_timelines_extended_outcomes.parquet
exp1_additional_binary,classification,tachycardia_hr130,trentiles_10_10_10_fused,ece_15,False,9933,0.0214684139076498,0.0188154219800154,0.0305305674457634,/gpfs/data/bbj-lab/users/daniel/input-representation-benchmark/outputs/runs/tokenized/mimiciv-3.1_meds_70-10-20/trentiles_10-10-10_fused_time_tokens_first_24h-tokenized/test/logistic_regression-preds-checkpoint-37000.pkl,/gpfs/data/bbj-lab/users/daniel/input-representation-benchmark/outputs/runs/tokenized/mimiciv-3.1_meds_70-10-20/trentiles_10-10-10_fused_time_tokens_first_24h-tokenized/test/tokens_timelines_extended_outcomes.parquet
exp1_additional_binary,classification,tachycardia_hr130,trentiles_10_10_10_unfused,ece_15,False,9933,0.0270507238319216,0.0222997022265918,0.0350364327679824,/gpfs/data/bbj-lab/users/daniel/input-representation-benchmark/outputs/runs/tokenized/mimiciv-3.1_meds_70-10-20/trentiles_10-10-10_unfused_time_tokens_first_24h-tokenized/test/logistic_regression-preds-checkpoint-10000.pkl,/gpfs/data/bbj-lab/users/daniel/input-representation-benchmark/outputs/runs/tokenized/mimiciv-3.1_meds_70-10-20/trentiles_10-10-10_unfused_time_tokens_first_24h-tokenized/test/tokens_timelines_extended_outcomes.parquet
exp1_additional_binary,classification,tachycardia_hr130,trentiles_fused,ece_15,False,9933,0.0203373281941277,0.0173563294382019,0.0288724493863896,/gpfs/data/bbj-lab/users/daniel/input-representation-benchmark/outputs/runs/tokenized/mimiciv-3.1_meds_70-10-20/trentiles_none_fused_time_tokens_first_24h-tokenized/test/logistic_regression-preds-checkpoint-37000.pkl,/gpfs/data/bbj-lab/users/daniel/input-representation-benchmark/outputs/runs/tokenized/mimiciv-3.1_meds_70-10-20/trentiles_none_fused_time_tokens_first_24h-tokenized/test/tokens_timelines_extended_outcomes.parquet
exp1_additional_binary,classification,tachycardia_hr130,trentiles_unfused,ece_15,False,9933,0.0231739106270797,0.0194405349863686,0.0309092510395186,/gpfs/data/bbj-lab/users/daniel/input-representation-benchmark/outputs/runs/tokenized/mimiciv-3.1_meds_70-10-20/trentiles_none_unfused_time_tokens_first_24h-tokenized/test/logistic_regression-preds-checkpoint-37000.pkl,/gpfs/data/bbj-lab/users/daniel/input-representation-benchmark/outputs/runs/tokenized/mimiciv-3.1_meds_70-10-20/trentiles_none_unfused_time_tokens_first_24h-tokenized/test/tokens_timelines_extended_outcomes.parquet
exp1_additional_binary,classification,tachycardia_hr130,ventiles_5_10_5_fused,ece_15,False,9933,0.022127277632819,0.0179964428632833,0.0301101858291149,/gpfs/data/bbj-lab/users/daniel/input-representation-benchmark/outputs/runs/tokenized/mimiciv-3.1_meds_70-10-20/ventiles_5-10-5_fused_time_tokens_first_24h-tokenized/test/logistic_regression-preds-checkpoint-37000.pkl,/gpfs/data/bbj-lab/users/daniel/input-representation-benchmark/outputs/runs/tokenized/mimiciv-3.1_meds_70-10-20/ventiles_5-10-5_fused_time_tokens_first_24h-tokenized/test/tokens_timelines_extended_outcomes.parquet
exp1_additional_binary,classification,tachycardia_hr130,ventiles_5_10_5_unfused,ece_15,False,9933,0.0259570836014998,0.0217248606622732,0.0334872154062793,/gpfs/data/bbj-lab/users/daniel/input-representation-benchmark/outputs/runs/tokenized/mimiciv-3.1_meds_70-10-20/ventiles_5-10-5_unfused_time_tokens_first_24h-tokenized/test/logistic_regression-preds-checkpoint-37000.pkl,/gpfs/data/bbj-lab/users/daniel/input-representation-benchmark/outputs/runs/tokenized/mimiciv-3.1_meds_70-10-20/ventiles_5-10-5_unfused_time_tokens_first_24h-tokenized/test/tokens_timelines_extended_outcomes.parquet
exp1_additional_binary,classification,tachycardia_hr130,ventiles_fused,ece_15,False,9933,0.0220112525534801,0.0183512238803852,0.0304112526591803,/gpfs/data/bbj-lab/users/daniel/input-representation-benchmark/outputs/runs/tokenized/mimiciv-3.1_meds_70-10-20/ventiles_none_fused_time_tokens_first_24h-tokenized/test/logistic_regression-preds-checkpoint-37000.pkl,/gpfs/data/bbj-lab/users/daniel/input-representation-benchmark/outputs/runs/tokenized/mimiciv-3.1_meds_70-10-20/ventiles_none_fused_time_tokens_first_24h-tokenized/test/tokens_timelines_extended_outcomes.parquet
exp1_additional_binary,classification,tachycardia_hr130,ventiles_unfused,ece_15,False,9933,0.0253117912731838,0.021434380261333,0.0336357964861869,/gpfs/data/bbj-lab/users/daniel/input-representation-benchmark/outputs/runs/tokenized/mimiciv-3.1_meds_70-10-20/ventiles_none_unfused_time_tokens_first_24h-tokenized/test/logistic_regression-preds-checkpoint-37000.pkl,/gpfs/data/bbj-lab/users/daniel/input-representation-benchmark/outputs/runs/tokenized/mimiciv-3.1_meds_70-10-20/ventiles_none_unfused_time_tokens_first_24h-tokenized/test/tokens_timelines_extended_outcomes.parquet
exp1_additional_binary,classification,tachycardia_hr130,centiles_fused,pr_auc,True,9933,0.3175652188184446,0.2960356051633457,0.3399562971251254,/gpfs/data/bbj-lab/users/daniel/input-representation-benchmark/outputs/runs/tokenized/mimiciv-3.1_meds_70-10-20/centiles_none_fused_time_tokens_first_24h-tokenized/test/logistic_regression-preds-checkpoint-16500.pkl,/gpfs/data/bbj-lab/users/daniel/input-representation-benchmark/outputs/runs/tokenized/mimiciv-3.1_meds_70-10-20/centiles_none_fused_time_tokens_first_24h-tokenized/test/tokens_timelines_extended_outcomes.parquet
exp1_additional_binary,classification,tachycardia_hr130,centiles_unfused,pr_auc,True,9933,0.2849620452699807,0.2661369232486621,0.3072041092227731,/gpfs/data/bbj-lab/users/daniel/input-representation-benchmark/outputs/runs/tokenized/mimiciv-3.1_meds_70-10-20/centiles_none_unfused_time_tokens_first_24h-tokenized/test/logistic_regression-preds-checkpoint-37000.pkl,/gpfs/data/bbj-lab/users/daniel/input-representation-benchmark/outputs/runs/tokenized/mimiciv-3.1_meds_70-10-20/centiles_none_unfused_time_tokens_first_24h-tokenized/test/tokens_timelines_extended_outcomes.parquet
exp1_additional_binary,classification,tachycardia_hr130,deciles_fused,pr_auc,True,9933,0.3126739998778158,0.2921620675792816,0.3356988190595465,/gpfs/data/bbj-lab/users/daniel/input-representation-benchmark/outputs/runs/tokenized/mimiciv-3.1_meds_70-10-20/deciles_none_fused_time_tokens_first_24h-tokenized/test/logistic_regression-preds-checkpoint-17000.pkl,/gpfs/data/bbj-lab/users/daniel/input-representation-benchmark/outputs/runs/tokenized/mimiciv-3.1_meds_70-10-20/deciles_none_fused_time_tokens_first_24h-tokenized/test/tokens_timelines_extended_outcomes.parquet
exp1_additional_binary,classification,tachycardia_hr130,deciles_unfused,pr_auc,True,9933,0.2740873693889675,0.2554782830814898,0.2965568032245102,/gpfs/data/bbj-lab/users/daniel/input-representation-benchmark/outputs/runs/tokenized/mimiciv-3.1_meds_70-10-20/deciles_none_unfused_time_tokens_first_24h-tokenized/test/logistic_regression-preds-checkpoint-10000.pkl,/gpfs/data/bbj-lab/users/daniel/input-representation-benchmark/outputs/runs/tokenized/mimiciv-3.1_meds_70-10-20/deciles_none_unfused_time_tokens_first_24h-tokenized/test/tokens_timelines_extended_outcomes.parquet
exp1_additional_binary,classification,tachycardia_hr130,trentiles_10_10_10_fused,pr_auc,True,9933,0.3118756606287963,0.292096473063666,0.3348141920948032,/gpfs/data/bbj-lab/users/daniel/input-representation-benchmark/outputs/runs/tokenized/mimiciv-3.1_meds_70-10-20/trentiles_10-10-10_fused_time_tokens_first_24h-tokenized/test/logistic_regression-preds-checkpoint-37000.pkl,/gpfs/data/bbj-lab/users/daniel/input-representation-benchmark/outputs/runs/tokenized/mimiciv-3.1_meds_70-10-20/trentiles_10-10-10_fused_time_tokens_first_24h-tokenized/test/tokens_timelines_extended_outcomes.parquet
exp1_additional_binary,classification,tachycardia_hr130,trentiles_10_10_10_unfused,pr_auc,True,9933,0.2704552499779526,0.2534134649513426,0.2906603870002404,/gpfs/data/bbj-lab/users/daniel/input-representation-benchmark/outputs/runs/tokenized/mimiciv-3.1_meds_70-10-20/trentiles_10-10-10_unfused_time_tokens_first_24h-tokenized/test/logistic_regression-preds-checkpoint-10000.pkl,/gpfs/data/bbj-lab/users/daniel/input-representation-benchmark/outputs/runs/tokenized/mimiciv-3.1_meds_70-10-20/trentiles_10-10-10_unfused_time_tokens_first_24h-tokenized/test/tokens_timelines_extended_outcomes.parquet
exp1_additional_binary,classification,tachycardia_hr130,trentiles_fused,pr_auc,True,9933,0.3281184631153998,0.3060779421158912,0.3506445137378823,/gpfs/data/bbj-lab/users/daniel/input-representation-benchmark/outputs/runs/tokenized/mimiciv-3.1_meds_70-10-20/trentiles_none_fused_time_tokens_first_24h-tokenized/test/logistic_regression-preds-checkpoint-37000.pkl,/gpfs/data/bbj-lab/users/daniel/input-representation-benchmark/outputs/runs/tokenized/mimiciv-3.1_meds_70-10-20/trentiles_none_fused_time_tokens_first_24h-tokenized/test/tokens_timelines_extended_outcomes.parquet
exp1_additional_binary,classification,tachycardia_hr130,trentiles_unfused,pr_auc,True,9933,0.2894105775453309,0.2709305189232703,0.3108048034454251,/gpfs/data/bbj-lab/users/daniel/input-representation-benchmark/outputs/runs/tokenized/mimiciv-3.1_meds_70-10-20/trentiles_none_unfused_time_tokens_first_24h-tokenized/test/logistic_regression-preds-checkpoint-37000.pkl,/gpfs/data/bbj-lab/users/daniel/input-representation-benchmark/outputs/runs/tokenized/mimiciv-3.1_meds_70-10-20/trentiles_none_unfused_time_tokens_first_24h-tokenized/test/tokens_timelines_extended_outcomes.parquet
exp1_additional_binary,classification,tachycardia_hr130,ventiles_5_10_5_fused,pr_auc,True,9933,0.3189447303087285,0.2973198044708488,0.3425615946282145,/gpfs/data/bbj-lab/users/daniel/input-representation-benchmark/outputs/runs/tokenized/mimiciv-3.1_meds_70-10-20/ventiles_5-10-5_fused_time_tokens_first_24h-tokenized/test/logistic_regression-preds-checkpoint-37000.pkl,/gpfs/data/bbj-lab/users/daniel/input-representation-benchmark/outputs/runs/tokenized/mimiciv-3.1_meds_70-10-20/ventiles_5-10-5_fused_time_tokens_first_24h-tokenized/test/tokens_timelines_extended_outcomes.parquet
exp1_additional_binary,classification,tachycardia_hr130,ventiles_5_10_5_unfused,pr_auc,True,9933,0.2863159351251051,0.2669016544630116,0.3078264046170749,/gpfs/data/bbj-lab/users/daniel/input-representation-benchmark/outputs/runs/tokenized/mimiciv-3.1_meds_70-10-20/ventiles_5-10-5_unfused_time_tokens_first_24h-tokenized/test/logistic_regression-preds-checkpoint-37000.pkl,/gpfs/data/bbj-lab/users/daniel/input-representation-benchmark/outputs/runs/tokenized/mimiciv-3.1_meds_70-10-20/ventiles_5-10-5_unfused_time_tokens_first_24h-tokenized/test/tokens_timelines_extended_outcomes.parquet
exp1_additional_binary,classification,tachycardia_hr130,ventiles_fused,pr_auc,True,9933,0.3096227594799009,0.2895717126309932,0.3317396489873773,/gpfs/data/bbj-lab/users/daniel/input-representation-benchmark/outputs/runs/tokenized/mimiciv-3.1_meds_70-10-20/ventiles_none_fused_time_tokens_first_24h-tokenized/test/logistic_regression-preds-checkpoint-37000.pkl,/gpfs/data/bbj-lab/users/daniel/input-representation-benchmark/outputs/runs/tokenized/mimiciv-3.1_meds_70-10-20/ventiles_none_fused_time_tokens_first_24h-tokenized/test/tokens_timelines_extended_outcomes.parquet
exp1_additional_binary,classification,tachycardia_hr130,ventiles_unfused,pr_auc,True,9933,0.273758927763236,0.2566321083177824,0.2946144648714342,/gpfs/data/bbj-lab/users/daniel/input-representation-benchmark/outputs/runs/tokenized/mimiciv-3.1_meds_70-10-20/ventiles_none_unfused_time_tokens_first_24h-tokenized/test/logistic_regression-preds-checkpoint-37000.pkl,/gpfs/data/bbj-lab/users/daniel/input-representation-benchmark/outputs/runs/tokenized/mimiciv-3.1_meds_70-10-20/ventiles_none_unfused_time_tokens_first_24h-tokenized/test/tokens_timelines_extended_outcomes.parquet
exp1_additional_binary,classification,tachycardia_hr130,centiles_fused,roc_auc,True,9933,0.7249098698010666,0.7109269459954857,0.7380951607315956,/gpfs/data/bbj-lab/users/daniel/input-representation-benchmark/outputs/runs/tokenized/mimiciv-3.1_meds_70-10-20/centiles_none_fused_time_tokens_first_24h-tokenized/test/logistic_regression-preds-checkpoint-16500.pkl,/gpfs/data/bbj-lab/users/daniel/input-representation-benchmark/outputs/runs/tokenized/mimiciv-3.1_meds_70-10-20/centiles_none_fused_time_tokens_first_24h-tokenized/test/tokens_timelines_extended_outcomes.parquet
exp1_additional_binary,classification,tachycardia_hr130,centiles_unfused,roc_auc,True,9933,0.7002306342338885,0.6866527615563042,0.7150736971557773,/gpfs/data/bbj-lab/users/daniel/input-representation-benchmark/outputs/runs/tokenized/mimiciv-3.1_meds_70-10-20/centiles_none_unfused_time_tokens_first_24h-tokenized/test/logistic_regression-preds-checkpoint-37000.pkl,/gpfs/data/bbj-lab/users/daniel/input-representation-benchmark/outputs/runs/tokenized/mimiciv-3.1_meds_70-10-20/centiles_none_unfused_time_tokens_first_24h-tokenized/test/tokens_timelines_extended_outcomes.parquet
exp1_additional_binary,classification,tachycardia_hr130,deciles_fused,roc_auc,True,9933,0.7286675165903934,0.7147433827847136,0.7412141984067369,/gpfs/data/bbj-lab/users/daniel/input-representation-benchmark/outputs/runs/tokenized/mimiciv-3.1_meds_70-10-20/deciles_none_fused_time_tokens_first_24h-tokenized/test/logistic_regression-preds-checkpoint-17000.pkl,/gpfs/data/bbj-lab/users/daniel/input-representation-benchmark/outputs/runs/tokenized/mimiciv-3.1_meds_70-10-20/deciles_none_fused_time_tokens_first_24h-tokenized/test/tokens_timelines_extended_outcomes.parquet
exp1_additional_binary,classification,tachycardia_hr130,deciles_unfused,roc_auc,True,9933,0.6912582778427061,0.6770925051032521,0.7055692099507429,/gpfs/data/bbj-lab/users/daniel/input-representation-benchmark/outputs/runs/tokenized/mimiciv-3.1_meds_70-10-20/deciles_none_unfused_time_tokens_first_24h-tokenized/test/logistic_regression-preds-checkpoint-10000.pkl,/gpfs/data/bbj-lab/users/daniel/input-representation-benchmark/outputs/runs/tokenized/mimiciv-3.1_meds_70-10-20/deciles_none_unfused_time_tokens_first_24h-tokenized/test/tokens_timelines_extended_outcomes.parquet
exp1_additional_binary,classification,tachycardia_hr130,trentiles_10_10_10_fused,roc_auc,True,9933,0.7285271860951175,0.7151408165303275,0.7412552127801844,/gpfs/data/bbj-lab/users/daniel/input-representation-benchmark/outputs/runs/tokenized/mimiciv-3.1_meds_70-10-20/trentiles_10-10-10_fused_time_tokens_first_24h-tokenized/test/logistic_regression-preds-checkpoint-37000.pkl,/gpfs/data/bbj-lab/users/daniel/input-representation-benchmark/outputs/runs/tokenized/mimiciv-3.1_meds_70-10-20/trentiles_10-10-10_fused_time_tokens_first_24h-tokenized/test/tokens_timelines_extended_outcomes.parquet
exp1_additional_binary,classification,tachycardia_hr130,trentiles_10_10_10_unfused,roc_auc,True,9933,0.6890371277100588,0.6749502473699791,0.7036094942291072,/gpfs/data/bbj-lab/users/daniel/input-representation-benchmark/outputs/runs/tokenized/mimiciv-3.1_meds_70-10-20/trentiles_10-10-10_unfused_time_tokens_first_24h-tokenized/test/logistic_regression-preds-checkpoint-10000.pkl,/gpfs/data/bbj-lab/users/daniel/input-representation-benchmark/outputs/runs/tokenized/mimiciv-3.1_meds_70-10-20/trentiles_10-10-10_unfused_time_tokens_first_24h-tokenized/test/tokens_timelines_extended_outcomes.parquet
exp1_additional_binary,classification,tachycardia_hr130,trentiles_fused,roc_auc,True,9933,0.7320009771861582,0.7187492836876788,0.7443704081227556,/gpfs/data/bbj-lab/users/daniel/input-representation-benchmark/outputs/runs/tokenized/mimiciv-3.1_meds_70-10-20/trentiles_none_fused_time_tokens_first_24h-tokenized/test/logistic_regression-preds-checkpoint-37000.pkl,/gpfs/data/bbj-lab/users/daniel/input-representation-benchmark/outputs/runs/tokenized/mimiciv-3.1_meds_70-10-20/trentiles_none_fused_time_tokens_first_24h-tokenized/test/tokens_timelines_extended_outcomes.parquet
exp1_additional_binary,classification,tachycardia_hr130,trentiles_unfused,roc_auc,True,9933,0.7036348122489986,0.689579809073905,0.7177061902315288,/gpfs/data/bbj-lab/users/daniel/input-representation-benchmark/outputs/runs/tokenized/mimiciv-3.1_meds_70-10-20/trentiles_none_unfused_time_tokens_first_24h-tokenized/test/logistic_regression-preds-checkpoint-37000.pkl,/gpfs/data/bbj-lab/users/daniel/input-representation-benchmark/outputs/runs/tokenized/mimiciv-3.1_meds_70-10-20/trentiles_none_unfused_time_tokens_first_24h-tokenized/test/tokens_timelines_extended_outcomes.parquet
exp1_additional_binary,classification,tachycardia_hr130,ventiles_5_10_5_fused,roc_auc,True,9933,0.7256078542796778,0.7122535385103251,0.7386846351692972,/gpfs/data/bbj-lab/users/daniel/input-representation-benchmark/outputs/runs/tokenized/mimiciv-3.1_meds_70-10-20/ventiles_5-10-5_fused_time_tokens_first_24h-tokenized/test/logistic_regression-preds-checkpoint-37000.pkl,/gpfs/data/bbj-lab/users/daniel/input-representation-benchmark/outputs/runs/tokenized/mimiciv-3.1_meds_70-10-20/ventiles_5-10-5_fused_time_tokens_first_24h-tokenized/test/tokens_timelines_extended_outcomes.parquet
exp1_additional_binary,classification,tachycardia_hr130,ventiles_5_10_5_unfused,roc_auc,True,9933,0.7088589876515475,0.6950309888398537,0.7227661568913368,/gpfs/data/bbj-lab/users/daniel/input-representation-benchmark/outputs/runs/tokenized/mimiciv-3.1_meds_70-10-20/ventiles_5-10-5_unfused_time_tokens_first_24h-tokenized/test/logistic_regression-preds-checkpoint-37000.pkl,/gpfs/data/bbj-lab/users/daniel/input-representation-benchmark/outputs/runs/tokenized/mimiciv-3.1_meds_70-10-20/ventiles_5-10-5_unfused_time_tokens_first_24h-tokenized/test/tokens_timelines_extended_outcomes.parquet
exp1_additional_binary,classification,tachycardia_hr130,ventiles_fused,roc_auc,True,9933,0.724756405507329,0.7116936044022689,0.7371991107660719,/gpfs/data/bbj-lab/users/daniel/input-representation-benchmark/outputs/runs/tokenized/mimiciv-3.1_meds_70-10-20/ventiles_none_fused_time_tokens_first_24h-tokenized/test/logistic_regression-preds-checkpoint-37000.pkl,/gpfs/data/bbj-lab/users/daniel/input-representation-benchmark/outputs/runs/tokenized/mimiciv-3.1_meds_70-10-20/ventiles_none_fused_time_tokens_first_24h-tokenized/test/tokens_timelines_extended_outcomes.parquet
exp1_additional_binary,classification,tachycardia_hr130,ventiles_unfused,roc_auc,True,9933,0.7005437550326507,0.6870746016638469,0.7145596718050274,/gpfs/data/bbj-lab/users/daniel/input-representation-benchmark/outputs/runs/tokenized/mimiciv-3.1_meds_70-10-20/ventiles_none_unfused_time_tokens_first_24h-tokenized/test/logistic_regression-preds-checkpoint-37000.pkl,/gpfs/data/bbj-lab/users/daniel/input-representation-benchmark/outputs/runs/tokenized/mimiciv-3.1_meds_70-10-20/ventiles_none_unfused_time_tokens_first_24h-tokenized/test/tokens_timelines_extended_outcomes.parquet
exp1_additional_binary,classification,vasopressor_initiation,centiles_fused,brier,False,61647,0.0204337823688027,0.0194810269133234,0.0214020759901132,/gpfs/data/bbj-lab/users/daniel/input-representation-benchmark/outputs/runs/tokenized/mimiciv-3.1_meds_70-10-20/centiles_none_fused_time_tokens_first_24h-tokenized/test/logistic_regression-preds-checkpoint-16500.pkl,/gpfs/data/bbj-lab/users/daniel/input-representation-benchmark/outputs/runs/tokenized/mimiciv-3.1_meds_70-10-20/centiles_none_fused_time_tokens_first_24h-tokenized/test/tokens_timelines_extended_outcomes.parquet
exp1_additional_binary,classification,vasopressor_initiation,centiles_unfused,brier,False,61647,0.0203523679633851,0.0194047042332498,0.0213207198989159,/gpfs/data/bbj-lab/users/daniel/input-representation-benchmark/outputs/runs/tokenized/mimiciv-3.1_meds_70-10-20/centiles_none_unfused_time_tokens_first_24h-tokenized/test/logistic_regression-preds-checkpoint-37000.pkl,/gpfs/data/bbj-lab/users/daniel/input-representation-benchmark/outputs/runs/tokenized/mimiciv-3.1_meds_70-10-20/centiles_none_unfused_time_tokens_first_24h-tokenized/test/tokens_timelines_extended_outcomes.parquet
exp1_additional_binary,classification,vasopressor_initiation,deciles_fused,brier,False,61647,0.0203086767957519,0.0193679980436495,0.0212613024867349,/gpfs/data/bbj-lab/users/daniel/input-representation-benchmark/outputs/runs/tokenized/mimiciv-3.1_meds_70-10-20/deciles_none_fused_time_tokens_first_24h-tokenized/test/logistic_regression-preds-checkpoint-17000.pkl,/gpfs/data/bbj-lab/users/daniel/input-representation-benchmark/outputs/runs/tokenized/mimiciv-3.1_meds_70-10-20/deciles_none_fused_time_tokens_first_24h-tokenized/test/tokens_timelines_extended_outcomes.parquet
exp1_additional_binary,classification,vasopressor_initiation,deciles_unfused,brier,False,61647,0.0209555280185502,0.020017127394529,0.0219183631425812,/gpfs/data/bbj-lab/users/daniel/input-representation-benchmark/outputs/runs/tokenized/mimiciv-3.1_meds_70-10-20/deciles_none_unfused_time_tokens_first_24h-tokenized/test/logistic_regression-preds-checkpoint-10000.pkl,/gpfs/data/bbj-lab/users/daniel/input-representation-benchmark/outputs/runs/tokenized/mimiciv-3.1_meds_70-10-20/deciles_none_unfused_time_tokens_first_24h-tokenized/test/tokens_timelines_extended_outcomes.parquet
exp1_additional_binary,classification,vasopressor_initiation,trentiles_10_10_10_fused,brier,False,61647,0.0209335584290569,0.0199463298473235,0.0219143023750045,/gpfs/data/bbj-lab/users/daniel/input-representation-benchmark/outputs/runs/tokenized/mimiciv-3.1_meds_70-10-20/trentiles_10-10-10_fused_time_tokens_first_24h-tokenized/test/logistic_regression-preds-checkpoint-37000.pkl,/gpfs/data/bbj-lab/users/daniel/input-representation-benchmark/outputs/runs/tokenized/mimiciv-3.1_meds_70-10-20/trentiles_10-10-10_fused_time_tokens_first_24h-tokenized/test/tokens_timelines_extended_outcomes.parquet
exp1_additional_binary,classification,vasopressor_initiation,trentiles_10_10_10_unfused,brier,False,61647,0.0209608201571041,0.0200232248463522,0.0219006301895353,/gpfs/data/bbj-lab/users/daniel/input-representation-benchmark/outputs/runs/tokenized/mimiciv-3.1_meds_70-10-20/trentiles_10-10-10_unfused_time_tokens_first_24h-tokenized/test/logistic_regression-preds-checkpoint-10000.pkl,/gpfs/data/bbj-lab/users/daniel/input-representation-benchmark/outputs/runs/tokenized/mimiciv-3.1_meds_70-10-20/trentiles_10-10-10_unfused_time_tokens_first_24h-tokenized/test/tokens_timelines_extended_outcomes.parquet
exp1_additional_binary,classification,vasopressor_initiation,trentiles_fused,brier,False,61647,0.0204174734507963,0.0194835112589327,0.0213807717029575,/gpfs/data/bbj-lab/users/daniel/input-representation-benchmark/outputs/runs/tokenized/mimiciv-3.1_meds_70-10-20/trentiles_none_fused_time_tokens_first_24h-tokenized/test/logistic_regression-preds-checkpoint-37000.pkl,/gpfs/data/bbj-lab/users/daniel/input-representation-benchmark/outputs/runs/tokenized/mimiciv-3.1_meds_70-10-20/trentiles_none_fused_time_tokens_first_24h-tokenized/test/tokens_timelines_extended_outcomes.parquet
exp1_additional_binary,classification,vasopressor_initiation,trentiles_unfused,brier,False,61647,0.0204706090567389,0.0195446178086105,0.0214159702836392,/gpfs/data/bbj-lab/users/daniel/input-representation-benchmark/outputs/runs/tokenized/mimiciv-3.1_meds_70-10-20/trentiles_none_unfused_time_tokens_first_24h-tokenized/test/logistic_regression-preds-checkpoint-37000.pkl,/gpfs/data/bbj-lab/users/daniel/input-representation-benchmark/outputs/runs/tokenized/mimiciv-3.1_meds_70-10-20/trentiles_none_unfused_time_tokens_first_24h-tokenized/test/tokens_timelines_extended_outcomes.parquet
exp1_additional_binary,classification,vasopressor_initiation,ventiles_5_10_5_fused,brier,False,61647,0.020682164315962,0.0197027251765174,0.021643583440413,/gpfs/data/bbj-lab/users/daniel/input-representation-benchmark/outputs/runs/tokenized/mimiciv-3.1_meds_70-10-20/ventiles_5-10-5_fused_time_tokens_first_24h-tokenized/test/logistic_regression-preds-checkpoint-37000.pkl,/gpfs/data/bbj-lab/users/daniel/input-representation-benchmark/outputs/runs/tokenized/mimiciv-3.1_meds_70-10-20/ventiles_5-10-5_fused_time_tokens_first_24h-tokenized/test/tokens_timelines_extended_outcomes.parquet
exp1_additional_binary,classification,vasopressor_initiation,ventiles_5_10_5_unfused,brier,False,61647,0.0203725506429592,0.0194585015387609,0.0213133413803957,/gpfs/data/bbj-lab/users/daniel/input-representation-benchmark/outputs/runs/tokenized/mimiciv-3.1_meds_70-10-20/ventiles_5-10-5_unfused_time_tokens_first_24h-tokenized/test/logistic_regression-preds-checkpoint-37000.pkl,/gpfs/data/bbj-lab/users/daniel/input-representation-benchmark/outputs/runs/tokenized/mimiciv-3.1_meds_70-10-20/ventiles_5-10-5_unfused_time_tokens_first_24h-tokenized/test/tokens_timelines_extended_outcomes.parquet
exp1_additional_binary,classification,vasopressor_initiation,ventiles_fused,brier,False,61647,0.0204338078154735,0.0195009570518086,0.0214185705482221,/gpfs/data/bbj-lab/users/daniel/input-representation-benchmark/outputs/runs/tokenized/mimiciv-3.1_meds_70-10-20/ventiles_none_fused_time_tokens_first_24h-tokenized/test/logistic_regression-preds-checkpoint-37000.pkl,/gpfs/data/bbj-lab/users/daniel/input-representation-benchmark/outputs/runs/tokenized/mimiciv-3.1_meds_70-10-20/ventiles_none_fused_time_tokens_first_24h-tokenized/test/tokens_timelines_extended_outcomes.parquet
exp1_additional_binary,classification,vasopressor_initiation,ventiles_unfused,brier,False,61647,0.0206352568344978,0.0197002528685542,0.0215849180048819,/gpfs/data/bbj-lab/users/daniel/input-representation-benchmark/outputs/runs/tokenized/mimiciv-3.1_meds_70-10-20/ventiles_none_unfused_time_tokens_first_24h-tokenized/test/logistic_regression-preds-checkpoint-37000.pkl,/gpfs/data/bbj-lab/users/daniel/input-representation-benchmark/outputs/runs/tokenized/mimiciv-3.1_meds_70-10-20/ventiles_none_unfused_time_tokens_first_24h-tokenized/test/tokens_timelines_extended_outcomes.parquet
exp1_additional_binary,classification,vasopressor_initiation,centiles_fused,ece_15,False,61647,0.0019165560487863,0.0016122701305159,0.0035232320399235,/gpfs/data/bbj-lab/users/daniel/input-representation-benchmark/outputs/runs/tokenized/mimiciv-3.1_meds_70-10-20/centiles_none_fused_time_tokens_first_24h-tokenized/test/logistic_regression-preds-checkpoint-16500.pkl,/gpfs/data/bbj-lab/users/daniel/input-representation-benchmark/outputs/runs/tokenized/mimiciv-3.1_meds_70-10-20/centiles_none_fused_time_tokens_first_24h-tokenized/test/tokens_timelines_extended_outcomes.parquet
exp1_additional_binary,classification,vasopressor_initiation,centiles_unfused,ece_15,False,61647,0.0023152936676315,0.0017027679432391,0.0037417668685737,/gpfs/data/bbj-lab/users/daniel/input-representation-benchmark/outputs/runs/tokenized/mimiciv-3.1_meds_70-10-20/centiles_none_unfused_time_tokens_first_24h-tokenized/test/logistic_regression-preds-checkpoint-37000.pkl,/gpfs/data/bbj-lab/users/daniel/input-representation-benchmark/outputs/runs/tokenized/mimiciv-3.1_meds_70-10-20/centiles_none_unfused_time_tokens_first_24h-tokenized/test/tokens_timelines_extended_outcomes.parquet
exp1_additional_binary,classification,vasopressor_initiation,deciles_fused,ece_15,False,61647,0.0021908959227992,0.0016473061371062,0.0035926017883712,/gpfs/data/bbj-lab/users/daniel/input-representation-benchmark/outputs/runs/tokenized/mimiciv-3.1_meds_70-10-20/deciles_none_fused_time_tokens_first_24h-tokenized/test/logistic_regression-preds-checkpoint-17000.pkl,/gpfs/data/bbj-lab/users/daniel/input-representation-benchmark/outputs/runs/tokenized/mimiciv-3.1_meds_70-10-20/deciles_none_fused_time_tokens_first_24h-tokenized/test/tokens_timelines_extended_outcomes.parquet
exp1_additional_binary,classification,vasopressor_initiation,deciles_unfused,ece_15,False,61647,0.002938731998038,0.0022569261839309,0.0042669649868178,/gpfs/data/bbj-lab/users/daniel/input-representation-benchmark/outputs/runs/tokenized/mimiciv-3.1_meds_70-10-20/deciles_none_unfused_time_tokens_first_24h-tokenized/test/logistic_regression-preds-checkpoint-10000.pkl,/gpfs/data/bbj-lab/users/daniel/input-representation-benchmark/outputs/runs/tokenized/mimiciv-3.1_meds_70-10-20/deciles_none_unfused_time_tokens_first_24h-tokenized/test/tokens_timelines_extended_outcomes.parquet
exp1_additional_binary,classification,vasopressor_initiation,trentiles_10_10_10_fused,ece_15,False,61647,0.0024046863570566,0.0018606325180742,0.0038923369517209,/gpfs/data/bbj-lab/users/daniel/input-representation-benchmark/outputs/runs/tokenized/mimiciv-3.1_meds_70-10-20/trentiles_10-10-10_fused_time_tokens_first_24h-tokenized/test/logistic_regression-preds-checkpoint-37000.pkl,/gpfs/data/bbj-lab/users/daniel/input-representation-benchmark/outputs/runs/tokenized/mimiciv-3.1_meds_70-10-20/trentiles_10-10-10_fused_time_tokens_first_24h-tokenized/test/tokens_timelines_extended_outcomes.parquet
exp1_additional_binary,classification,vasopressor_initiation,trentiles_10_10_10_unfused,ece_15,False,61647,0.0026900315923681,0.0020925899499002,0.0041670838552759,/gpfs/data/bbj-lab/users/daniel/input-representation-benchmark/outputs/runs/tokenized/mimiciv-3.1_meds_70-10-20/trentiles_10-10-10_unfused_time_tokens_first_24h-tokenized/test/logistic_regression-preds-checkpoint-10000.pkl,/gpfs/data/bbj-lab/users/daniel/input-representation-benchmark/outputs/runs/tokenized/mimiciv-3.1_meds_70-10-20/trentiles_10-10-10_unfused_time_tokens_first_24h-tokenized/test/tokens_timelines_extended_outcomes.parquet
exp1_additional_binary,classification,vasopressor_initiation,trentiles_fused,ece_15,False,61647,0.0021555203545034,0.0016233475845984,0.0035761749371121,/gpfs/data/bbj-lab/users/daniel/input-representation-benchmark/outputs/runs/tokenized/mimiciv-3.1_meds_70-10-20/trentiles_none_fused_time_tokens_first_24h-tokenized/test/logistic_regression-preds-checkpoint-37000.pkl,/gpfs/data/bbj-lab/users/daniel/input-representation-benchmark/outputs/runs/tokenized/mimiciv-3.1_meds_70-10-20/trentiles_none_fused_time_tokens_first_24h-tokenized/test/tokens_timelines_extended_outcomes.parquet
exp1_additional_binary,classification,vasopressor_initiation,trentiles_unfused,ece_15,False,61647,0.0023708610253796,0.0018224865191935,0.0037731170043784,/gpfs/data/bbj-lab/users/daniel/input-representation-benchmark/outputs/runs/tokenized/mimiciv-3.1_meds_70-10-20/trentiles_none_unfused_time_tokens_first_24h-tokenized/test/logistic_regression-preds-checkpoint-37000.pkl,/gpfs/data/bbj-lab/users/daniel/input-representation-benchmark/outputs/runs/tokenized/mimiciv-3.1_meds_70-10-20/trentiles_none_unfused_time_tokens_first_24h-tokenized/test/tokens_timelines_extended_outcomes.parquet
exp1_additional_binary,classification,vasopressor_initiation,ventiles_5_10_5_fused,ece_15,False,61647,0.0024041081845474,0.0019295282109122,0.0039078684940724,/gpfs/data/bbj-lab/users/daniel/input-representation-benchmark/outputs/runs/tokenized/mimiciv-3.1_meds_70-10-20/ventiles_5-10-5_fused_time_tokens_first_24h-tokenized/test/logistic_regression-preds-checkpoint-37000.pkl,/gpfs/data/bbj-lab/users/daniel/input-representation-benchmark/outputs/runs/tokenized/mimiciv-3.1_meds_70-10-20/ventiles_5-10-5_fused_time_tokens_first_24h-tokenized/test/tokens_timelines_extended_outcomes.parquet
exp1_additional_binary,classification,vasopressor_initiation,ventiles_5_10_5_unfused,ece_15,False,61647,0.0023046330236293,0.0019901585015873,0.0038792801745723,/gpfs/data/bbj-lab/users/daniel/input-representation-benchmark/outputs/runs/tokenized/mimiciv-3.1_meds_70-10-20/ventiles_5-10-5_unfused_time_tokens_first_24h-tokenized/test/logistic_regression-preds-checkpoint-37000.pkl,/gpfs/data/bbj-lab/users/daniel/input-representation-benchmark/outputs/runs/tokenized/mimiciv-3.1_meds_70-10-20/ventiles_5-10-5_unfused_time_tokens_first_24h-tokenized/test/tokens_timelines_extended_outcomes.parquet
exp1_additional_binary,classification,vasopressor_initiation,ventiles_fused,ece_15,False,61647,0.002697666845275,0.0021282740258357,0.0041462702044887,/gpfs/data/bbj-lab/users/daniel/input-representation-benchmark/outputs/runs/tokenized/mimiciv-3.1_meds_70-10-20/ventiles_none_fused_time_tokens_first_24h-tokenized/test/logistic_regression-preds-checkpoint-37000.pkl,/gpfs/data/bbj-lab/users/daniel/input-representation-benchmark/outputs/runs/tokenized/mimiciv-3.1_meds_70-10-20/ventiles_none_fused_time_tokens_first_24h-tokenized/test/tokens_timelines_extended_outcomes.parquet
exp1_additional_binary,classification,vasopressor_initiation,ventiles_unfused,ece_15,False,61647,0.0027417772018935,0.0021112266438489,0.0040585175639822,/gpfs/data/bbj-lab/users/daniel/input-representation-benchmark/outputs/runs/tokenized/mimiciv-3.1_meds_70-10-20/ventiles_none_unfused_time_tokens_first_24h-tokenized/test/logistic_regression-preds-checkpoint-37000.pkl,/gpfs/data/bbj-lab/users/daniel/input-representation-benchmark/outputs/runs/tokenized/mimiciv-3.1_meds_70-10-20/ventiles_none_unfused_time_tokens_first_24h-tokenized/test/tokens_timelines_extended_outcomes.parquet
exp1_additional_binary,classification,vasopressor_initiation,centiles_fused,pr_auc,True,61647,0.2870684634926562,0.2630263778058698,0.3108229696400529,/gpfs/data/bbj-lab/users/daniel/input-representation-benchmark/outputs/runs/tokenized/mimiciv-3.1_meds_70-10-20/centiles_none_fused_time_tokens_first_24h-tokenized/test/logistic_regression-preds-checkpoint-16500.pkl,/gpfs/data/bbj-lab/users/daniel/input-representation-benchmark/outputs/runs/tokenized/mimiciv-3.1_meds_70-10-20/centiles_none_fused_time_tokens_first_24h-tokenized/test/tokens_timelines_extended_outcomes.parquet
exp1_additional_binary,classification,vasopressor_initiation,centiles_unfused,pr_auc,True,61647,0.2891108146124233,0.2646871626733727,0.3147292251642295,/gpfs/data/bbj-lab/users/daniel/input-representation-benchmark/outputs/runs/tokenized/mimiciv-3.1_meds_70-10-20/centiles_none_unfused_time_tokens_first_24h-tokenized/test/logistic_regression-preds-checkpoint-37000.pkl,/gpfs/data/bbj-lab/users/daniel/input-representation-benchmark/outputs/runs/tokenized/mimiciv-3.1_meds_70-10-20/centiles_none_unfused_time_tokens_first_24h-tokenized/test/tokens_timelines_extended_outcomes.parquet
exp1_additional_binary,classification,vasopressor_initiation,deciles_fused,pr_auc,True,61647,0.2888302534152682,0.2637805988365725,0.3140920061243075,/gpfs/data/bbj-lab/users/daniel/input-representation-benchmark/outputs/runs/tokenized/mimiciv-3.1_meds_70-10-20/deciles_none_fused_time_tokens_first_24h-tokenized/test/logistic_regression-preds-checkpoint-17000.pkl,/gpfs/data/bbj-lab/users/daniel/input-representation-benchmark/outputs/runs/tokenized/mimiciv-3.1_meds_70-10-20/deciles_none_fused_time_tokens_first_24h-tokenized/test/tokens_timelines_extended_outcomes.parquet
exp1_additional_binary,classification,vasopressor_initiation,deciles_unfused,pr_auc,True,61647,0.2507514568354869,0.2268654740685829,0.2738580355242779,/gpfs/data/bbj-lab/users/daniel/input-representation-benchmark/outputs/runs/tokenized/mimiciv-3.1_meds_70-10-20/deciles_none_unfused_time_tokens_first_24h-tokenized/test/logistic_regression-preds-checkpoint-10000.pkl,/gpfs/data/bbj-lab/users/daniel/input-representation-benchmark/outputs/runs/tokenized/mimiciv-3.1_meds_70-10-20/deciles_none_unfused_time_tokens_first_24h-tokenized/test/tokens_timelines_extended_outcomes.parquet
exp1_additional_binary,classification,vasopressor_initiation,trentiles_10_10_10_fused,pr_auc,True,61647,0.2543047433910698,0.230744533362682,0.2773921576191416,/gpfs/data/bbj-lab/users/daniel/input-representation-benchmark/outputs/runs/tokenized/mimiciv-3.1_meds_70-10-20/trentiles_10-10-10_fused_time_tokens_first_24h-tokenized/test/logistic_regression-preds-checkpoint-37000.pkl,/gpfs/data/bbj-lab/users/daniel/input-representation-benchmark/outputs/runs/tokenized/mimiciv-3.1_meds_70-10-20/trentiles_10-10-10_fused_time_tokens_first_24h-tokenized/test/tokens_timelines_extended_outcomes.parquet
exp1_additional_binary,classification,vasopressor_initiation,trentiles_10_10_10_unfused,pr_auc,True,61647,0.2529167094941915,0.2291392529961749,0.2762462812839483,/gpfs/data/bbj-lab/users/daniel/input-representation-benchmark/outputs/runs/tokenized/mimiciv-3.1_meds_70-10-20/trentiles_10-10-10_unfused_time_tokens_first_24h-tokenized/test/logistic_regression-preds-checkpoint-10000.pkl,/gpfs/data/bbj-lab/users/daniel/input-representation-benchmark/outputs/runs/tokenized/mimiciv-3.1_meds_70-10-20/trentiles_10-10-10_unfused_time_tokens_first_24h-tokenized/test/tokens_timelines_extended_outcomes.parquet
exp1_additional_binary,classification,vasopressor_initiation,trentiles_fused,pr_auc,True,61647,0.2844746936512525,0.260341358510525,0.3090920586964555,/gpfs/data/bbj-lab/users/daniel/input-representation-benchmark/outputs/runs/tokenized/mimiciv-3.1_meds_70-10-20/trentiles_none_fused_time_tokens_first_24h-tokenized/test/logistic_regression-preds-checkpoint-37000.pkl,/gpfs/data/bbj-lab/users/daniel/input-representation-benchmark/outputs/runs/tokenized/mimiciv-3.1_meds_70-10-20/trentiles_none_fused_time_tokens_first_24h-tokenized/test/tokens_timelines_extended_outcomes.parquet
exp1_additional_binary,classification,vasopressor_initiation,trentiles_unfused,pr_auc,True,61647,0.2816393060625497,0.2569740483927057,0.3066409173653446,/gpfs/data/bbj-lab/users/daniel/input-representation-benchmark/outputs/runs/tokenized/mimiciv-3.1_meds_70-10-20/trentiles_none_unfused_time_tokens_first_24h-tokenized/test/logistic_regression-preds-checkpoint-37000.pkl,/gpfs/data/bbj-lab/users/daniel/input-representation-benchmark/outputs/runs/tokenized/mimiciv-3.1_meds_70-10-20/trentiles_none_unfused_time_tokens_first_24h-tokenized/test/tokens_timelines_extended_outcomes.parquet
exp1_additional_binary,classification,vasopressor_initiation,ventiles_5_10_5_fused,pr_auc,True,61647,0.2679788668993079,0.2450714260047078,0.292678473627862,/gpfs/data/bbj-lab/users/daniel/input-representation-benchmark/outputs/runs/tokenized/mimiciv-3.1_meds_70-10-20/ventiles_5-10-5_fused_time_tokens_first_24h-tokenized/test/logistic_regression-preds-checkpoint-37000.pkl,/gpfs/data/bbj-lab/users/daniel/input-representation-benchmark/outputs/runs/tokenized/mimiciv-3.1_meds_70-10-20/ventiles_5-10-5_fused_time_tokens_first_24h-tokenized/test/tokens_timelines_extended_outcomes.parquet
exp1_additional_binary,classification,vasopressor_initiation,ventiles_5_10_5_unfused,pr_auc,True,61647,0.2892130944228354,0.2637494962098851,0.3135420030802476,/gpfs/data/bbj-lab/users/daniel/input-representation-benchmark/outputs/runs/tokenized/mimiciv-3.1_meds_70-10-20/ventiles_5-10-5_unfused_time_tokens_first_24h-tokenized/test/logistic_regression-preds-checkpoint-37000.pkl,/gpfs/data/bbj-lab/users/daniel/input-representation-benchmark/outputs/runs/tokenized/mimiciv-3.1_meds_70-10-20/ventiles_5-10-5_unfused_time_tokens_first_24h-tokenized/test/tokens_timelines_extended_outcomes.parquet
exp1_additional_binary,classification,vasopressor_initiation,ventiles_fused,pr_auc,True,61647,0.2849423165622644,0.2618310096554203,0.3079653348249128,/gpfs/data/bbj-lab/users/daniel/input-representation-benchmark/outputs/runs/tokenized/mimiciv-3.1_meds_70-10-20/ventiles_none_fused_time_tokens_first_24h-tokenized/test/logistic_regression-preds-checkpoint-37000.pkl,/gpfs/data/bbj-lab/users/daniel/input-representation-benchmark/outputs/runs/tokenized/mimiciv-3.1_meds_70-10-20/ventiles_none_fused_time_tokens_first_24h-tokenized/test/tokens_timelines_extended_outcomes.parquet
exp1_additional_binary,classification,vasopressor_initiation,ventiles_unfused,pr_auc,True,61647,0.271843790434344,0.2490033382127766,0.2964192422458981,/gpfs/data/bbj-lab/users/daniel/input-representation-benchmark/outputs/runs/tokenized/mimiciv-3.1_meds_70-10-20/ventiles_none_unfused_time_tokens_first_24h-tokenized/test/logistic_regression-preds-checkpoint-37000.pkl,/gpfs/data/bbj-lab/users/daniel/input-representation-benchmark/outputs/runs/tokenized/mimiciv-3.1_meds_70-10-20/ventiles_none_unfused_time_tokens_first_24h-tokenized/test/tokens_timelines_extended_outcomes.parquet
exp1_additional_binary,classification,vasopressor_initiation,centiles_fused,roc_auc,True,61647,0.8655345333341331,0.8562200439909359,0.8744969391833637,/gpfs/data/bbj-lab/users/daniel/input-representation-benchmark/outputs/runs/tokenized/mimiciv-3.1_meds_70-10-20/centiles_none_fused_time_tokens_first_24h-tokenized/test/logistic_regression-preds-checkpoint-16500.pkl,/gpfs/data/bbj-lab/users/daniel/input-representation-benchmark/outputs/runs/tokenized/mimiciv-3.1_meds_70-10-20/centiles_none_fused_time_tokens_first_24h-tokenized/test/tokens_timelines_extended_outcomes.parquet
exp1_additional_binary,classification,vasopressor_initiation,centiles_unfused,roc_auc,True,61647,0.8646835969048727,0.8559882812591577,0.8740557870871175,/gpfs/data/bbj-lab/users/daniel/input-representation-benchmark/outputs/runs/tokenized/mimiciv-3.1_meds_70-10-20/centiles_none_unfused_time_tokens_first_24h-tokenized/test/logistic_regression-preds-checkpoint-37000.pkl,/gpfs/data/bbj-lab/users/daniel/input-representation-benchmark/outputs/runs/tokenized/mimiciv-3.1_meds_70-10-20/centiles_none_unfused_time_tokens_first_24h-tokenized/test/tokens_timelines_extended_outcomes.parquet
exp1_additional_binary,classification,vasopressor_initiation,deciles_fused,roc_auc,True,61647,0.8671355620620586,0.8579549649200209,0.8762022829626818,/gpfs/data/bbj-lab/users/daniel/input-representation-benchmark/outputs/runs/tokenized/mimiciv-3.1_meds_70-10-20/deciles_none_fused_time_tokens_first_24h-tokenized/test/logistic_regression-preds-checkpoint-17000.pkl,/gpfs/data/bbj-lab/users/daniel/input-representation-benchmark/outputs/runs/tokenized/mimiciv-3.1_meds_70-10-20/deciles_none_fused_time_tokens_first_24h-tokenized/test/tokens_timelines_extended_outcomes.parquet
exp1_additional_binary,classification,vasopressor_initiation,deciles_unfused,roc_auc,True,61647,0.8422324824768871,0.8317350948583725,0.8526636121780491,/gpfs/data/bbj-lab/users/daniel/input-representation-benchmark/outputs/runs/tokenized/mimiciv-3.1_meds_70-10-20/deciles_none_unfused_time_tokens_first_24h-tokenized/test/logistic_regression-preds-checkpoint-10000.pkl,/gpfs/data/bbj-lab/users/daniel/input-representation-benchmark/outputs/runs/tokenized/mimiciv-3.1_meds_70-10-20/deciles_none_unfused_time_tokens_first_24h-tokenized/test/tokens_timelines_extended_outcomes.parquet
exp1_additional_binary,classification,vasopressor_initiation,trentiles_10_10_10_fused,roc_auc,True,61647,0.8482890254297137,0.838235944378206,0.858434894952152,/gpfs/data/bbj-lab/users/daniel/input-representation-benchmark/outputs/runs/tokenized/mimiciv-3.1_meds_70-10-20/trentiles_10-10-10_fused_time_tokens_first_24h-tokenized/test/logistic_regression-preds-checkpoint-37000.pkl,/gpfs/data/bbj-lab/users/daniel/input-representation-benchmark/outputs/runs/tokenized/mimiciv-3.1_meds_70-10-20/trentiles_10-10-10_fused_time_tokens_first_24h-tokenized/test/tokens_timelines_extended_outcomes.parquet
exp1_additional_binary,classification,vasopressor_initiation,trentiles_10_10_10_unfused,roc_auc,True,61647,0.838777992944401,0.8281699633072014,0.8494246578435045,/gpfs/data/bbj-lab/users/daniel/input-representation-benchmark/outputs/runs/tokenized/mimiciv-3.1_meds_70-10-20/trentiles_10-10-10_unfused_time_tokens_first_24h-tokenized/test/logistic_regression-preds-checkpoint-10000.pkl,/gpfs/data/bbj-lab/users/daniel/input-representation-benchmark/outputs/runs/tokenized/mimiciv-3.1_meds_70-10-20/trentiles_10-10-10_unfused_time_tokens_first_24h-tokenized/test/tokens_timelines_extended_outcomes.parquet
exp1_additional_binary,classification,vasopressor_initiation,trentiles_fused,roc_auc,True,61647,0.8629760906920956,0.8532250794866862,0.8724655609168157,/gpfs/data/bbj-lab/users/daniel/input-representation-benchmark/outputs/runs/tokenized/mimiciv-3.1_meds_70-10-20/trentiles_none_fused_time_tokens_first_24h-tokenized/test/logistic_regression-preds-checkpoint-37000.pkl,/gpfs/data/bbj-lab/users/daniel/input-representation-benchmark/outputs/runs/tokenized/mimiciv-3.1_meds_70-10-20/trentiles_none_fused_time_tokens_first_24h-tokenized/test/tokens_timelines_extended_outcomes.parquet
exp1_additional_binary,classification,vasopressor_initiation,trentiles_unfused,roc_auc,True,61647,0.8627425873401678,0.8530465277292356,0.8719238837622586,/gpfs/data/bbj-lab/users/daniel/input-representation-benchmark/outputs/runs/tokenized/mimiciv-3.1_meds_70-10-20/trentiles_none_unfused_time_tokens_first_24h-tokenized/test/logistic_regression-preds-checkpoint-37000.pkl,/gpfs/data/bbj-lab/users/daniel/input-representation-benchmark/outputs/runs/tokenized/mimiciv-3.1_meds_70-10-20/trentiles_none_unfused_time_tokens_first_24h-tokenized/test/tokens_timelines_extended_outcomes.parquet
exp1_additional_binary,classification,vasopressor_initiation,ventiles_5_10_5_fused,roc_auc,True,61647,0.8607869190569339,0.8508454464989187,0.870287334397884,/gpfs/data/bbj-lab/users/daniel/input-representation-benchmark/outputs/runs/tokenized/mimiciv-3.1_meds_70-10-20/ventiles_5-10-5_fused_time_tokens_first_24h-tokenized/test/logistic_regression-preds-checkpoint-37000.pkl,/gpfs/data/bbj-lab/users/daniel/input-representation-benchmark/outputs/runs/tokenized/mimiciv-3.1_meds_70-10-20/ventiles_5-10-5_fused_time_tokens_first_24h-tokenized/test/tokens_timelines_extended_outcomes.parquet
exp1_additional_binary,classification,vasopressor_initiation,ventiles_5_10_5_unfused,roc_auc,True,61647,0.8628079244334335,0.8534289114131807,0.8722385555134576,/gpfs/data/bbj-lab/users/daniel/input-representation-benchmark/outputs/runs/tokenized/mimiciv-3.1_meds_70-10-20/ventiles_5-10-5_unfused_time_tokens_first_24h-tokenized/test/logistic_regression-preds-checkpoint-37000.pkl,/gpfs/data/bbj-lab/users/daniel/input-representation-benchmark/outputs/runs/tokenized/mimiciv-3.1_meds_70-10-20/ventiles_5-10-5_unfused_time_tokens_first_24h-tokenized/test/tokens_timelines_extended_outcomes.parquet
exp1_additional_binary,classification,vasopressor_initiation,ventiles_fused,roc_auc,True,61647,0.8662236567067728,0.8570072227553198,0.8754221506648265,/gpfs/data/bbj-lab/users/daniel/input-representation-benchmark/outputs/runs/tokenized/mimiciv-3.1_meds_70-10-20/ventiles_none_fused_time_tokens_first_24h-tokenized/test/logistic_regression-preds-checkpoint-37000.pkl,/gpfs/data/bbj-lab/users/daniel/input-representation-benchmark/outputs/runs/tokenized/mimiciv-3.1_meds_70-10-20/ventiles_none_fused_time_tokens_first_24h-tokenized/test/tokens_timelines_extended_outcomes.parquet
exp1_additional_binary,classification,vasopressor_initiation,ventiles_unfused,roc_auc,True,61647,0.8548264812367858,0.8448034176117519,0.8645769040281697,/gpfs/data/bbj-lab/users/daniel/input-representation-benchmark/outputs/runs/tokenized/mimiciv-3.1_meds_70-10-20/ventiles_none_unfused_time_tokens_first_24h-tokenized/test/logistic_regression-preds-checkpoint-37000.pkl,/gpfs/data/bbj-lab/users/daniel/input-representation-benchmark/outputs/runs/tokenized/mimiciv-3.1_meds_70-10-20/ventiles_none_unfused_time_tokens_first_24h-tokenized/test/tokens_timelines_extended_outcomes.parquet
exp1_length_of_stay,regression,length_of_stay,deciles_unfused,spearman_rho,True,63750,0.4866869359318521,0.4803247385417691,0.4928630637075233,/gpfs/data/bbj-lab/users/daniel/input-representation-benchmark/outputs/runs/tokenized/mimiciv-3.1_meds_70-10-20/deciles_none_unfused_time_tokens_first_24h-tokenized/test/reg_ridge_regression-preds-paper-length_of_stay-checkpoint-10000.pkl,/gpfs/data/bbj-lab/users/daniel/input-representation-benchmark/outputs/runs/tokenized/mimiciv-3.1_meds_70-10-20/deciles_none_unfused_time_tokens_first_24h-tokenized/test/tokens_timelines_outcomes.parquet
exp1_length_of_stay,regression,length_of_stay,deciles_unfused,r2,True,63750,0.1471882044384539,0.1393234410195737,0.1553616927879615,/gpfs/data/bbj-lab/users/daniel/input-representation-benchmark/outputs/runs/tokenized/mimiciv-3.1_meds_70-10-20/deciles_none_unfused_time_tokens_first_24h-tokenized/test/reg_ridge_regression-preds-paper-length_of_stay-checkpoint-10000.pkl,/gpfs/data/bbj-lab/users/daniel/input-representation-benchmark/outputs/runs/tokenized/mimiciv-3.1_meds_70-10-20/deciles_none_unfused_time_tokens_first_24h-tokenized/test/tokens_timelines_outcomes.parquet
exp1_length_of_stay,regression,length_of_stay,deciles_unfused,mae,False,63750,87.31484612960664,86.23885422217144,88.40789600563942,/gpfs/data/bbj-lab/users/daniel/input-representation-benchmark/outputs/runs/tokenized/mimiciv-3.1_meds_70-10-20/deciles_none_unfused_time_tokens_first_24h-tokenized/test/reg_ridge_regression-preds-paper-length_of_stay-checkpoint-10000.pkl,/gpfs/data/bbj-lab/users/daniel/input-representation-benchmark/outputs/runs/tokenized/mimiciv-3.1_meds_70-10-20/deciles_none_unfused_time_tokens_first_24h-tokenized/test/tokens_timelines_outcomes.parquet
exp1_length_of_stay,regression,length_of_stay,deciles_unfused,rmse,False,63750,163.68504888913037,158.4656238639835,169.07853086345685,/gpfs/data/bbj-lab/users/daniel/input-representation-benchmark/outputs/runs/tokenized/mimiciv-3.1_meds_70-10-20/deciles_none_unfused_time_tokens_first_24h-tokenized/test/reg_ridge_regression-preds-paper-length_of_stay-checkpoint-10000.pkl,/gpfs/data/bbj-lab/users/daniel/input-representation-benchmark/outputs/runs/tokenized/mimiciv-3.1_meds_70-10-20/deciles_none_unfused_time_tokens_first_24h-tokenized/test/tokens_timelines_outcomes.parquet
exp1_length_of_stay,regression,length_of_stay,deciles_fused,spearman_rho,True,63750,0.5446948366296368,0.5390884039479045,0.5505130929041908,/gpfs/data/bbj-lab/users/daniel/input-representation-benchmark/outputs/runs/tokenized/mimiciv-3.1_meds_70-10-20/deciles_none_fused_time_tokens_first_24h-tokenized/test/reg_ridge_regression-preds-paper-length_of_stay-checkpoint-17000.pkl,/gpfs/data/bbj-lab/users/daniel/input-representation-benchmark/outputs/runs/tokenized/mimiciv-3.1_meds_70-10-20/deciles_none_fused_time_tokens_first_24h-tokenized/test/tokens_timelines_outcomes.parquet
exp1_length_of_stay,regression,length_of_stay,deciles_fused,r2,True,63750,0.1739212443908582,0.1658786179161821,0.1826623423177629,/gpfs/data/bbj-lab/users/daniel/input-representation-benchmark/outputs/runs/tokenized/mimiciv-3.1_meds_70-10-20/deciles_none_fused_time_tokens_first_24h-tokenized/test/reg_ridge_regression-preds-paper-length_of_stay-checkpoint-17000.pkl,/gpfs/data/bbj-lab/users/daniel/input-representation-benchmark/outputs/runs/tokenized/mimiciv-3.1_meds_70-10-20/deciles_none_fused_time_tokens_first_24h-tokenized/test/tokens_timelines_outcomes.parquet
exp1_length_of_stay,regression,length_of_stay,deciles_fused,mae,False,63750,85.15232133482101,84.08055338207777,86.2241449314517,/gpfs/data/bbj-lab/users/daniel/input-representation-benchmark/outputs/runs/tokenized/mimiciv-3.1_meds_70-10-20/deciles_none_fused_time_tokens_first_24h-tokenized/test/reg_ridge_regression-preds-paper-length_of_stay-checkpoint-17000.pkl,/gpfs/data/bbj-lab/users/daniel/input-representation-benchmark/outputs/runs/tokenized/mimiciv-3.1_meds_70-10-20/deciles_none_fused_time_tokens_first_24h-tokenized/test/tokens_timelines_outcomes.parquet
exp1_length_of_stay,regression,length_of_stay,deciles_fused,rmse,False,63750,161.0991095341553,155.7709196341312,166.38158372631798,/gpfs/data/bbj-lab/users/daniel/input-representation-benchmark/outputs/runs/tokenized/mimiciv-3.1_meds_70-10-20/deciles_none_fused_time_tokens_first_24h-tokenized/test/reg_ridge_regression-preds-paper-length_of_stay-checkpoint-17000.pkl,/gpfs/data/bbj-lab/users/daniel/input-representation-benchmark/outputs/runs/tokenized/mimiciv-3.1_meds_70-10-20/deciles_none_fused_time_tokens_first_24h-tokenized/test/tokens_timelines_outcomes.parquet
exp1_length_of_stay,regression,length_of_stay,ventiles_unfused,spearman_rho,True,63750,0.5274261975015936,0.521293487902949,0.5335036887543396,/gpfs/data/bbj-lab/users/daniel/input-representation-benchmark/outputs/runs/tokenized/mimiciv-3.1_meds_70-10-20/ventiles_none_unfused_time_tokens_first_24h-tokenized/test/reg_ridge_regression-preds-paper-length_of_stay-checkpoint-37000.pkl,/gpfs/data/bbj-lab/users/daniel/input-representation-benchmark/outputs/runs/tokenized/mimiciv-3.1_meds_70-10-20/ventiles_none_unfused_time_tokens_first_24h-tokenized/test/tokens_timelines_outcomes.parquet
exp1_length_of_stay,regression,length_of_stay,ventiles_unfused,r2,True,63750,0.1641163154665142,0.1558986338390586,0.1728699260825261,/gpfs/data/bbj-lab/users/daniel/input-representation-benchmark/outputs/runs/tokenized/mimiciv-3.1_meds_70-10-20/ventiles_none_unfused_time_tokens_first_24h-tokenized/test/reg_ridge_regression-preds-paper-length_of_stay-checkpoint-37000.pkl,/gpfs/data/bbj-lab/users/daniel/input-representation-benchmark/outputs/runs/tokenized/mimiciv-3.1_meds_70-10-20/ventiles_none_unfused_time_tokens_first_24h-tokenized/test/tokens_timelines_outcomes.parquet
exp1_length_of_stay,regression,length_of_stay,ventiles_unfused,mae,False,63750,85.98511112526565,84.89469315673314,87.0429429810567,/gpfs/data/bbj-lab/users/daniel/input-representation-benchmark/outputs/runs/tokenized/mimiciv-3.1_meds_70-10-20/ventiles_none_unfused_time_tokens_first_24h-tokenized/test/reg_ridge_regression-preds-paper-length_of_stay-checkpoint-37000.pkl,/gpfs/data/bbj-lab/users/daniel/input-representation-benchmark/outputs/runs/tokenized/mimiciv-3.1_meds_70-10-20/ventiles_none_unfused_time_tokens_first_24h-tokenized/test/tokens_timelines_outcomes.parquet
exp1_length_of_stay,regression,length_of_stay,ventiles_unfused,rmse,False,63750,162.0523514971437,156.77977958684173,167.3932507129331,/gpfs/data/bbj-lab/users/daniel/input-representation-benchmark/outputs/runs/tokenized/mimiciv-3.1_meds_70-10-20/ventiles_none_unfused_time_tokens_first_24h-tokenized/test/reg_ridge_regression-preds-paper-length_of_stay-checkpoint-37000.pkl,/gpfs/data/bbj-lab/users/daniel/input-representation-benchmark/outputs/runs/tokenized/mimiciv-3.1_meds_70-10-20/ventiles_none_unfused_time_tokens_first_24h-tokenized/test/tokens_timelines_outcomes.parquet
exp1_length_of_stay,regression,length_of_stay,ventiles_fused,spearman_rho,True,63750,0.5304024649781145,0.5241803964309047,0.536440978038767,/gpfs/data/bbj-lab/users/daniel/input-representation-benchmark/outputs/runs/tokenized/mimiciv-3.1_meds_70-10-20/ventiles_none_fused_time_tokens_first_24h-tokenized/test/reg_ridge_regression-preds-paper-length_of_stay-checkpoint-37000.pkl,/gpfs/data/bbj-lab/users/daniel/input-representation-benchmark/outputs/runs/tokenized/mimiciv-3.1_meds_70-10-20/ventiles_none_fused_time_tokens_first_24h-tokenized/test/tokens_timelines_outcomes.parquet
exp1_length_of_stay,regression,length_of_stay,ventiles_fused,r2,True,63750,0.1692620236785643,0.1614071829785083,0.1775463425474768,/gpfs/data/bbj-lab/users/daniel/input-representation-benchmark/outputs/runs/tokenized/mimiciv-3.1_meds_70-10-20/ventiles_none_fused_time_tokens_first_24h-tokenized/test/reg_ridge_regression-preds-paper-length_of_stay-checkpoint-37000.pkl,/gpfs/data/bbj-lab/users/daniel/input-representation-benchmark/outputs/runs/tokenized/mimiciv-3.1_meds_70-10-20/ventiles_none_fused_time_tokens_first_24h-tokenized/test/tokens_timelines_outcomes.parquet
exp1_length_of_stay,regression,length_of_stay,ventiles_fused,mae,False,63750,85.66856831094371,84.5531457897019,86.72275263344437,/gpfs/data/bbj-lab/users/daniel/input-representation-benchmark/outputs/runs/tokenized/mimiciv-3.1_meds_70-10-20/ventiles_none_fused_time_tokens_first_24h-tokenized/test/reg_ridge_regression-preds-paper-length_of_stay-checkpoint-37000.pkl,/gpfs/data/bbj-lab/users/daniel/input-representation-benchmark/outputs/runs/tokenized/mimiciv-3.1_meds_70-10-20/ventiles_none_fused_time_tokens_first_24h-tokenized/test/tokens_timelines_outcomes.parquet
exp1_length_of_stay,regression,length_of_stay,ventiles_fused,rmse,False,63750,161.5527835362963,156.36714921509574,166.8635842790025,/gpfs/data/bbj-lab/users/daniel/input-representation-benchmark/outputs/runs/tokenized/mimiciv-3.1_meds_70-10-20/ventiles_none_fused_time_tokens_first_24h-tokenized/test/reg_ridge_regression-preds-paper-length_of_stay-checkpoint-37000.pkl,/gpfs/data/bbj-lab/users/daniel/input-representation-benchmark/outputs/runs/tokenized/mimiciv-3.1_meds_70-10-20/ventiles_none_fused_time_tokens_first_24h-tokenized/test/tokens_timelines_outcomes.parquet
exp1_length_of_stay,regression,length_of_stay,ventiles_5_10_5_unfused,spearman_rho,True,63750,0.5382077771066633,0.5322160833754644,0.543974416797909,/gpfs/data/bbj-lab/users/daniel/input-representation-benchmark/outputs/runs/tokenized/mimiciv-3.1_meds_70-10-20/ventiles_5-10-5_unfused_time_tokens_first_24h-tokenized/test/reg_ridge_regression-preds-paper-length_of_stay-checkpoint-37000.pkl,/gpfs/data/bbj-lab/users/daniel/input-representation-benchmark/outputs/runs/tokenized/mimiciv-3.1_meds_70-10-20/ventiles_5-10-5_unfused_time_tokens_first_24h-tokenized/test/tokens_timelines_outcomes.parquet
exp1_length_of_stay,regression,length_of_stay,ventiles_5_10_5_unfused,r2,True,63750,0.1685355122546606,0.160041870546768,0.1771775799767464,/gpfs/data/bbj-lab/users/daniel/input-representation-benchmark/outputs/runs/tokenized/mimiciv-3.1_meds_70-10-20/ventiles_5-10-5_unfused_time_tokens_first_24h-tokenized/test/reg_ridge_regression-preds-paper-length_of_stay-checkpoint-37000.pkl,/gpfs/data/bbj-lab/users/daniel/input-representation-benchmark/outputs/runs/tokenized/mimiciv-3.1_meds_70-10-20/ventiles_5-10-5_unfused_time_tokens_first_24h-tokenized/test/tokens_timelines_outcomes.parquet
exp1_length_of_stay,regression,length_of_stay,ventiles_5_10_5_unfused,mae,False,63750,85.70672148588312,84.6341304897073,86.78163707869423,/gpfs/data/bbj-lab/users/daniel/input-representation-benchmark/outputs/runs/tokenized/mimiciv-3.1_meds_70-10-20/ventiles_5-10-5_unfused_time_tokens_first_24h-tokenized/test/reg_ridge_regression-preds-paper-length_of_stay-checkpoint-37000.pkl,/gpfs/data/bbj-lab/users/daniel/input-representation-benchmark/outputs/runs/tokenized/mimiciv-3.1_meds_70-10-20/ventiles_5-10-5_unfused_time_tokens_first_24h-tokenized/test/tokens_timelines_outcomes.parquet
exp1_length_of_stay,regression,length_of_stay,ventiles_5_10_5_unfused,rmse,False,63750,161.62341007333984,156.28268675194346,167.06410461572386,/gpfs/data/bbj-lab/users/daniel/input-representation-benchmark/outputs/runs/tokenized/mimiciv-3.1_meds_70-10-20/ventiles_5-10-5_unfused_time_tokens_first_24h-tokenized/test/reg_ridge_regression-preds-paper-length_of_stay-checkpoint-37000.pkl,/gpfs/data/bbj-lab/users/daniel/input-representation-benchmark/outputs/runs/tokenized/mimiciv-3.1_meds_70-10-20/ventiles_5-10-5_unfused_time_tokens_first_24h-tokenized/test/tokens_timelines_outcomes.parquet
exp1_length_of_stay,regression,length_of_stay,ventiles_5_10_5_fused,spearman_rho,True,63750,0.5324142546172101,0.5266715867895387,0.5382336371322353,/gpfs/data/bbj-lab/users/daniel/input-representation-benchmark/outputs/runs/tokenized/mimiciv-3.1_meds_70-10-20/ventiles_5-10-5_fused_time_tokens_first_24h-tokenized/test/reg_ridge_regression-preds-paper-length_of_stay-checkpoint-37000.pkl,/gpfs/data/bbj-lab/users/daniel/input-representation-benchmark/outputs/runs/tokenized/mimiciv-3.1_meds_70-10-20/ventiles_5-10-5_fused_time_tokens_first_24h-tokenized/test/tokens_timelines_outcomes.parquet
exp1_length_of_stay,regression,length_of_stay,ventiles_5_10_5_fused,r2,True,63750,0.1682998959967871,0.1603355456947856,0.1768592624617624,/gpfs/data/bbj-lab/users/daniel/input-representation-benchmark/outputs/runs/tokenized/mimiciv-3.1_meds_70-10-20/ventiles_5-10-5_fused_time_tokens_first_24h-tokenized/test/reg_ridge_regression-preds-paper-length_of_stay-checkpoint-37000.pkl,/gpfs/data/bbj-lab/users/daniel/input-representation-benchmark/outputs/runs/tokenized/mimiciv-3.1_meds_70-10-20/ventiles_5-10-5_fused_time_tokens_first_24h-tokenized/test/tokens_timelines_outcomes.parquet
exp1_length_of_stay,regression,length_of_stay,ventiles_5_10_5_fused,mae,False,63750,85.72091093167893,84.66219953697227,86.76604901224948,/gpfs/data/bbj-lab/users/daniel/input-representation-benchmark/outputs/runs/tokenized/mimiciv-3.1_meds_70-10-20/ventiles_5-10-5_fused_time_tokens_first_24h-tokenized/test/reg_ridge_regression-preds-paper-length_of_stay-checkpoint-37000.pkl,/gpfs/data/bbj-lab/users/daniel/input-representation-benchmark/outputs/runs/tokenized/mimiciv-3.1_meds_70-10-20/ventiles_5-10-5_fused_time_tokens_first_24h-tokenized/test/tokens_timelines_outcomes.parquet
exp1_length_of_stay,regression,length_of_stay,ventiles_5_10_5_fused,rmse,False,63750,161.64630846900278,156.35754300757154,166.89056166735074,/gpfs/data/bbj-lab/users/daniel/input-representation-benchmark/outputs/runs/tokenized/mimiciv-3.1_meds_70-10-20/ventiles_5-10-5_fused_time_tokens_first_24h-tokenized/test/reg_ridge_regression-preds-paper-length_of_stay-checkpoint-37000.pkl,/gpfs/data/bbj-lab/users/daniel/input-representation-benchmark/outputs/runs/tokenized/mimiciv-3.1_meds_70-10-20/ventiles_5-10-5_fused_time_tokens_first_24h-tokenized/test/tokens_timelines_outcomes.parquet
exp1_length_of_stay,regression,length_of_stay,trentiles_unfused,spearman_rho,True,63750,0.5262506016019455,0.5200615692629591,0.5320042679586556,/gpfs/data/bbj-lab/users/daniel/input-representation-benchmark/outputs/runs/tokenized/mimiciv-3.1_meds_70-10-20/trentiles_none_unfused_time_tokens_first_24h-tokenized/test/reg_ridge_regression-preds-paper-length_of_stay-checkpoint-37000.pkl,/gpfs/data/bbj-lab/users/daniel/input-representation-benchmark/outputs/runs/tokenized/mimiciv-3.1_meds_70-10-20/trentiles_none_unfused_time_tokens_first_24h-tokenized/test/tokens_timelines_outcomes.parquet
exp1_length_of_stay,regression,length_of_stay,trentiles_unfused,r2,True,63750,0.1657573169814225,0.1570575320620566,0.1747298903681036,/gpfs/data/bbj-lab/users/daniel/input-representation-benchmark/outputs/runs/tokenized/mimiciv-3.1_meds_70-10-20/trentiles_none_unfused_time_tokens_first_24h-tokenized/test/reg_ridge_regression-preds-paper-length_of_stay-checkpoint-37000.pkl,/gpfs/data/bbj-lab/users/daniel/input-representation-benchmark/outputs/runs/tokenized/mimiciv-3.1_meds_70-10-20/trentiles_none_unfused_time_tokens_first_24h-tokenized/test/tokens_timelines_outcomes.parquet
exp1_length_of_stay,regression,length_of_stay,trentiles_unfused,mae,False,63750,86.0975809062635,85.0552317054398,87.19988784908544,/gpfs/data/bbj-lab/users/daniel/input-representation-benchmark/outputs/runs/tokenized/mimiciv-3.1_meds_70-10-20/trentiles_none_unfused_time_tokens_first_24h-tokenized/test/reg_ridge_regression-preds-paper-length_of_stay-checkpoint-37000.pkl,/gpfs/data/bbj-lab/users/daniel/input-representation-benchmark/outputs/runs/tokenized/mimiciv-3.1_meds_70-10-20/trentiles_none_unfused_time_tokens_first_24h-tokenized/test/tokens_timelines_outcomes.parquet
exp1_length_of_stay,regression,length_of_stay,trentiles_unfused,rmse,False,63750,161.89320327795326,156.60358043687012,167.31976962635008,/gpfs/data/bbj-lab/users/daniel/input-representation-benchmark/outputs/runs/tokenized/mimiciv-3.1_meds_70-10-20/trentiles_none_unfused_time_tokens_first_24h-tokenized/test/reg_ridge_regression-preds-paper-length_of_stay-checkpoint-37000.pkl,/gpfs/data/bbj-lab/users/daniel/input-representation-benchmark/outputs/runs/tokenized/mimiciv-3.1_meds_70-10-20/trentiles_none_unfused_time_tokens_first_24h-tokenized/test/tokens_timelines_outcomes.parquet
exp1_length_of_stay,regression,length_of_stay,trentiles_fused,spearman_rho,True,63750,0.5298376470848533,0.5237999035760318,0.5356557351575465,/gpfs/data/bbj-lab/users/daniel/input-representation-benchmark/outputs/runs/tokenized/mimiciv-3.1_meds_70-10-20/trentiles_none_fused_time_tokens_first_24h-tokenized/test/reg_ridge_regression-preds-paper-length_of_stay-checkpoint-37000.pkl,/gpfs/data/bbj-lab/users/daniel/input-representation-benchmark/outputs/runs/tokenized/mimiciv-3.1_meds_70-10-20/trentiles_none_fused_time_tokens_first_24h-tokenized/test/tokens_timelines_outcomes.parquet
exp1_length_of_stay,regression,length_of_stay,trentiles_fused,r2,True,63750,0.1664978219085894,0.1588427082222779,0.1751449865427731,/gpfs/data/bbj-lab/users/daniel/input-representation-benchmark/outputs/runs/tokenized/mimiciv-3.1_meds_70-10-20/trentiles_none_fused_time_tokens_first_24h-tokenized/test/reg_ridge_regression-preds-paper-length_of_stay-checkpoint-37000.pkl,/gpfs/data/bbj-lab/users/daniel/input-representation-benchmark/outputs/runs/tokenized/mimiciv-3.1_meds_70-10-20/trentiles_none_fused_time_tokens_first_24h-tokenized/test/tokens_timelines_outcomes.parquet
exp1_length_of_stay,regression,length_of_stay,trentiles_fused,mae,False,63750,85.96573871401344,84.91738236913217,87.01761722670085,/gpfs/data/bbj-lab/users/daniel/input-representation-benchmark/outputs/runs/tokenized/mimiciv-3.1_meds_70-10-20/trentiles_none_fused_time_tokens_first_24h-tokenized/test/reg_ridge_regression-preds-paper-length_of_stay-checkpoint-37000.pkl,/gpfs/data/bbj-lab/users/daniel/input-representation-benchmark/outputs/runs/tokenized/mimiciv-3.1_meds_70-10-20/trentiles_none_fused_time_tokens_first_24h-tokenized/test/tokens_timelines_outcomes.parquet
exp1_length_of_stay,regression,length_of_stay,trentiles_fused,rmse,False,63750,161.82133610305982,156.49948499487402,167.12909952022102,/gpfs/data/bbj-lab/users/daniel/input-representation-benchmark/outputs/runs/tokenized/mimiciv-3.1_meds_70-10-20/trentiles_none_fused_time_tokens_first_24h-tokenized/test/reg_ridge_regression-preds-paper-length_of_stay-checkpoint-37000.pkl,/gpfs/data/bbj-lab/users/daniel/input-representation-benchmark/outputs/runs/tokenized/mimiciv-3.1_meds_70-10-20/trentiles_none_fused_time_tokens_first_24h-tokenized/test/tokens_timelines_outcomes.parquet
exp1_length_of_stay,regression,length_of_stay,trentiles_10_10_10_unfused,spearman_rho,True,63750,0.4704818943918868,0.4642448712523608,0.4765388230231844,/gpfs/data/bbj-lab/users/daniel/input-representation-benchmark/outputs/runs/tokenized/mimiciv-3.1_meds_70-10-20/trentiles_10-10-10_unfused_time_tokens_first_24h-tokenized/test/reg_ridge_regression-preds-paper-length_of_stay-checkpoint-10000.pkl,/gpfs/data/bbj-lab/users/daniel/input-representation-benchmark/outputs/runs/tokenized/mimiciv-3.1_meds_70-10-20/trentiles_10-10-10_unfused_time_tokens_first_24h-tokenized/test/tokens_timelines_outcomes.parquet
exp1_length_of_stay,regression,length_of_stay,trentiles_10_10_10_unfused,r2,True,63750,0.1418085993696216,0.1340244177318716,0.150178639896517,/gpfs/data/bbj-lab/users/daniel/input-representation-benchmark/outputs/runs/tokenized/mimiciv-3.1_meds_70-10-20/trentiles_10-10-10_unfused_time_tokens_first_24h-tokenized/test/reg_ridge_regression-preds-paper-length_of_stay-checkpoint-10000.pkl,/gpfs/data/bbj-lab/users/daniel/input-representation-benchmark/outputs/runs/tokenized/mimiciv-3.1_meds_70-10-20/trentiles_10-10-10_unfused_time_tokens_first_24h-tokenized/test/tokens_timelines_outcomes.parquet
exp1_length_of_stay,regression,length_of_stay,trentiles_10_10_10_unfused,mae,False,63750,87.93286062050754,86.88512709320496,89.05476235654805,/gpfs/data/bbj-lab/users/daniel/input-representation-benchmark/outputs/runs/tokenized/mimiciv-3.1_meds_70-10-20/trentiles_10-10-10_unfused_time_tokens_first_24h-tokenized/test/reg_ridge_regression-preds-paper-length_of_stay-checkpoint-10000.pkl,/gpfs/data/bbj-lab/users/daniel/input-representation-benchmark/outputs/runs/tokenized/mimiciv-3.1_meds_70-10-20/trentiles_10-10-10_unfused_time_tokens_first_24h-tokenized/test/tokens_timelines_outcomes.parquet
exp1_length_of_stay,regression,length_of_stay,trentiles_10_10_10_unfused,rmse,False,63750,164.20050647530945,158.9199426923161,169.5303126020026,/gpfs/data/bbj-lab/users/daniel/input-representation-benchmark/outputs/runs/tokenized/mimiciv-3.1_meds_70-10-20/trentiles_10-10-10_unfused_time_tokens_first_24h-tokenized/test/reg_ridge_regression-preds-paper-length_of_stay-checkpoint-10000.pkl,/gpfs/data/bbj-lab/users/daniel/input-representation-benchmark/outputs/runs/tokenized/mimiciv-3.1_meds_70-10-20/trentiles_10-10-10_unfused_time_tokens_first_24h-tokenized/test/tokens_timelines_outcomes.parquet
exp1_length_of_stay,regression,length_of_stay,trentiles_10_10_10_fused,spearman_rho,True,63750,0.5197014197086331,0.5136145699252872,0.5256729881866868,/gpfs/data/bbj-lab/users/daniel/input-representation-benchmark/outputs/runs/tokenized/mimiciv-3.1_meds_70-10-20/trentiles_10-10-10_fused_time_tokens_first_24h-tokenized/test/reg_ridge_regression-preds-paper-length_of_stay-checkpoint-37000.pkl,/gpfs/data/bbj-lab/users/daniel/input-representation-benchmark/outputs/runs/tokenized/mimiciv-3.1_meds_70-10-20/trentiles_10-10-10_fused_time_tokens_first_24h-tokenized/test/tokens_timelines_outcomes.parquet
exp1_length_of_stay,regression,length_of_stay,trentiles_10_10_10_fused,r2,True,63750,0.1604900265110141,0.1526577042274716,0.1688243147361135,/gpfs/data/bbj-lab/users/daniel/input-representation-benchmark/outputs/runs/tokenized/mimiciv-3.1_meds_70-10-20/trentiles_10-10-10_fused_time_tokens_first_24h-tokenized/test/reg_ridge_regression-preds-paper-length_of_stay-checkpoint-37000.pkl,/gpfs/data/bbj-lab/users/daniel/input-representation-benchmark/outputs/runs/tokenized/mimiciv-3.1_meds_70-10-20/trentiles_10-10-10_fused_time_tokens_first_24h-tokenized/test/tokens_timelines_outcomes.parquet
exp1_length_of_stay,regression,length_of_stay,trentiles_10_10_10_fused,mae,False,63750,86.24885333746433,85.15008716569143,87.29432047779947,/gpfs/data/bbj-lab/users/daniel/input-representation-benchmark/outputs/runs/tokenized/mimiciv-3.1_meds_70-10-20/trentiles_10-10-10_fused_time_tokens_first_24h-tokenized/test/reg_ridge_regression-preds-paper-length_of_stay-checkpoint-37000.pkl,/gpfs/data/bbj-lab/users/daniel/input-representation-benchmark/outputs/runs/tokenized/mimiciv-3.1_meds_70-10-20/trentiles_10-10-10_fused_time_tokens_first_24h-tokenized/test/tokens_timelines_outcomes.parquet
exp1_length_of_stay,regression,length_of_stay,trentiles_10_10_10_fused,rmse,False,63750,162.40348449414762,157.09539840673702,167.74131910912894,/gpfs/data/bbj-lab/users/daniel/input-representation-benchmark/outputs/runs/tokenized/mimiciv-3.1_meds_70-10-20/trentiles_10-10-10_fused_time_tokens_first_24h-tokenized/test/reg_ridge_regression-preds-paper-length_of_stay-checkpoint-37000.pkl,/gpfs/data/bbj-lab/users/daniel/input-representation-benchmark/outputs/runs/tokenized/mimiciv-3.1_meds_70-10-20/trentiles_10-10-10_fused_time_tokens_first_24h-tokenized/test/tokens_timelines_outcomes.parquet
exp1_length_of_stay,regression,length_of_stay,centiles_unfused,spearman_rho,True,63750,0.5315764300274861,0.5253992273881374,0.5376838391097292,/gpfs/data/bbj-lab/users/daniel/input-representation-benchmark/outputs/runs/tokenized/mimiciv-3.1_meds_70-10-20/centiles_none_unfused_time_tokens_first_24h-tokenized/test/reg_ridge_regression-preds-paper-length_of_stay-checkpoint-37000.pkl,/gpfs/data/bbj-lab/users/daniel/input-representation-benchmark/outputs/runs/tokenized/mimiciv-3.1_meds_70-10-20/centiles_none_unfused_time_tokens_first_24h-tokenized/test/tokens_timelines_outcomes.parquet
exp1_length_of_stay,regression,length_of_stay,centiles_unfused,r2,True,63750,0.1656252977233659,0.1573301029644314,0.1744840771480977,/gpfs/data/bbj-lab/users/daniel/input-representation-benchmark/outputs/runs/tokenized/mimiciv-3.1_meds_70-10-20/centiles_none_unfused_time_tokens_first_24h-tokenized/test/reg_ridge_regression-preds-paper-length_of_stay-checkpoint-37000.pkl,/gpfs/data/bbj-lab/users/daniel/input-representation-benchmark/outputs/runs/tokenized/mimiciv-3.1_meds_70-10-20/centiles_none_unfused_time_tokens_first_24h-tokenized/test/tokens_timelines_outcomes.parquet
exp1_length_of_stay,regression,length_of_stay,centiles_unfused,mae,False,63750,85.97144521095005,84.91315091260726,87.06647443823313,/gpfs/data/bbj-lab/users/daniel/input-representation-benchmark/outputs/runs/tokenized/mimiciv-3.1_meds_70-10-20/centiles_none_unfused_time_tokens_first_24h-tokenized/test/reg_ridge_regression-preds-paper-length_of_stay-checkpoint-37000.pkl,/gpfs/data/bbj-lab/users/daniel/input-representation-benchmark/outputs/runs/tokenized/mimiciv-3.1_meds_70-10-20/centiles_none_unfused_time_tokens_first_24h-tokenized/test/tokens_timelines_outcomes.parquet
exp1_length_of_stay,regression,length_of_stay,centiles_unfused,rmse,False,63750,161.9060126052094,156.62091375704503,167.29816397235092,/gpfs/data/bbj-lab/users/daniel/input-representation-benchmark/outputs/runs/tokenized/mimiciv-3.1_meds_70-10-20/centiles_none_unfused_time_tokens_first_24h-tokenized/test/reg_ridge_regression-preds-paper-length_of_stay-checkpoint-37000.pkl,/gpfs/data/bbj-lab/users/daniel/input-representation-benchmark/outputs/runs/tokenized/mimiciv-3.1_meds_70-10-20/centiles_none_unfused_time_tokens_first_24h-tokenized/test/tokens_timelines_outcomes.parquet
exp1_length_of_stay,regression,length_of_stay,centiles_fused,spearman_rho,True,63750,0.5388901966663313,0.5331061354323898,0.5446507543413862,/gpfs/data/bbj-lab/users/daniel/input-representation-benchmark/outputs/runs/tokenized/mimiciv-3.1_meds_70-10-20/centiles_none_fused_time_tokens_first_24h-tokenized/test/reg_ridge_regression-preds-paper-length_of_stay-checkpoint-16500.pkl,/gpfs/data/bbj-lab/users/daniel/input-representation-benchmark/outputs/runs/tokenized/mimiciv-3.1_meds_70-10-20/centiles_none_fused_time_tokens_first_24h-tokenized/test/tokens_timelines_outcomes.parquet
exp1_length_of_stay,regression,length_of_stay,centiles_fused,r2,True,63750,0.168583634994232,0.1608191386908725,0.1771226702171327,/gpfs/data/bbj-lab/users/daniel/input-representation-benchmark/outputs/runs/tokenized/mimiciv-3.1_meds_70-10-20/centiles_none_fused_time_tokens_first_24h-tokenized/test/reg_ridge_regression-preds-paper-length_of_stay-checkpoint-16500.pkl,/gpfs/data/bbj-lab/users/daniel/input-representation-benchmark/outputs/runs/tokenized/mimiciv-3.1_meds_70-10-20/centiles_none_fused_time_tokens_first_24h-tokenized/test/tokens_timelines_outcomes.parquet
exp1_length_of_stay,regression,length_of_stay,centiles_fused,mae,False,63750,85.47982237120029,84.41038227030084,86.55616321810042,/gpfs/data/bbj-lab/users/daniel/input-representation-benchmark/outputs/runs/tokenized/mimiciv-3.1_meds_70-10-20/centiles_none_fused_time_tokens_first_24h-tokenized/test/reg_ridge_regression-preds-paper-length_of_stay-checkpoint-16500.pkl,/gpfs/data/bbj-lab/users/daniel/input-representation-benchmark/outputs/runs/tokenized/mimiciv-3.1_meds_70-10-20/centiles_none_fused_time_tokens_first_24h-tokenized/test/tokens_timelines_outcomes.parquet
exp1_length_of_stay,regression,length_of_stay,centiles_fused,rmse,False,63750,161.61873285986408,156.2961446456945,166.9596408138353,/gpfs/data/bbj-lab/users/daniel/input-representation-benchmark/outputs/runs/tokenized/mimiciv-3.1_meds_70-10-20/centiles_none_fused_time_tokens_first_24h-tokenized/test/reg_ridge_regression-preds-paper-length_of_stay-checkpoint-16500.pkl,/gpfs/data/bbj-lab/users/daniel/input-representation-benchmark/outputs/runs/tokenized/mimiciv-3.1_meds_70-10-20/centiles_none_fused_time_tokens_first_24h-tokenized/test/tokens_timelines_outcomes.parquet
exp1_extended_regression,regression,max_dbp,deciles_unfused,spearman_rho,True,10701,0.3276912924574203,0.3100439694960852,0.3448895228304633,/gpfs/data/bbj-lab/users/daniel/input-representation-benchmark/outputs/runs/tokenized/mimiciv-3.1_meds_70-10-20/deciles_none_unfused_time_tokens_first_24h-tokenized/test/reg_ridge_regression-preds-checkpoint-10000.pkl,/gpfs/data/bbj-lab/users/daniel/input-representation-benchmark/outputs/runs/tokenized/mimiciv-3.1_meds_70-10-20/deciles_none_unfused_time_tokens_first_24h-tokenized/test/tokens_timelines_extended_outcomes.parquet
exp1_extended_regression,regression,max_dbp,deciles_unfused,r2,True,10701,0.0921432252560657,0.078009860781702,0.105136719072411,/gpfs/data/bbj-lab/users/daniel/input-representation-benchmark/outputs/runs/tokenized/mimiciv-3.1_meds_70-10-20/deciles_none_unfused_time_tokens_first_24h-tokenized/test/reg_ridge_regression-preds-checkpoint-10000.pkl,/gpfs/data/bbj-lab/users/daniel/input-representation-benchmark/outputs/runs/tokenized/mimiciv-3.1_meds_70-10-20/deciles_none_unfused_time_tokens_first_24h-tokenized/test/tokens_timelines_extended_outcomes.parquet
exp1_extended_regression,regression,max_dbp,deciles_unfused,mae,False,10701,17.872401996274206,17.573150185846565,18.17461694542572,/gpfs/data/bbj-lab/users/daniel/input-representation-benchmark/outputs/runs/tokenized/mimiciv-3.1_meds_70-10-20/deciles_none_unfused_time_tokens_first_24h-tokenized/test/reg_ridge_regression-preds-checkpoint-10000.pkl,/gpfs/data/bbj-lab/users/daniel/input-representation-benchmark/outputs/runs/tokenized/mimiciv-3.1_meds_70-10-20/deciles_none_unfused_time_tokens_first_24h-tokenized/test/tokens_timelines_extended_outcomes.parquet
exp1_extended_regression,regression,max_dbp,deciles_unfused,rmse,False,10701,23.990225590063098,23.43871095048916,24.58700617155626,/gpfs/data/bbj-lab/users/daniel/input-representation-benchmark/outputs/runs/tokenized/mimiciv-3.1_meds_70-10-20/deciles_none_unfused_time_tokens_first_24h-tokenized/test/reg_ridge_regression-preds-checkpoint-10000.pkl,/gpfs/data/bbj-lab/users/daniel/input-representation-benchmark/outputs/runs/tokenized/mimiciv-3.1_meds_70-10-20/deciles_none_unfused_time_tokens_first_24h-tokenized/test/tokens_timelines_extended_outcomes.parquet
exp1_extended_regression,regression,max_dbp,deciles_fused,spearman_rho,True,10701,0.3838332849628231,0.3670897347671477,0.3999743139455489,/gpfs/data/bbj-lab/users/daniel/input-representation-benchmark/outputs/runs/tokenized/mimiciv-3.1_meds_70-10-20/deciles_none_fused_time_tokens_first_24h-tokenized/test/reg_ridge_regression-preds-checkpoint-17000.pkl,/gpfs/data/bbj-lab/users/daniel/input-representation-benchmark/outputs/runs/tokenized/mimiciv-3.1_meds_70-10-20/deciles_none_fused_time_tokens_first_24h-tokenized/test/tokens_timelines_extended_outcomes.parquet
exp1_extended_regression,regression,max_dbp,deciles_fused,r2,True,10701,0.131698828053251,0.1179626224068411,0.1447141889503292,/gpfs/data/bbj-lab/users/daniel/input-representation-benchmark/outputs/runs/tokenized/mimiciv-3.1_meds_70-10-20/deciles_none_fused_time_tokens_first_24h-tokenized/test/reg_ridge_regression-preds-checkpoint-17000.pkl,/gpfs/data/bbj-lab/users/daniel/input-representation-benchmark/outputs/runs/tokenized/mimiciv-3.1_meds_70-10-20/deciles_none_fused_time_tokens_first_24h-tokenized/test/tokens_timelines_extended_outcomes.parquet
exp1_extended_regression,regression,max_dbp,deciles_fused,mae,False,10701,17.436526682545793,17.145966581394983,17.747055750634477,/gpfs/data/bbj-lab/users/daniel/input-representation-benchmark/outputs/runs/tokenized/mimiciv-3.1_meds_70-10-20/deciles_none_fused_time_tokens_first_24h-tokenized/test/reg_ridge_regression-preds-checkpoint-17000.pkl,/gpfs/data/bbj-lab/users/daniel/input-representation-benchmark/outputs/runs/tokenized/mimiciv-3.1_meds_70-10-20/deciles_none_fused_time_tokens_first_24h-tokenized/test/tokens_timelines_extended_outcomes.parquet
exp1_extended_regression,regression,max_dbp,deciles_fused,rmse,False,10701,23.461774485874543,22.93755676292544,24.07914424250114,/gpfs/data/bbj-lab/users/daniel/input-representation-benchmark/outputs/runs/tokenized/mimiciv-3.1_meds_70-10-20/deciles_none_fused_time_tokens_first_24h-tokenized/test/reg_ridge_regression-preds-checkpoint-17000.pkl,/gpfs/data/bbj-lab/users/daniel/input-representation-benchmark/outputs/runs/tokenized/mimiciv-3.1_meds_70-10-20/deciles_none_fused_time_tokens_first_24h-tokenized/test/tokens_timelines_extended_outcomes.parquet
exp1_extended_regression,regression,max_dbp,ventiles_unfused,spearman_rho,True,10701,0.3553130160670543,0.3377148944154824,0.3721590919702007,/gpfs/data/bbj-lab/users/daniel/input-representation-benchmark/outputs/runs/tokenized/mimiciv-3.1_meds_70-10-20/ventiles_none_unfused_time_tokens_first_24h-tokenized/test/reg_ridge_regression-preds-checkpoint-37000.pkl,/gpfs/data/bbj-lab/users/daniel/input-representation-benchmark/outputs/runs/tokenized/mimiciv-3.1_meds_70-10-20/ventiles_none_unfused_time_tokens_first_24h-tokenized/test/tokens_timelines_extended_outcomes.parquet
exp1_extended_regression,regression,max_dbp,ventiles_unfused,r2,True,10701,0.1121104649902073,0.0980041794243215,0.1249660488661456,/gpfs/data/bbj-lab/users/daniel/input-representation-benchmark/outputs/runs/tokenized/mimiciv-3.1_meds_70-10-20/ventiles_none_unfused_time_tokens_first_24h-tokenized/test/reg_ridge_regression-preds-checkpoint-37000.pkl,/gpfs/data/bbj-lab/users/daniel/input-representation-benchmark/outputs/runs/tokenized/mimiciv-3.1_meds_70-10-20/ventiles_none_unfused_time_tokens_first_24h-tokenized/test/tokens_timelines_extended_outcomes.parquet
exp1_extended_regression,regression,max_dbp,ventiles_unfused,mae,False,10701,17.660386740660545,17.364484652009217,17.958518647942903,/gpfs/data/bbj-lab/users/daniel/input-representation-benchmark/outputs/runs/tokenized/mimiciv-3.1_meds_70-10-20/ventiles_none_unfused_time_tokens_first_24h-tokenized/test/reg_ridge_regression-preds-checkpoint-37000.pkl,/gpfs/data/bbj-lab/users/daniel/input-representation-benchmark/outputs/runs/tokenized/mimiciv-3.1_meds_70-10-20/ventiles_none_unfused_time_tokens_first_24h-tokenized/test/tokens_timelines_extended_outcomes.parquet
exp1_extended_regression,regression,max_dbp,ventiles_unfused,rmse,False,10701,23.72494045364975,23.180984100101934,24.30246610019112,/gpfs/data/bbj-lab/users/daniel/input-representation-benchmark/outputs/runs/tokenized/mimiciv-3.1_meds_70-10-20/ventiles_none_unfused_time_tokens_first_24h-tokenized/test/reg_ridge_regression-preds-checkpoint-37000.pkl,/gpfs/data/bbj-lab/users/daniel/input-representation-benchmark/outputs/runs/tokenized/mimiciv-3.1_meds_70-10-20/ventiles_none_unfused_time_tokens_first_24h-tokenized/test/tokens_timelines_extended_outcomes.parquet
exp1_extended_regression,regression,max_dbp,ventiles_fused,spearman_rho,True,10701,0.3930934528604326,0.3765904669588146,0.4091309826523812,/gpfs/data/bbj-lab/users/daniel/input-representation-benchmark/outputs/runs/tokenized/mimiciv-3.1_meds_70-10-20/ventiles_none_fused_time_tokens_first_24h-tokenized/test/reg_ridge_regression-preds-checkpoint-37000.pkl,/gpfs/data/bbj-lab/users/daniel/input-representation-benchmark/outputs/runs/tokenized/mimiciv-3.1_meds_70-10-20/ventiles_none_fused_time_tokens_first_24h-tokenized/test/tokens_timelines_extended_outcomes.parquet
exp1_extended_regression,regression,max_dbp,ventiles_fused,r2,True,10701,0.1365184519093373,0.1232225867522095,0.1491972220290355,/gpfs/data/bbj-lab/users/daniel/input-representation-benchmark/outputs/runs/tokenized/mimiciv-3.1_meds_70-10-20/ventiles_none_fused_time_tokens_first_24h-tokenized/test/reg_ridge_regression-preds-checkpoint-37000.pkl,/gpfs/data/bbj-lab/users/daniel/input-representation-benchmark/outputs/runs/tokenized/mimiciv-3.1_meds_70-10-20/ventiles_none_fused_time_tokens_first_24h-tokenized/test/tokens_timelines_extended_outcomes.parquet
exp1_extended_regression,regression,max_dbp,ventiles_fused,mae,False,10701,17.393713819288838,17.11673951843453,17.696751196735928,/gpfs/data/bbj-lab/users/daniel/input-representation-benchmark/outputs/runs/tokenized/mimiciv-3.1_meds_70-10-20/ventiles_none_fused_time_tokens_first_24h-tokenized/test/reg_ridge_regression-preds-checkpoint-37000.pkl,/gpfs/data/bbj-lab/users/daniel/input-representation-benchmark/outputs/runs/tokenized/mimiciv-3.1_meds_70-10-20/ventiles_none_fused_time_tokens_first_24h-tokenized/test/tokens_timelines_extended_outcomes.parquet
exp1_extended_regression,regression,max_dbp,ventiles_fused,rmse,False,10701,23.39656999180319,22.892307723371815,24.00718068606228,/gpfs/data/bbj-lab/users/daniel/input-representation-benchmark/outputs/runs/tokenized/mimiciv-3.1_meds_70-10-20/ventiles_none_fused_time_tokens_first_24h-tokenized/test/reg_ridge_regression-preds-checkpoint-37000.pkl,/gpfs/data/bbj-lab/users/daniel/input-representation-benchmark/outputs/runs/tokenized/mimiciv-3.1_meds_70-10-20/ventiles_none_fused_time_tokens_first_24h-tokenized/test/tokens_timelines_extended_outcomes.parquet
exp1_extended_regression,regression,max_dbp,ventiles_5_10_5_unfused,spearman_rho,True,10701,0.3579355193771317,0.3408274020438795,0.3744139876474326,/gpfs/data/bbj-lab/users/daniel/input-representation-benchmark/outputs/runs/tokenized/mimiciv-3.1_meds_70-10-20/ventiles_5-10-5_unfused_time_tokens_first_24h-tokenized/test/reg_ridge_regression-preds-checkpoint-37000.pkl,/gpfs/data/bbj-lab/users/daniel/input-representation-benchmark/outputs/runs/tokenized/mimiciv-3.1_meds_70-10-20/ventiles_5-10-5_unfused_time_tokens_first_24h-tokenized/test/tokens_timelines_extended_outcomes.parquet
exp1_extended_regression,regression,max_dbp,ventiles_5_10_5_unfused,r2,True,10701,0.1160528934277769,0.1021616024422154,0.1287592916097317,/gpfs/data/bbj-lab/users/daniel/input-representation-benchmark/outputs/runs/tokenized/mimiciv-3.1_meds_70-10-20/ventiles_5-10-5_unfused_time_tokens_first_24h-tokenized/test/reg_ridge_regression-preds-checkpoint-37000.pkl,/gpfs/data/bbj-lab/users/daniel/input-representation-benchmark/outputs/runs/tokenized/mimiciv-3.1_meds_70-10-20/ventiles_5-10-5_unfused_time_tokens_first_24h-tokenized/test/tokens_timelines_extended_outcomes.parquet
exp1_extended_regression,regression,max_dbp,ventiles_5_10_5_unfused,mae,False,10701,17.629491355553885,17.336826984438886,17.92201132135327,/gpfs/data/bbj-lab/users/daniel/input-representation-benchmark/outputs/runs/tokenized/mimiciv-3.1_meds_70-10-20/ventiles_5-10-5_unfused_time_tokens_first_24h-tokenized/test/reg_ridge_regression-preds-checkpoint-37000.pkl,/gpfs/data/bbj-lab/users/daniel/input-representation-benchmark/outputs/runs/tokenized/mimiciv-3.1_meds_70-10-20/ventiles_5-10-5_unfused_time_tokens_first_24h-tokenized/test/tokens_timelines_extended_outcomes.parquet
exp1_extended_regression,regression,max_dbp,ventiles_5_10_5_unfused,rmse,False,10701,23.672209829383963,23.131682857159024,24.25661470190351,/gpfs/data/bbj-lab/users/daniel/input-representation-benchmark/outputs/runs/tokenized/mimiciv-3.1_meds_70-10-20/ventiles_5-10-5_unfused_time_tokens_first_24h-tokenized/test/reg_ridge_regression-preds-checkpoint-37000.pkl,/gpfs/data/bbj-lab/users/daniel/input-representation-benchmark/outputs/runs/tokenized/mimiciv-3.1_meds_70-10-20/ventiles_5-10-5_unfused_time_tokens_first_24h-tokenized/test/tokens_timelines_extended_outcomes.parquet
exp1_extended_regression,regression,max_dbp,ventiles_5_10_5_fused,spearman_rho,True,10701,0.3765790679742558,0.3593689685292915,0.3931890504372994,/gpfs/data/bbj-lab/users/daniel/input-representation-benchmark/outputs/runs/tokenized/mimiciv-3.1_meds_70-10-20/ventiles_5-10-5_fused_time_tokens_first_24h-tokenized/test/reg_ridge_regression-preds-checkpoint-37000.pkl,/gpfs/data/bbj-lab/users/daniel/input-representation-benchmark/outputs/runs/tokenized/mimiciv-3.1_meds_70-10-20/ventiles_5-10-5_fused_time_tokens_first_24h-tokenized/test/tokens_timelines_extended_outcomes.parquet
exp1_extended_regression,regression,max_dbp,ventiles_5_10_5_fused,r2,True,10701,0.1256034654328328,0.1115427642248564,0.1388386863129207,/gpfs/data/bbj-lab/users/daniel/input-representation-benchmark/outputs/runs/tokenized/mimiciv-3.1_meds_70-10-20/ventiles_5-10-5_fused_time_tokens_first_24h-tokenized/test/reg_ridge_regression-preds-checkpoint-37000.pkl,/gpfs/data/bbj-lab/users/daniel/input-representation-benchmark/outputs/runs/tokenized/mimiciv-3.1_meds_70-10-20/ventiles_5-10-5_fused_time_tokens_first_24h-tokenized/test/tokens_timelines_extended_outcomes.parquet
exp1_extended_regression,regression,max_dbp,ventiles_5_10_5_fused,mae,False,10701,17.44869075215852,17.162018125092924,17.756193640035157,/gpfs/data/bbj-lab/users/daniel/input-representation-benchmark/outputs/runs/tokenized/mimiciv-3.1_meds_70-10-20/ventiles_5-10-5_fused_time_tokens_first_24h-tokenized/test/reg_ridge_regression-preds-checkpoint-37000.pkl,/gpfs/data/bbj-lab/users/daniel/input-representation-benchmark/outputs/runs/tokenized/mimiciv-3.1_meds_70-10-20/ventiles_5-10-5_fused_time_tokens_first_24h-tokenized/test/tokens_timelines_extended_outcomes.parquet
exp1_extended_regression,regression,max_dbp,ventiles_5_10_5_fused,rmse,False,10701,23.54397979112754,23.02774227595402,24.14864569935309,/gpfs/data/bbj-lab/users/daniel/input-representation-benchmark/outputs/runs/tokenized/mimiciv-3.1_meds_70-10-20/ventiles_5-10-5_fused_time_tokens_first_24h-tokenized/test/reg_ridge_regression-preds-checkpoint-37000.pkl,/gpfs/data/bbj-lab/users/daniel/input-representation-benchmark/outputs/runs/tokenized/mimiciv-3.1_meds_70-10-20/ventiles_5-10-5_fused_time_tokens_first_24h-tokenized/test/tokens_timelines_extended_outcomes.parquet
exp1_extended_regression,regression,max_dbp,trentiles_unfused,spearman_rho,True,10701,0.3634120438169006,0.3455550627978767,0.3800733056148942,/gpfs/data/bbj-lab/users/daniel/input-representation-benchmark/outputs/runs/tokenized/mimiciv-3.1_meds_70-10-20/trentiles_none_unfused_time_tokens_first_24h-tokenized/test/reg_ridge_regression-preds-checkpoint-37000.pkl,/gpfs/data/bbj-lab/users/daniel/input-representation-benchmark/outputs/runs/tokenized/mimiciv-3.1_meds_70-10-20/trentiles_none_unfused_time_tokens_first_24h-tokenized/test/tokens_timelines_extended_outcomes.parquet
exp1_extended_regression,regression,max_dbp,trentiles_unfused,r2,True,10701,0.1153886937374397,0.1013733789085045,0.1283356294598983,/gpfs/data/bbj-lab/users/daniel/input-representation-benchmark/outputs/runs/tokenized/mimiciv-3.1_meds_70-10-20/trentiles_none_unfused_time_tokens_first_24h-tokenized/test/reg_ridge_regression-preds-checkpoint-37000.pkl,/gpfs/data/bbj-lab/users/daniel/input-representation-benchmark/outputs/runs/tokenized/mimiciv-3.1_meds_70-10-20/trentiles_none_unfused_time_tokens_first_24h-tokenized/test/tokens_timelines_extended_outcomes.parquet
exp1_extended_regression,regression,max_dbp,trentiles_unfused,mae,False,10701,17.60168350064923,17.302509000110458,17.88543482340078,/gpfs/data/bbj-lab/users/daniel/input-representation-benchmark/outputs/runs/tokenized/mimiciv-3.1_meds_70-10-20/trentiles_none_unfused_time_tokens_first_24h-tokenized/test/reg_ridge_regression-preds-checkpoint-37000.pkl,/gpfs/data/bbj-lab/users/daniel/input-representation-benchmark/outputs/runs/tokenized/mimiciv-3.1_meds_70-10-20/trentiles_none_unfused_time_tokens_first_24h-tokenized/test/tokens_timelines_extended_outcomes.parquet
exp1_extended_regression,regression,max_dbp,trentiles_unfused,rmse,False,10701,23.68110183312652,23.13308536792533,24.269983801522088,/gpfs/data/bbj-lab/users/daniel/input-representation-benchmark/outputs/runs/tokenized/mimiciv-3.1_meds_70-10-20/trentiles_none_unfused_time_tokens_first_24h-tokenized/test/reg_ridge_regression-preds-checkpoint-37000.pkl,/gpfs/data/bbj-lab/users/daniel/input-representation-benchmark/outputs/runs/tokenized/mimiciv-3.1_meds_70-10-20/trentiles_none_unfused_time_tokens_first_24h-tokenized/test/tokens_timelines_extended_outcomes.parquet
exp1_extended_regression,regression,max_dbp,trentiles_fused,spearman_rho,True,10701,0.3801777202601906,0.362714208474776,0.3965565501975274,/gpfs/data/bbj-lab/users/daniel/input-representation-benchmark/outputs/runs/tokenized/mimiciv-3.1_meds_70-10-20/trentiles_none_fused_time_tokens_first_24h-tokenized/test/reg_ridge_regression-preds-checkpoint-37000.pkl,/gpfs/data/bbj-lab/users/daniel/input-representation-benchmark/outputs/runs/tokenized/mimiciv-3.1_meds_70-10-20/trentiles_none_fused_time_tokens_first_24h-tokenized/test/tokens_timelines_extended_outcomes.parquet
exp1_extended_regression,regression,max_dbp,trentiles_fused,r2,True,10701,0.1295504851844342,0.1156389646847585,0.1432173739748735,/gpfs/data/bbj-lab/users/daniel/input-representation-benchmark/outputs/runs/tokenized/mimiciv-3.1_meds_70-10-20/trentiles_none_fused_time_tokens_first_24h-tokenized/test/reg_ridge_regression-preds-checkpoint-37000.pkl,/gpfs/data/bbj-lab/users/daniel/input-representation-benchmark/outputs/runs/tokenized/mimiciv-3.1_meds_70-10-20/trentiles_none_fused_time_tokens_first_24h-tokenized/test/tokens_timelines_extended_outcomes.parquet
exp1_extended_regression,regression,max_dbp,trentiles_fused,mae,False,10701,17.441171606003962,17.15727889416472,17.73855629529151,/gpfs/data/bbj-lab/users/daniel/input-representation-benchmark/outputs/runs/tokenized/mimiciv-3.1_meds_70-10-20/trentiles_none_fused_time_tokens_first_24h-tokenized/test/reg_ridge_regression-preds-checkpoint-37000.pkl,/gpfs/data/bbj-lab/users/daniel/input-representation-benchmark/outputs/runs/tokenized/mimiciv-3.1_meds_70-10-20/trentiles_none_fused_time_tokens_first_24h-tokenized/test/tokens_timelines_extended_outcomes.parquet
exp1_extended_regression,regression,max_dbp,trentiles_fused,rmse,False,10701,23.49078100964972,22.96442311094416,24.07864411099032,/gpfs/data/bbj-lab/users/daniel/input-representation-benchmark/outputs/runs/tokenized/mimiciv-3.1_meds_70-10-20/trentiles_none_fused_time_tokens_first_24h-tokenized/test/reg_ridge_regression-preds-checkpoint-37000.pkl,/gpfs/data/bbj-lab/users/daniel/input-representation-benchmark/outputs/runs/tokenized/mimiciv-3.1_meds_70-10-20/trentiles_none_fused_time_tokens_first_24h-tokenized/test/tokens_timelines_extended_outcomes.parquet
exp1_extended_regression,regression,max_dbp,trentiles_10_10_10_unfused,spearman_rho,True,10701,0.3225526737022214,0.3042365174386841,0.3400119130256145,/gpfs/data/bbj-lab/users/daniel/input-representation-benchmark/outputs/runs/tokenized/mimiciv-3.1_meds_70-10-20/trentiles_10-10-10_unfused_time_tokens_first_24h-tokenized/test/reg_ridge_regression-preds-checkpoint-10000.pkl,/gpfs/data/bbj-lab/users/daniel/input-representation-benchmark/outputs/runs/tokenized/mimiciv-3.1_meds_70-10-20/trentiles_10-10-10_unfused_time_tokens_first_24h-tokenized/test/tokens_timelines_extended_outcomes.parquet
exp1_extended_regression,regression,max_dbp,trentiles_10_10_10_unfused,r2,True,10701,0.0909638204490197,0.0776933121259475,0.1040293416210978,/gpfs/data/bbj-lab/users/daniel/input-representation-benchmark/outputs/runs/tokenized/mimiciv-3.1_meds_70-10-20/trentiles_10-10-10_unfused_time_tokens_first_24h-tokenized/test/reg_ridge_regression-preds-checkpoint-10000.pkl,/gpfs/data/bbj-lab/users/daniel/input-representation-benchmark/outputs/runs/tokenized/mimiciv-3.1_meds_70-10-20/trentiles_10-10-10_unfused_time_tokens_first_24h-tokenized/test/tokens_timelines_extended_outcomes.parquet
exp1_extended_regression,regression,max_dbp,trentiles_10_10_10_unfused,mae,False,10701,17.937276899927113,17.63583783791008,18.22857191663278,/gpfs/data/bbj-lab/users/daniel/input-representation-benchmark/outputs/runs/tokenized/mimiciv-3.1_meds_70-10-20/trentiles_10-10-10_unfused_time_tokens_first_24h-tokenized/test/reg_ridge_regression-preds-checkpoint-10000.pkl,/gpfs/data/bbj-lab/users/daniel/input-representation-benchmark/outputs/runs/tokenized/mimiciv-3.1_meds_70-10-20/trentiles_10-10-10_unfused_time_tokens_first_24h-tokenized/test/tokens_timelines_extended_outcomes.parquet
exp1_extended_regression,regression,max_dbp,trentiles_10_10_10_unfused,rmse,False,10701,24.005803490028395,23.466939218126413,24.57748371787078,/gpfs/data/bbj-lab/users/daniel/input-representation-benchmark/outputs/runs/tokenized/mimiciv-3.1_meds_70-10-20/trentiles_10-10-10_unfused_time_tokens_first_24h-tokenized/test/reg_ridge_regression-preds-checkpoint-10000.pkl,/gpfs/data/bbj-lab/users/daniel/input-representation-benchmark/outputs/runs/tokenized/mimiciv-3.1_meds_70-10-20/trentiles_10-10-10_unfused_time_tokens_first_24h-tokenized/test/tokens_timelines_extended_outcomes.parquet
exp1_extended_regression,regression,max_dbp,trentiles_10_10_10_fused,spearman_rho,True,10701,0.3644988305428452,0.3483663702685234,0.3815476131056901,/gpfs/data/bbj-lab/users/daniel/input-representation-benchmark/outputs/runs/tokenized/mimiciv-3.1_meds_70-10-20/trentiles_10-10-10_fused_time_tokens_first_24h-tokenized/test/reg_ridge_regression-preds-checkpoint-37000.pkl,/gpfs/data/bbj-lab/users/daniel/input-representation-benchmark/outputs/runs/tokenized/mimiciv-3.1_meds_70-10-20/trentiles_10-10-10_fused_time_tokens_first_24h-tokenized/test/tokens_timelines_extended_outcomes.parquet
exp1_extended_regression,regression,max_dbp,trentiles_10_10_10_fused,r2,True,10701,0.1163074348645717,0.1029868701759424,0.1295291115625599,/gpfs/data/bbj-lab/users/daniel/input-representation-benchmark/outputs/runs/tokenized/mimiciv-3.1_meds_70-10-20/trentiles_10-10-10_fused_time_tokens_first_24h-tokenized/test/reg_ridge_regression-preds-checkpoint-37000.pkl,/gpfs/data/bbj-lab/users/daniel/input-representation-benchmark/outputs/runs/tokenized/mimiciv-3.1_meds_70-10-20/trentiles_10-10-10_fused_time_tokens_first_24h-tokenized/test/tokens_timelines_extended_outcomes.parquet
exp1_extended_regression,regression,max_dbp,trentiles_10_10_10_fused,mae,False,10701,17.630380611895955,17.354320292907385,17.94246401044302,/gpfs/data/bbj-lab/users/daniel/input-representation-benchmark/outputs/runs/tokenized/mimiciv-3.1_meds_70-10-20/trentiles_10-10-10_fused_time_tokens_first_24h-tokenized/test/reg_ridge_regression-preds-checkpoint-37000.pkl,/gpfs/data/bbj-lab/users/daniel/input-representation-benchmark/outputs/runs/tokenized/mimiciv-3.1_meds_70-10-20/trentiles_10-10-10_fused_time_tokens_first_24h-tokenized/test/tokens_timelines_extended_outcomes.parquet
exp1_extended_regression,regression,max_dbp,trentiles_10_10_10_fused,rmse,False,10701,23.668801258837306,23.135912594255487,24.273728573676035,/gpfs/data/bbj-lab/users/daniel/input-representation-benchmark/outputs/runs/tokenized/mimiciv-3.1_meds_70-10-20/trentiles_10-10-10_fused_time_tokens_first_24h-tokenized/test/reg_ridge_regression-preds-checkpoint-37000.pkl,/gpfs/data/bbj-lab/users/daniel/input-representation-benchmark/outputs/runs/tokenized/mimiciv-3.1_meds_70-10-20/trentiles_10-10-10_fused_time_tokens_first_24h-tokenized/test/tokens_timelines_extended_outcomes.parquet
exp1_extended_regression,regression,max_dbp,centiles_unfused,spearman_rho,True,10701,0.3552904976501759,0.3378123587122701,0.3727455723680561,/gpfs/data/bbj-lab/users/daniel/input-representation-benchmark/outputs/runs/tokenized/mimiciv-3.1_meds_70-10-20/centiles_none_unfused_time_tokens_first_24h-tokenized/test/reg_ridge_regression-preds-checkpoint-37000.pkl,/gpfs/data/bbj-lab/users/daniel/input-representation-benchmark/outputs/runs/tokenized/mimiciv-3.1_meds_70-10-20/centiles_none_unfused_time_tokens_first_24h-tokenized/test/tokens_timelines_extended_outcomes.parquet
exp1_extended_regression,regression,max_dbp,centiles_unfused,r2,True,10701,0.1105522264886831,0.0966740273255192,0.1232831667770209,/gpfs/data/bbj-lab/users/daniel/input-representation-benchmark/outputs/runs/tokenized/mimiciv-3.1_meds_70-10-20/centiles_none_unfused_time_tokens_first_24h-tokenized/test/reg_ridge_regression-preds-checkpoint-37000.pkl,/gpfs/data/bbj-lab/users/daniel/input-representation-benchmark/outputs/runs/tokenized/mimiciv-3.1_meds_70-10-20/centiles_none_unfused_time_tokens_first_24h-tokenized/test/tokens_timelines_extended_outcomes.parquet
exp1_extended_regression,regression,max_dbp,centiles_unfused,mae,False,10701,17.669097632653415,17.38358084857064,17.972991427656254,/gpfs/data/bbj-lab/users/daniel/input-representation-benchmark/outputs/runs/tokenized/mimiciv-3.1_meds_70-10-20/centiles_none_unfused_time_tokens_first_24h-tokenized/test/reg_ridge_regression-preds-checkpoint-37000.pkl,/gpfs/data/bbj-lab/users/daniel/input-representation-benchmark/outputs/runs/tokenized/mimiciv-3.1_meds_70-10-20/centiles_none_unfused_time_tokens_first_24h-tokenized/test/tokens_timelines_extended_outcomes.parquet
exp1_extended_regression,regression,max_dbp,centiles_unfused,rmse,False,10701,23.74574986084604,23.213026563427796,24.32276691860516,/gpfs/data/bbj-lab/users/daniel/input-representation-benchmark/outputs/runs/tokenized/mimiciv-3.1_meds_70-10-20/centiles_none_unfused_time_tokens_first_24h-tokenized/test/reg_ridge_regression-preds-checkpoint-37000.pkl,/gpfs/data/bbj-lab/users/daniel/input-representation-benchmark/outputs/runs/tokenized/mimiciv-3.1_meds_70-10-20/centiles_none_unfused_time_tokens_first_24h-tokenized/test/tokens_timelines_extended_outcomes.parquet
exp1_extended_regression,regression,max_dbp,centiles_fused,spearman_rho,True,10701,0.3787208603717502,0.3620932896101197,0.3951812264414297,/gpfs/data/bbj-lab/users/daniel/input-representation-benchmark/outputs/runs/tokenized/mimiciv-3.1_meds_70-10-20/centiles_none_fused_time_tokens_first_24h-tokenized/test/reg_ridge_regression-preds-checkpoint-16500.pkl,/gpfs/data/bbj-lab/users/daniel/input-representation-benchmark/outputs/runs/tokenized/mimiciv-3.1_meds_70-10-20/centiles_none_fused_time_tokens_first_24h-tokenized/test/tokens_timelines_extended_outcomes.parquet
exp1_extended_regression,regression,max_dbp,centiles_fused,r2,True,10701,0.1249321942243559,0.1111538266776017,0.1386721358429874,/gpfs/data/bbj-lab/users/daniel/input-representation-benchmark/outputs/runs/tokenized/mimiciv-3.1_meds_70-10-20/centiles_none_fused_time_tokens_first_24h-tokenized/test/reg_ridge_regression-preds-checkpoint-16500.pkl,/gpfs/data/bbj-lab/users/daniel/input-representation-benchmark/outputs/runs/tokenized/mimiciv-3.1_meds_70-10-20/centiles_none_fused_time_tokens_first_24h-tokenized/test/tokens_timelines_extended_outcomes.parquet
exp1_extended_regression,regression,max_dbp,centiles_fused,mae,False,10701,17.50771750777307,17.224424734323716,17.809911160701446,/gpfs/data/bbj-lab/users/daniel/input-representation-benchmark/outputs/runs/tokenized/mimiciv-3.1_meds_70-10-20/centiles_none_fused_time_tokens_first_24h-tokenized/test/reg_ridge_regression-preds-checkpoint-16500.pkl,/gpfs/data/bbj-lab/users/daniel/input-representation-benchmark/outputs/runs/tokenized/mimiciv-3.1_meds_70-10-20/centiles_none_fused_time_tokens_first_24h-tokenized/test/tokens_timelines_extended_outcomes.parquet
exp1_extended_regression,regression,max_dbp,centiles_fused,rmse,False,10701,23.55301537341817,23.0246866247747,24.16439799591195,/gpfs/data/bbj-lab/users/daniel/input-representation-benchmark/outputs/runs/tokenized/mimiciv-3.1_meds_70-10-20/centiles_none_fused_time_tokens_first_24h-tokenized/test/reg_ridge_regression-preds-checkpoint-16500.pkl,/gpfs/data/bbj-lab/users/daniel/input-representation-benchmark/outputs/runs/tokenized/mimiciv-3.1_meds_70-10-20/centiles_none_fused_time_tokens_first_24h-tokenized/test/tokens_timelines_extended_outcomes.parquet
exp1_extended_regression,regression,max_heart_rate,deciles_unfused,spearman_rho,True,10735,0.4129764267337093,0.3971713383667921,0.4285584669980383,/gpfs/data/bbj-lab/users/daniel/input-representation-benchmark/outputs/runs/tokenized/mimiciv-3.1_meds_70-10-20/deciles_none_unfused_time_tokens_first_24h-tokenized/test/reg_ridge_regression-preds-checkpoint-10000.pkl,/gpfs/data/bbj-lab/users/daniel/input-representation-benchmark/outputs/runs/tokenized/mimiciv-3.1_meds_70-10-20/deciles_none_unfused_time_tokens_first_24h-tokenized/test/tokens_timelines_extended_outcomes.parquet
exp1_extended_regression,regression,max_heart_rate,deciles_unfused,r2,True,10735,0.157159016599352,0.1430718018763555,0.1711990894727051,/gpfs/data/bbj-lab/users/daniel/input-representation-benchmark/outputs/runs/tokenized/mimiciv-3.1_meds_70-10-20/deciles_none_unfused_time_tokens_first_24h-tokenized/test/reg_ridge_regression-preds-checkpoint-10000.pkl,/gpfs/data/bbj-lab/users/daniel/input-representation-benchmark/outputs/runs/tokenized/mimiciv-3.1_meds_70-10-20/deciles_none_unfused_time_tokens_first_24h-tokenized/test/tokens_timelines_extended_outcomes.parquet
exp1_extended_regression,regression,max_heart_rate,deciles_unfused,mae,False,10735,17.308139109491783,17.039067512427632,17.57327252014879,/gpfs/data/bbj-lab/users/daniel/input-representation-benchmark/outputs/runs/tokenized/mimiciv-3.1_meds_70-10-20/deciles_none_unfused_time_tokens_first_24h-tokenized/test/reg_ridge_regression-preds-checkpoint-10000.pkl,/gpfs/data/bbj-lab/users/daniel/input-representation-benchmark/outputs/runs/tokenized/mimiciv-3.1_meds_70-10-20/deciles_none_unfused_time_tokens_first_24h-tokenized/test/tokens_timelines_extended_outcomes.parquet
exp1_extended_regression,regression,max_heart_rate,deciles_unfused,rmse,False,10735,22.43379519107964,22.03582905065602,22.820123763315067,/gpfs/data/bbj-lab/users/daniel/input-representation-benchmark/outputs/runs/tokenized/mimiciv-3.1_meds_70-10-20/deciles_none_unfused_time_tokens_first_24h-tokenized/test/reg_ridge_regression-preds-checkpoint-10000.pkl,/gpfs/data/bbj-lab/users/daniel/input-representation-benchmark/outputs/runs/tokenized/mimiciv-3.1_meds_70-10-20/deciles_none_unfused_time_tokens_first_24h-tokenized/test/tokens_timelines_extended_outcomes.parquet
exp1_extended_regression,regression,max_heart_rate,deciles_fused,spearman_rho,True,10735,0.5739588732865982,0.5594805001900456,0.5879544906769939,/gpfs/data/bbj-lab/users/daniel/input-representation-benchmark/outputs/runs/tokenized/mimiciv-3.1_meds_70-10-20/deciles_none_fused_time_tokens_first_24h-tokenized/test/reg_ridge_regression-preds-checkpoint-17000.pkl,/gpfs/data/bbj-lab/users/daniel/input-representation-benchmark/outputs/runs/tokenized/mimiciv-3.1_meds_70-10-20/deciles_none_fused_time_tokens_first_24h-tokenized/test/tokens_timelines_extended_outcomes.parquet
exp1_extended_regression,regression,max_heart_rate,deciles_fused,r2,True,10735,0.2999270104696472,0.2832574246710605,0.3151116857187315,/gpfs/data/bbj-lab/users/daniel/input-representation-benchmark/outputs/runs/tokenized/mimiciv-3.1_meds_70-10-20/deciles_none_fused_time_tokens_first_24h-tokenized/test/reg_ridge_regression-preds-checkpoint-17000.pkl,/gpfs/data/bbj-lab/users/daniel/input-representation-benchmark/outputs/runs/tokenized/mimiciv-3.1_meds_70-10-20/deciles_none_fused_time_tokens_first_24h-tokenized/test/tokens_timelines_extended_outcomes.parquet
exp1_extended_regression,regression,max_heart_rate,deciles_fused,mae,False,10735,15.318843043530432,15.081547237285312,15.573836574508675,/gpfs/data/bbj-lab/users/daniel/input-representation-benchmark/outputs/runs/tokenized/mimiciv-3.1_meds_70-10-20/deciles_none_fused_time_tokens_first_24h-tokenized/test/reg_ridge_regression-preds-checkpoint-17000.pkl,/gpfs/data/bbj-lab/users/daniel/input-representation-benchmark/outputs/runs/tokenized/mimiciv-3.1_meds_70-10-20/deciles_none_fused_time_tokens_first_24h-tokenized/test/tokens_timelines_extended_outcomes.parquet
exp1_extended_regression,regression,max_heart_rate,deciles_fused,rmse,False,10735,20.44568140108859,20.05380559789185,20.859477400296825,/gpfs/data/bbj-lab/users/daniel/input-representation-benchmark/outputs/runs/tokenized/mimiciv-3.1_meds_70-10-20/deciles_none_fused_time_tokens_first_24h-tokenized/test/reg_ridge_regression-preds-checkpoint-17000.pkl,/gpfs/data/bbj-lab/users/daniel/input-representation-benchmark/outputs/runs/tokenized/mimiciv-3.1_meds_70-10-20/deciles_none_fused_time_tokens_first_24h-tokenized/test/tokens_timelines_extended_outcomes.parquet
exp1_extended_regression,regression,max_heart_rate,ventiles_unfused,spearman_rho,True,10735,0.4491378758015538,0.4344999442835229,0.4651815705673083,/gpfs/data/bbj-lab/users/daniel/input-representation-benchmark/outputs/runs/tokenized/mimiciv-3.1_meds_70-10-20/ventiles_none_unfused_time_tokens_first_24h-tokenized/test/reg_ridge_regression-preds-checkpoint-37000.pkl,/gpfs/data/bbj-lab/users/daniel/input-representation-benchmark/outputs/runs/tokenized/mimiciv-3.1_meds_70-10-20/ventiles_none_unfused_time_tokens_first_24h-tokenized/test/tokens_timelines_extended_outcomes.parquet
exp1_extended_regression,regression,max_heart_rate,ventiles_unfused,r2,True,10735,0.1874056729923107,0.173322525867103,0.2022721789880095,/gpfs/data/bbj-lab/users/daniel/input-representation-benchmark/outputs/runs/tokenized/mimiciv-3.1_meds_70-10-20/ventiles_none_unfused_time_tokens_first_24h-tokenized/test/reg_ridge_regression-preds-checkpoint-37000.pkl,/gpfs/data/bbj-lab/users/daniel/input-representation-benchmark/outputs/runs/tokenized/mimiciv-3.1_meds_70-10-20/ventiles_none_unfused_time_tokens_first_24h-tokenized/test/tokens_timelines_extended_outcomes.parquet
exp1_extended_regression,regression,max_heart_rate,ventiles_unfused,mae,False,10735,16.92108242468124,16.64374316716604,17.189128633524856,/gpfs/data/bbj-lab/users/daniel/input-representation-benchmark/outputs/runs/tokenized/mimiciv-3.1_meds_70-10-20/ventiles_none_unfused_time_tokens_first_24h-tokenized/test/reg_ridge_regression-preds-checkpoint-37000.pkl,/gpfs/data/bbj-lab/users/daniel/input-representation-benchmark/outputs/runs/tokenized/mimiciv-3.1_meds_70-10-20/ventiles_none_unfused_time_tokens_first_24h-tokenized/test/tokens_timelines_extended_outcomes.parquet
exp1_extended_regression,regression,max_heart_rate,ventiles_unfused,rmse,False,10735,22.027581720795915,21.622351713364598,22.426624054444524,/gpfs/data/bbj-lab/users/daniel/input-representation-benchmark/outputs/runs/tokenized/mimiciv-3.1_meds_70-10-20/ventiles_none_unfused_time_tokens_first_24h-tokenized/test/reg_ridge_regression-preds-checkpoint-37000.pkl,/gpfs/data/bbj-lab/users/daniel/input-representation-benchmark/outputs/runs/tokenized/mimiciv-3.1_meds_70-10-20/ventiles_none_unfused_time_tokens_first_24h-tokenized/test/tokens_timelines_extended_outcomes.parquet
exp1_extended_regression,regression,max_heart_rate,ventiles_fused,spearman_rho,True,10735,0.5753629806043208,0.5609215511724641,0.5886710056909268,/gpfs/data/bbj-lab/users/daniel/input-representation-benchmark/outputs/runs/tokenized/mimiciv-3.1_meds_70-10-20/ventiles_none_fused_time_tokens_first_24h-tokenized/test/reg_ridge_regression-preds-checkpoint-37000.pkl,/gpfs/data/bbj-lab/users/daniel/input-representation-benchmark/outputs/runs/tokenized/mimiciv-3.1_meds_70-10-20/ventiles_none_fused_time_tokens_first_24h-tokenized/test/tokens_timelines_extended_outcomes.parquet
exp1_extended_regression,regression,max_heart_rate,ventiles_fused,r2,True,10735,0.2988981554780461,0.2814091638050979,0.3145523429763371,/gpfs/data/bbj-lab/users/daniel/input-representation-benchmark/outputs/runs/tokenized/mimiciv-3.1_meds_70-10-20/ventiles_none_fused_time_tokens_first_24h-tokenized/test/reg_ridge_regression-preds-checkpoint-37000.pkl,/gpfs/data/bbj-lab/users/daniel/input-representation-benchmark/outputs/runs/tokenized/mimiciv-3.1_meds_70-10-20/ventiles_none_fused_time_tokens_first_24h-tokenized/test/tokens_timelines_extended_outcomes.parquet
exp1_extended_regression,regression,max_heart_rate,ventiles_fused,mae,False,10735,15.359521591980709,15.106391746857351,15.62567944169677,/gpfs/data/bbj-lab/users/daniel/input-representation-benchmark/outputs/runs/tokenized/mimiciv-3.1_meds_70-10-20/ventiles_none_fused_time_tokens_first_24h-tokenized/test/reg_ridge_regression-preds-checkpoint-37000.pkl,/gpfs/data/bbj-lab/users/daniel/input-representation-benchmark/outputs/runs/tokenized/mimiciv-3.1_meds_70-10-20/ventiles_none_fused_time_tokens_first_24h-tokenized/test/tokens_timelines_extended_outcomes.parquet
exp1_extended_regression,regression,max_heart_rate,ventiles_fused,rmse,False,10735,20.460699776780658,20.056638709821843,20.89382487747593,/gpfs/data/bbj-lab/users/daniel/input-representation-benchmark/outputs/runs/tokenized/mimiciv-3.1_meds_70-10-20/ventiles_none_fused_time_tokens_first_24h-tokenized/test/reg_ridge_regression-preds-checkpoint-37000.pkl,/gpfs/data/bbj-lab/users/daniel/input-representation-benchmark/outputs/runs/tokenized/mimiciv-3.1_meds_70-10-20/ventiles_none_fused_time_tokens_first_24h-tokenized/test/tokens_timelines_extended_outcomes.parquet
exp1_extended_regression,regression,max_heart_rate,ventiles_5_10_5_unfused,spearman_rho,True,10735,0.4615129193216349,0.446582447535225,0.4768527715493112,/gpfs/data/bbj-lab/users/daniel/input-representation-benchmark/outputs/runs/tokenized/mimiciv-3.1_meds_70-10-20/ventiles_5-10-5_unfused_time_tokens_first_24h-tokenized/test/reg_ridge_regression-preds-checkpoint-37000.pkl,/gpfs/data/bbj-lab/users/daniel/input-representation-benchmark/outputs/runs/tokenized/mimiciv-3.1_meds_70-10-20/ventiles_5-10-5_unfused_time_tokens_first_24h-tokenized/test/tokens_timelines_extended_outcomes.parquet
exp1_extended_regression,regression,max_heart_rate,ventiles_5_10_5_unfused,r2,True,10735,0.1953794904880952,0.1813881389736636,0.2102144422253423,/gpfs/data/bbj-lab/users/daniel/input-representation-benchmark/outputs/runs/tokenized/mimiciv-3.1_meds_70-10-20/ventiles_5-10-5_unfused_time_tokens_first_24h-tokenized/test/reg_ridge_regression-preds-checkpoint-37000.pkl,/gpfs/data/bbj-lab/users/daniel/input-representation-benchmark/outputs/runs/tokenized/mimiciv-3.1_meds_70-10-20/ventiles_5-10-5_unfused_time_tokens_first_24h-tokenized/test/tokens_timelines_extended_outcomes.parquet
exp1_extended_regression,regression,max_heart_rate,ventiles_5_10_5_unfused,mae,False,10735,16.847261608512156,16.571909044604418,17.092351092428878,/gpfs/data/bbj-lab/users/daniel/input-representation-benchmark/outputs/runs/tokenized/mimiciv-3.1_meds_70-10-20/ventiles_5-10-5_unfused_time_tokens_first_24h-tokenized/test/reg_ridge_regression-preds-checkpoint-37000.pkl,/gpfs/data/bbj-lab/users/daniel/input-representation-benchmark/outputs/runs/tokenized/mimiciv-3.1_meds_70-10-20/ventiles_5-10-5_unfused_time_tokens_first_24h-tokenized/test/tokens_timelines_extended_outcomes.parquet
exp1_extended_regression,regression,max_heart_rate,ventiles_5_10_5_unfused,rmse,False,10735,21.919239263158307,21.51321546118471,22.30360942896236,/gpfs/data/bbj-lab/users/daniel/input-representation-benchmark/outputs/runs/tokenized/mimiciv-3.1_meds_70-10-20/ventiles_5-10-5_unfused_time_tokens_first_24h-tokenized/test/reg_ridge_regression-preds-checkpoint-37000.pkl,/gpfs/data/bbj-lab/users/daniel/input-representation-benchmark/outputs/runs/tokenized/mimiciv-3.1_meds_70-10-20/ventiles_5-10-5_unfused_time_tokens_first_24h-tokenized/test/tokens_timelines_extended_outcomes.parquet
exp1_extended_regression,regression,max_heart_rate,ventiles_5_10_5_fused,spearman_rho,True,10735,0.5747652078862829,0.5602132510231073,0.587911152345652,/gpfs/data/bbj-lab/users/daniel/input-representation-benchmark/outputs/runs/tokenized/mimiciv-3.1_meds_70-10-20/ventiles_5-10-5_fused_time_tokens_first_24h-tokenized/test/reg_ridge_regression-preds-checkpoint-37000.pkl,/gpfs/data/bbj-lab/users/daniel/input-representation-benchmark/outputs/runs/tokenized/mimiciv-3.1_meds_70-10-20/ventiles_5-10-5_fused_time_tokens_first_24h-tokenized/test/tokens_timelines_extended_outcomes.parquet
exp1_extended_regression,regression,max_heart_rate,ventiles_5_10_5_fused,r2,True,10735,0.2972156964989767,0.2801393162784163,0.3132752517311307,/gpfs/data/bbj-lab/users/daniel/input-representation-benchmark/outputs/runs/tokenized/mimiciv-3.1_meds_70-10-20/ventiles_5-10-5_fused_time_tokens_first_24h-tokenized/test/reg_ridge_regression-preds-checkpoint-37000.pkl,/gpfs/data/bbj-lab/users/daniel/input-representation-benchmark/outputs/runs/tokenized/mimiciv-3.1_meds_70-10-20/ventiles_5-10-5_fused_time_tokens_first_24h-tokenized/test/tokens_timelines_extended_outcomes.parquet
exp1_extended_regression,regression,max_heart_rate,ventiles_5_10_5_fused,mae,False,10735,15.30736156338824,15.0531112336238,15.561334641849774,/gpfs/data/bbj-lab/users/daniel/input-representation-benchmark/outputs/runs/tokenized/mimiciv-3.1_meds_70-10-20/ventiles_5-10-5_fused_time_tokens_first_24h-tokenized/test/reg_ridge_regression-preds-checkpoint-37000.pkl,/gpfs/data/bbj-lab/users/daniel/input-representation-benchmark/outputs/runs/tokenized/mimiciv-3.1_meds_70-10-20/ventiles_5-10-5_fused_time_tokens_first_24h-tokenized/test/tokens_timelines_extended_outcomes.parquet
exp1_extended_regression,regression,max_heart_rate,ventiles_5_10_5_fused,rmse,False,10735,20.485235199681604,20.08554459478052,20.91751256342397,/gpfs/data/bbj-lab/users/daniel/input-representation-benchmark/outputs/runs/tokenized/mimiciv-3.1_meds_70-10-20/ventiles_5-10-5_fused_time_tokens_first_24h-tokenized/test/reg_ridge_regression-preds-checkpoint-37000.pkl,/gpfs/data/bbj-lab/users/daniel/input-representation-benchmark/outputs/runs/tokenized/mimiciv-3.1_meds_70-10-20/ventiles_5-10-5_fused_time_tokens_first_24h-tokenized/test/tokens_timelines_extended_outcomes.parquet
exp1_extended_regression,regression,max_heart_rate,trentiles_unfused,spearman_rho,True,10735,0.4490197342110049,0.4339960875969002,0.464361777512391,/gpfs/data/bbj-lab/users/daniel/input-representation-benchmark/outputs/runs/tokenized/mimiciv-3.1_meds_70-10-20/trentiles_none_unfused_time_tokens_first_24h-tokenized/test/reg_ridge_regression-preds-checkpoint-37000.pkl,/gpfs/data/bbj-lab/users/daniel/input-representation-benchmark/outputs/runs/tokenized/mimiciv-3.1_meds_70-10-20/trentiles_none_unfused_time_tokens_first_24h-tokenized/test/tokens_timelines_extended_outcomes.parquet
exp1_extended_regression,regression,max_heart_rate,trentiles_unfused,r2,True,10735,0.1882942338114773,0.1740517109675107,0.2028155057097008,/gpfs/data/bbj-lab/users/daniel/input-representation-benchmark/outputs/runs/tokenized/mimiciv-3.1_meds_70-10-20/trentiles_none_unfused_time_tokens_first_24h-tokenized/test/reg_ridge_regression-preds-checkpoint-37000.pkl,/gpfs/data/bbj-lab/users/daniel/input-representation-benchmark/outputs/runs/tokenized/mimiciv-3.1_meds_70-10-20/trentiles_none_unfused_time_tokens_first_24h-tokenized/test/tokens_timelines_extended_outcomes.parquet
exp1_extended_regression,regression,max_heart_rate,trentiles_unfused,mae,False,10735,16.96793230099683,16.701894172364344,17.227810095186165,/gpfs/data/bbj-lab/users/daniel/input-representation-benchmark/outputs/runs/tokenized/mimiciv-3.1_meds_70-10-20/trentiles_none_unfused_time_tokens_first_24h-tokenized/test/reg_ridge_regression-preds-checkpoint-37000.pkl,/gpfs/data/bbj-lab/users/daniel/input-representation-benchmark/outputs/runs/tokenized/mimiciv-3.1_meds_70-10-20/trentiles_none_unfused_time_tokens_first_24h-tokenized/test/tokens_timelines_extended_outcomes.parquet
exp1_extended_regression,regression,max_heart_rate,trentiles_unfused,rmse,False,10735,22.015534996498868,21.617948633353446,22.412731970726483,/gpfs/data/bbj-lab/users/daniel/input-representation-benchmark/outputs/runs/tokenized/mimiciv-3.1_meds_70-10-20/trentiles_none_unfused_time_tokens_first_24h-tokenized/test/reg_ridge_regression-preds-checkpoint-37000.pkl,/gpfs/data/bbj-lab/users/daniel/input-representation-benchmark/outputs/runs/tokenized/mimiciv-3.1_meds_70-10-20/trentiles_none_unfused_time_tokens_first_24h-tokenized/test/tokens_timelines_extended_outcomes.parquet
exp1_extended_regression,regression,max_heart_rate,trentiles_fused,spearman_rho,True,10735,0.5714329644530685,0.5565703579896385,0.5849768404717129,/gpfs/data/bbj-lab/users/daniel/input-representation-benchmark/outputs/runs/tokenized/mimiciv-3.1_meds_70-10-20/trentiles_none_fused_time_tokens_first_24h-tokenized/test/reg_ridge_regression-preds-checkpoint-37000.pkl,/gpfs/data/bbj-lab/users/daniel/input-representation-benchmark/outputs/runs/tokenized/mimiciv-3.1_meds_70-10-20/trentiles_none_fused_time_tokens_first_24h-tokenized/test/tokens_timelines_extended_outcomes.parquet
exp1_extended_regression,regression,max_heart_rate,trentiles_fused,r2,True,10735,0.2980844335026535,0.2809027465396824,0.3137309235775612,/gpfs/data/bbj-lab/users/daniel/input-representation-benchmark/outputs/runs/tokenized/mimiciv-3.1_meds_70-10-20/trentiles_none_fused_time_tokens_first_24h-tokenized/test/reg_ridge_regression-preds-checkpoint-37000.pkl,/gpfs/data/bbj-lab/users/daniel/input-representation-benchmark/outputs/runs/tokenized/mimiciv-3.1_meds_70-10-20/trentiles_none_fused_time_tokens_first_24h-tokenized/test/tokens_timelines_extended_outcomes.parquet
exp1_extended_regression,regression,max_heart_rate,trentiles_fused,mae,False,10735,15.379842434419494,15.143005926153648,15.64136258187964,/gpfs/data/bbj-lab/users/daniel/input-representation-benchmark/outputs/runs/tokenized/mimiciv-3.1_meds_70-10-20/trentiles_none_fused_time_tokens_first_24h-tokenized/test/reg_ridge_regression-preds-checkpoint-37000.pkl,/gpfs/data/bbj-lab/users/daniel/input-representation-benchmark/outputs/runs/tokenized/mimiciv-3.1_meds_70-10-20/trentiles_none_fused_time_tokens_first_24h-tokenized/test/tokens_timelines_extended_outcomes.parquet
exp1_extended_regression,regression,max_heart_rate,trentiles_fused,rmse,False,10735,20.4725700157721,20.07826682367057,20.9008339171643,/gpfs/data/bbj-lab/users/daniel/input-representation-benchmark/outputs/runs/tokenized/mimiciv-3.1_meds_70-10-20/trentiles_none_fused_time_tokens_first_24h-tokenized/test/reg_ridge_regression-preds-checkpoint-37000.pkl,/gpfs/data/bbj-lab/users/daniel/input-representation-benchmark/outputs/runs/tokenized/mimiciv-3.1_meds_70-10-20/trentiles_none_fused_time_tokens_first_24h-tokenized/test/tokens_timelines_extended_outcomes.parquet
exp1_extended_regression,regression,max_heart_rate,trentiles_10_10_10_unfused,spearman_rho,True,10735,0.4148815111392422,0.3988598566489603,0.4307110336033473,/gpfs/data/bbj-lab/users/daniel/input-representation-benchmark/outputs/runs/tokenized/mimiciv-3.1_meds_70-10-20/trentiles_10-10-10_unfused_time_tokens_first_24h-tokenized/test/reg_ridge_regression-preds-checkpoint-10000.pkl,/gpfs/data/bbj-lab/users/daniel/input-representation-benchmark/outputs/runs/tokenized/mimiciv-3.1_meds_70-10-20/trentiles_10-10-10_unfused_time_tokens_first_24h-tokenized/test/tokens_timelines_extended_outcomes.parquet
exp1_extended_regression,regression,max_heart_rate,trentiles_10_10_10_unfused,r2,True,10735,0.1588985635481524,0.1446289352408847,0.1727956884268944,/gpfs/data/bbj-lab/users/daniel/input-representation-benchmark/outputs/runs/tokenized/mimiciv-3.1_meds_70-10-20/trentiles_10-10-10_unfused_time_tokens_first_24h-tokenized/test/reg_ridge_regression-preds-checkpoint-10000.pkl,/gpfs/data/bbj-lab/users/daniel/input-representation-benchmark/outputs/runs/tokenized/mimiciv-3.1_meds_70-10-20/trentiles_10-10-10_unfused_time_tokens_first_24h-tokenized/test/tokens_timelines_extended_outcomes.parquet
exp1_extended_regression,regression,max_heart_rate,trentiles_10_10_10_unfused,mae,False,10735,17.28485465303106,17.008098356931534,17.54994853685123,/gpfs/data/bbj-lab/users/daniel/input-representation-benchmark/outputs/runs/tokenized/mimiciv-3.1_meds_70-10-20/trentiles_10-10-10_unfused_time_tokens_first_24h-tokenized/test/reg_ridge_regression-preds-checkpoint-10000.pkl,/gpfs/data/bbj-lab/users/daniel/input-representation-benchmark/outputs/runs/tokenized/mimiciv-3.1_meds_70-10-20/trentiles_10-10-10_unfused_time_tokens_first_24h-tokenized/test/tokens_timelines_extended_outcomes.parquet
exp1_extended_regression,regression,max_heart_rate,trentiles_10_10_10_unfused,rmse,False,10735,22.410632579522723,21.99837820939798,22.809984965199536,/gpfs/data/bbj-lab/users/daniel/input-representation-benchmark/outputs/runs/tokenized/mimiciv-3.1_meds_70-10-20/trentiles_10-10-10_unfused_time_tokens_first_24h-tokenized/test/reg_ridge_regression-preds-checkpoint-10000.pkl,/gpfs/data/bbj-lab/users/daniel/input-representation-benchmark/outputs/runs/tokenized/mimiciv-3.1_meds_70-10-20/trentiles_10-10-10_unfused_time_tokens_first_24h-tokenized/test/tokens_timelines_extended_outcomes.parquet
exp1_extended_regression,regression,max_heart_rate,trentiles_10_10_10_fused,spearman_rho,True,10735,0.562740271900926,0.5485937593764671,0.5761492682363426,/gpfs/data/bbj-lab/users/daniel/input-representation-benchmark/outputs/runs/tokenized/mimiciv-3.1_meds_70-10-20/trentiles_10-10-10_fused_time_tokens_first_24h-tokenized/test/reg_ridge_regression-preds-checkpoint-37000.pkl,/gpfs/data/bbj-lab/users/daniel/input-representation-benchmark/outputs/runs/tokenized/mimiciv-3.1_meds_70-10-20/trentiles_10-10-10_fused_time_tokens_first_24h-tokenized/test/tokens_timelines_extended_outcomes.parquet
exp1_extended_regression,regression,max_heart_rate,trentiles_10_10_10_fused,r2,True,10735,0.2882836501411658,0.2719901602890437,0.3039498406098179,/gpfs/data/bbj-lab/users/daniel/input-representation-benchmark/outputs/runs/tokenized/mimiciv-3.1_meds_70-10-20/trentiles_10-10-10_fused_time_tokens_first_24h-tokenized/test/reg_ridge_regression-preds-checkpoint-37000.pkl,/gpfs/data/bbj-lab/users/daniel/input-representation-benchmark/outputs/runs/tokenized/mimiciv-3.1_meds_70-10-20/trentiles_10-10-10_fused_time_tokens_first_24h-tokenized/test/tokens_timelines_extended_outcomes.parquet
exp1_extended_regression,regression,max_heart_rate,trentiles_10_10_10_fused,mae,False,10735,15.509925175277637,15.256837134387045,15.76777552758015,/gpfs/data/bbj-lab/users/daniel/input-representation-benchmark/outputs/runs/tokenized/mimiciv-3.1_meds_70-10-20/trentiles_10-10-10_fused_time_tokens_first_24h-tokenized/test/reg_ridge_regression-preds-checkpoint-37000.pkl,/gpfs/data/bbj-lab/users/daniel/input-representation-benchmark/outputs/runs/tokenized/mimiciv-3.1_meds_70-10-20/trentiles_10-10-10_fused_time_tokens_first_24h-tokenized/test/tokens_timelines_extended_outcomes.parquet
exp1_extended_regression,regression,max_heart_rate,trentiles_10_10_10_fused,rmse,False,10735,20.61500286379632,20.223620060311276,21.04223980463776,/gpfs/data/bbj-lab/users/daniel/input-representation-benchmark/outputs/runs/tokenized/mimiciv-3.1_meds_70-10-20/trentiles_10-10-10_fused_time_tokens_first_24h-tokenized/test/reg_ridge_regression-preds-checkpoint-37000.pkl,/gpfs/data/bbj-lab/users/daniel/input-representation-benchmark/outputs/runs/tokenized/mimiciv-3.1_meds_70-10-20/trentiles_10-10-10_fused_time_tokens_first_24h-tokenized/test/tokens_timelines_extended_outcomes.parquet
exp1_extended_regression,regression,max_heart_rate,centiles_unfused,spearman_rho,True,10735,0.4629352970354401,0.4478524986735108,0.4783977011908295,/gpfs/data/bbj-lab/users/daniel/input-representation-benchmark/outputs/runs/tokenized/mimiciv-3.1_meds_70-10-20/centiles_none_unfused_time_tokens_first_24h-tokenized/test/reg_ridge_regression-preds-checkpoint-37000.pkl,/gpfs/data/bbj-lab/users/daniel/input-representation-benchmark/outputs/runs/tokenized/mimiciv-3.1_meds_70-10-20/centiles_none_unfused_time_tokens_first_24h-tokenized/test/tokens_timelines_extended_outcomes.parquet
exp1_extended_regression,regression,max_heart_rate,centiles_unfused,r2,True,10735,0.1952651198505981,0.1801137923473981,0.2100936741530156,/gpfs/data/bbj-lab/users/daniel/input-representation-benchmark/outputs/runs/tokenized/mimiciv-3.1_meds_70-10-20/centiles_none_unfused_time_tokens_first_24h-tokenized/test/reg_ridge_regression-preds-checkpoint-37000.pkl,/gpfs/data/bbj-lab/users/daniel/input-representation-benchmark/outputs/runs/tokenized/mimiciv-3.1_meds_70-10-20/centiles_none_unfused_time_tokens_first_24h-tokenized/test/tokens_timelines_extended_outcomes.parquet
exp1_extended_regression,regression,max_heart_rate,centiles_unfused,mae,False,10735,16.812951378917916,16.543979652172517,17.07939822258924,/gpfs/data/bbj-lab/users/daniel/input-representation-benchmark/outputs/runs/tokenized/mimiciv-3.1_meds_70-10-20/centiles_none_unfused_time_tokens_first_24h-tokenized/test/reg_ridge_regression-preds-checkpoint-37000.pkl,/gpfs/data/bbj-lab/users/daniel/input-representation-benchmark/outputs/runs/tokenized/mimiciv-3.1_meds_70-10-20/centiles_none_unfused_time_tokens_first_24h-tokenized/test/tokens_timelines_extended_outcomes.parquet
exp1_extended_regression,regression,max_heart_rate,centiles_unfused,rmse,False,10735,21.92079703372213,21.50793267636545,22.3273947903529,/gpfs/data/bbj-lab/users/daniel/input-representation-benchmark/outputs/runs/tokenized/mimiciv-3.1_meds_70-10-20/centiles_none_unfused_time_tokens_first_24h-tokenized/test/reg_ridge_regression-preds-checkpoint-37000.pkl,/gpfs/data/bbj-lab/users/daniel/input-representation-benchmark/outputs/runs/tokenized/mimiciv-3.1_meds_70-10-20/centiles_none_unfused_time_tokens_first_24h-tokenized/test/tokens_timelines_extended_outcomes.parquet
exp1_extended_regression,regression,max_heart_rate,centiles_fused,spearman_rho,True,10735,0.5666215685089782,0.5518003379258615,0.5803816737209201,/gpfs/data/bbj-lab/users/daniel/input-representation-benchmark/outputs/runs/tokenized/mimiciv-3.1_meds_70-10-20/centiles_none_fused_time_tokens_first_24h-tokenized/test/reg_ridge_regression-preds-checkpoint-16500.pkl,/gpfs/data/bbj-lab/users/daniel/input-representation-benchmark/outputs/runs/tokenized/mimiciv-3.1_meds_70-10-20/centiles_none_fused_time_tokens_first_24h-tokenized/test/tokens_timelines_extended_outcomes.parquet
exp1_extended_regression,regression,max_heart_rate,centiles_fused,r2,True,10735,0.2929062407907568,0.2759904208021382,0.3089509565189455,/gpfs/data/bbj-lab/users/daniel/input-representation-benchmark/outputs/runs/tokenized/mimiciv-3.1_meds_70-10-20/centiles_none_fused_time_tokens_first_24h-tokenized/test/reg_ridge_regression-preds-checkpoint-16500.pkl,/gpfs/data/bbj-lab/users/daniel/input-representation-benchmark/outputs/runs/tokenized/mimiciv-3.1_meds_70-10-20/centiles_none_fused_time_tokens_first_24h-tokenized/test/tokens_timelines_extended_outcomes.parquet
exp1_extended_regression,regression,max_heart_rate,centiles_fused,mae,False,10735,15.379418611608036,15.135927011944672,15.63312552458897,/gpfs/data/bbj-lab/users/daniel/input-representation-benchmark/outputs/runs/tokenized/mimiciv-3.1_meds_70-10-20/centiles_none_fused_time_tokens_first_24h-tokenized/test/reg_ridge_regression-preds-checkpoint-16500.pkl,/gpfs/data/bbj-lab/users/daniel/input-representation-benchmark/outputs/runs/tokenized/mimiciv-3.1_meds_70-10-20/centiles_none_fused_time_tokens_first_24h-tokenized/test/tokens_timelines_extended_outcomes.parquet
exp1_extended_regression,regression,max_heart_rate,centiles_fused,rmse,False,10735,20.547946684313928,20.16588728782217,20.97018993339857,/gpfs/data/bbj-lab/users/daniel/input-representation-benchmark/outputs/runs/tokenized/mimiciv-3.1_meds_70-10-20/centiles_none_fused_time_tokens_first_24h-tokenized/test/reg_ridge_regression-preds-checkpoint-16500.pkl,/gpfs/data/bbj-lab/users/daniel/input-representation-benchmark/outputs/runs/tokenized/mimiciv-3.1_meds_70-10-20/centiles_none_fused_time_tokens_first_24h-tokenized/test/tokens_timelines_extended_outcomes.parquet
exp1_extended_regression,regression,max_sbp,deciles_unfused,spearman_rho,True,10701,0.3941578888820931,0.3774598611138606,0.410669405899103,/gpfs/data/bbj-lab/users/daniel/input-representation-benchmark/outputs/runs/tokenized/mimiciv-3.1_meds_70-10-20/deciles_none_unfused_time_tokens_first_24h-tokenized/test/reg_ridge_regression-preds-checkpoint-10000.pkl,/gpfs/data/bbj-lab/users/daniel/input-representation-benchmark/outputs/runs/tokenized/mimiciv-3.1_meds_70-10-20/deciles_none_unfused_time_tokens_first_24h-tokenized/test/tokens_timelines_extended_outcomes.parquet
exp1_extended_regression,regression,max_sbp,deciles_unfused,r2,True,10701,0.1464697676177964,0.1313413739450457,0.1613805168824562,/gpfs/data/bbj-lab/users/daniel/input-representation-benchmark/outputs/runs/tokenized/mimiciv-3.1_meds_70-10-20/deciles_none_unfused_time_tokens_first_24h-tokenized/test/reg_ridge_regression-preds-checkpoint-10000.pkl,/gpfs/data/bbj-lab/users/daniel/input-representation-benchmark/outputs/runs/tokenized/mimiciv-3.1_meds_70-10-20/deciles_none_unfused_time_tokens_first_24h-tokenized/test/tokens_timelines_extended_outcomes.parquet
exp1_extended_regression,regression,max_sbp,deciles_unfused,mae,False,10701,18.741881374202748,18.43592183129128,19.03055598122543,/gpfs/data/bbj-lab/users/daniel/input-representation-benchmark/outputs/runs/tokenized/mimiciv-3.1_meds_70-10-20/deciles_none_unfused_time_tokens_first_24h-tokenized/test/reg_ridge_regression-preds-checkpoint-10000.pkl,/gpfs/data/bbj-lab/users/daniel/input-representation-benchmark/outputs/runs/tokenized/mimiciv-3.1_meds_70-10-20/deciles_none_unfused_time_tokens_first_24h-tokenized/test/tokens_timelines_extended_outcomes.parquet
exp1_extended_regression,regression,max_sbp,deciles_unfused,rmse,False,10701,24.33889852051307,23.90837543097332,24.769944211589976,/gpfs/data/bbj-lab/users/daniel/input-representation-benchmark/outputs/runs/tokenized/mimiciv-3.1_meds_70-10-20/deciles_none_unfused_time_tokens_first_24h-tokenized/test/reg_ridge_regression-preds-checkpoint-10000.pkl,/gpfs/data/bbj-lab/users/daniel/input-representation-benchmark/outputs/runs/tokenized/mimiciv-3.1_meds_70-10-20/deciles_none_unfused_time_tokens_first_24h-tokenized/test/tokens_timelines_extended_outcomes.parquet
exp1_extended_regression,regression,max_sbp,deciles_fused,spearman_rho,True,10701,0.505479287903093,0.4905542173688108,0.5196091807414289,/gpfs/data/bbj-lab/users/daniel/input-representation-benchmark/outputs/runs/tokenized/mimiciv-3.1_meds_70-10-20/deciles_none_fused_time_tokens_first_24h-tokenized/test/reg_ridge_regression-preds-checkpoint-17000.pkl,/gpfs/data/bbj-lab/users/daniel/input-representation-benchmark/outputs/runs/tokenized/mimiciv-3.1_meds_70-10-20/deciles_none_fused_time_tokens_first_24h-tokenized/test/tokens_timelines_extended_outcomes.parquet
exp1_extended_regression,regression,max_sbp,deciles_fused,r2,True,10701,0.2389189096262927,0.2228868504924248,0.2535984289359159,/gpfs/data/bbj-lab/users/daniel/input-representation-benchmark/outputs/runs/tokenized/mimiciv-3.1_meds_70-10-20/deciles_none_fused_time_tokens_first_24h-tokenized/test/reg_ridge_regression-preds-checkpoint-17000.pkl,/gpfs/data/bbj-lab/users/daniel/input-representation-benchmark/outputs/runs/tokenized/mimiciv-3.1_meds_70-10-20/deciles_none_fused_time_tokens_first_24h-tokenized/test/tokens_timelines_extended_outcomes.parquet
exp1_extended_regression,regression,max_sbp,deciles_fused,mae,False,10701,17.461964630139782,17.167810085290377,17.736392825280234,/gpfs/data/bbj-lab/users/daniel/input-representation-benchmark/outputs/runs/tokenized/mimiciv-3.1_meds_70-10-20/deciles_none_fused_time_tokens_first_24h-tokenized/test/reg_ridge_regression-preds-checkpoint-17000.pkl,/gpfs/data/bbj-lab/users/daniel/input-representation-benchmark/outputs/runs/tokenized/mimiciv-3.1_meds_70-10-20/deciles_none_fused_time_tokens_first_24h-tokenized/test/tokens_timelines_extended_outcomes.parquet
exp1_extended_regression,regression,max_sbp,deciles_fused,rmse,False,10701,22.983011347595173,22.550297299021672,23.413697604309284,/gpfs/data/bbj-lab/users/daniel/input-representation-benchmark/outputs/runs/tokenized/mimiciv-3.1_meds_70-10-20/deciles_none_fused_time_tokens_first_24h-tokenized/test/reg_ridge_regression-preds-checkpoint-17000.pkl,/gpfs/data/bbj-lab/users/daniel/input-representation-benchmark/outputs/runs/tokenized/mimiciv-3.1_meds_70-10-20/deciles_none_fused_time_tokens_first_24h-tokenized/test/tokens_timelines_extended_outcomes.parquet
exp1_extended_regression,regression,max_sbp,ventiles_unfused,spearman_rho,True,10701,0.4489400613186177,0.4336666084760149,0.4639566373265912,/gpfs/data/bbj-lab/users/daniel/input-representation-benchmark/outputs/runs/tokenized/mimiciv-3.1_meds_70-10-20/ventiles_none_unfused_time_tokens_first_24h-tokenized/test/reg_ridge_regression-preds-checkpoint-37000.pkl,/gpfs/data/bbj-lab/users/daniel/input-representation-benchmark/outputs/runs/tokenized/mimiciv-3.1_meds_70-10-20/ventiles_none_unfused_time_tokens_first_24h-tokenized/test/tokens_timelines_extended_outcomes.parquet
exp1_extended_regression,regression,max_sbp,ventiles_unfused,r2,True,10701,0.1919430953097618,0.1764841028285166,0.2063849410336989,/gpfs/data/bbj-lab/users/daniel/input-representation-benchmark/outputs/runs/tokenized/mimiciv-3.1_meds_70-10-20/ventiles_none_unfused_time_tokens_first_24h-tokenized/test/reg_ridge_regression-preds-checkpoint-37000.pkl,/gpfs/data/bbj-lab/users/daniel/input-representation-benchmark/outputs/runs/tokenized/mimiciv-3.1_meds_70-10-20/ventiles_none_unfused_time_tokens_first_24h-tokenized/test/tokens_timelines_extended_outcomes.parquet
exp1_extended_regression,regression,max_sbp,ventiles_unfused,mae,False,10701,18.07660826807986,17.791011405577105,18.362514915896284,/gpfs/data/bbj-lab/users/daniel/input-representation-benchmark/outputs/runs/tokenized/mimiciv-3.1_meds_70-10-20/ventiles_none_unfused_time_tokens_first_24h-tokenized/test/reg_ridge_regression-preds-checkpoint-37000.pkl,/gpfs/data/bbj-lab/users/daniel/input-representation-benchmark/outputs/runs/tokenized/mimiciv-3.1_meds_70-10-20/ventiles_none_unfused_time_tokens_first_24h-tokenized/test/tokens_timelines_extended_outcomes.parquet
exp1_extended_regression,regression,max_sbp,ventiles_unfused,rmse,False,10701,23.6816761847961,23.23339934467195,24.1212817900578,/gpfs/data/bbj-lab/users/daniel/input-representation-benchmark/outputs/runs/tokenized/mimiciv-3.1_meds_70-10-20/ventiles_none_unfused_time_tokens_first_24h-tokenized/test/reg_ridge_regression-preds-checkpoint-37000.pkl,/gpfs/data/bbj-lab/users/daniel/input-representation-benchmark/outputs/runs/tokenized/mimiciv-3.1_meds_70-10-20/ventiles_none_unfused_time_tokens_first_24h-tokenized/test/tokens_timelines_extended_outcomes.parquet
exp1_extended_regression,regression,max_sbp,ventiles_fused,spearman_rho,True,10701,0.51734332747182,0.5030741911641514,0.531674005633005,/gpfs/data/bbj-lab/users/daniel/input-representation-benchmark/outputs/runs/tokenized/mimiciv-3.1_meds_70-10-20/ventiles_none_fused_time_tokens_first_24h-tokenized/test/reg_ridge_regression-preds-checkpoint-37000.pkl,/gpfs/data/bbj-lab/users/daniel/input-representation-benchmark/outputs/runs/tokenized/mimiciv-3.1_meds_70-10-20/ventiles_none_fused_time_tokens_first_24h-tokenized/test/tokens_timelines_extended_outcomes.parquet
exp1_extended_regression,regression,max_sbp,ventiles_fused,r2,True,10701,0.2501129200197721,0.2348672308196082,0.2651291672923267,/gpfs/data/bbj-lab/users/daniel/input-representation-benchmark/outputs/runs/tokenized/mimiciv-3.1_meds_70-10-20/ventiles_none_fused_time_tokens_first_24h-tokenized/test/reg_ridge_regression-preds-checkpoint-37000.pkl,/gpfs/data/bbj-lab/users/daniel/input-representation-benchmark/outputs/runs/tokenized/mimiciv-3.1_meds_70-10-20/ventiles_none_fused_time_tokens_first_24h-tokenized/test/tokens_timelines_extended_outcomes.parquet
exp1_extended_regression,regression,max_sbp,ventiles_fused,mae,False,10701,17.306957672387316,17.028773760827637,17.589795074048425,/gpfs/data/bbj-lab/users/daniel/input-representation-benchmark/outputs/runs/tokenized/mimiciv-3.1_meds_70-10-20/ventiles_none_fused_time_tokens_first_24h-tokenized/test/reg_ridge_regression-preds-checkpoint-37000.pkl,/gpfs/data/bbj-lab/users/daniel/input-representation-benchmark/outputs/runs/tokenized/mimiciv-3.1_meds_70-10-20/ventiles_none_fused_time_tokens_first_24h-tokenized/test/tokens_timelines_extended_outcomes.parquet
exp1_extended_regression,regression,max_sbp,ventiles_fused,rmse,False,10701,22.813367741592405,22.386451264579616,23.24295403043781,/gpfs/data/bbj-lab/users/daniel/input-representation-benchmark/outputs/runs/tokenized/mimiciv-3.1_meds_70-10-20/ventiles_none_fused_time_tokens_first_24h-tokenized/test/reg_ridge_regression-preds-checkpoint-37000.pkl,/gpfs/data/bbj-lab/users/daniel/input-representation-benchmark/outputs/runs/tokenized/mimiciv-3.1_meds_70-10-20/ventiles_none_fused_time_tokens_first_24h-tokenized/test/tokens_timelines_extended_outcomes.parquet
exp1_extended_regression,regression,max_sbp,ventiles_5_10_5_unfused,spearman_rho,True,10701,0.4471566020436933,0.4309761903689068,0.4619895804050484,/gpfs/data/bbj-lab/users/daniel/input-representation-benchmark/outputs/runs/tokenized/mimiciv-3.1_meds_70-10-20/ventiles_5-10-5_unfused_time_tokens_first_24h-tokenized/test/reg_ridge_regression-preds-checkpoint-37000.pkl,/gpfs/data/bbj-lab/users/daniel/input-representation-benchmark/outputs/runs/tokenized/mimiciv-3.1_meds_70-10-20/ventiles_5-10-5_unfused_time_tokens_first_24h-tokenized/test/tokens_timelines_extended_outcomes.parquet
exp1_extended_regression,regression,max_sbp,ventiles_5_10_5_unfused,r2,True,10701,0.1913377021651949,0.1765285984576647,0.2052367231254515,/gpfs/data/bbj-lab/users/daniel/input-representation-benchmark/outputs/runs/tokenized/mimiciv-3.1_meds_70-10-20/ventiles_5-10-5_unfused_time_tokens_first_24h-tokenized/test/reg_ridge_regression-preds-checkpoint-37000.pkl,/gpfs/data/bbj-lab/users/daniel/input-representation-benchmark/outputs/runs/tokenized/mimiciv-3.1_meds_70-10-20/ventiles_5-10-5_unfused_time_tokens_first_24h-tokenized/test/tokens_timelines_extended_outcomes.parquet
exp1_extended_regression,regression,max_sbp,ventiles_5_10_5_unfused,mae,False,10701,18.12887060416376,17.837876839925734,18.414412493284743,/gpfs/data/bbj-lab/users/daniel/input-representation-benchmark/outputs/runs/tokenized/mimiciv-3.1_meds_70-10-20/ventiles_5-10-5_unfused_time_tokens_first_24h-tokenized/test/reg_ridge_regression-preds-checkpoint-37000.pkl,/gpfs/data/bbj-lab/users/daniel/input-representation-benchmark/outputs/runs/tokenized/mimiciv-3.1_meds_70-10-20/ventiles_5-10-5_unfused_time_tokens_first_24h-tokenized/test/tokens_timelines_extended_outcomes.parquet
exp1_extended_regression,regression,max_sbp,ventiles_5_10_5_unfused,rmse,False,10701,23.690545634510325,23.26323009584813,24.127346410664376,/gpfs/data/bbj-lab/users/daniel/input-representation-benchmark/outputs/runs/tokenized/mimiciv-3.1_meds_70-10-20/ventiles_5-10-5_unfused_time_tokens_first_24h-tokenized/test/reg_ridge_regression-preds-checkpoint-37000.pkl,/gpfs/data/bbj-lab/users/daniel/input-representation-benchmark/outputs/runs/tokenized/mimiciv-3.1_meds_70-10-20/ventiles_5-10-5_unfused_time_tokens_first_24h-tokenized/test/tokens_timelines_extended_outcomes.parquet
exp1_extended_regression,regression,max_sbp,ventiles_5_10_5_fused,spearman_rho,True,10701,0.518937737601869,0.5038208694947569,0.5330698567337643,/gpfs/data/bbj-lab/users/daniel/input-representation-benchmark/outputs/runs/tokenized/mimiciv-3.1_meds_70-10-20/ventiles_5-10-5_fused_time_tokens_first_24h-tokenized/test/reg_ridge_regression-preds-checkpoint-37000.pkl,/gpfs/data/bbj-lab/users/daniel/input-representation-benchmark/outputs/runs/tokenized/mimiciv-3.1_meds_70-10-20/ventiles_5-10-5_fused_time_tokens_first_24h-tokenized/test/tokens_timelines_extended_outcomes.parquet
exp1_extended_regression,regression,max_sbp,ventiles_5_10_5_fused,r2,True,10701,0.2521036687781516,0.2361372233977216,0.2670847966375068,/gpfs/data/bbj-lab/users/daniel/input-representation-benchmark/outputs/runs/tokenized/mimiciv-3.1_meds_70-10-20/ventiles_5-10-5_fused_time_tokens_first_24h-tokenized/test/reg_ridge_regression-preds-checkpoint-37000.pkl,/gpfs/data/bbj-lab/users/daniel/input-representation-benchmark/outputs/runs/tokenized/mimiciv-3.1_meds_70-10-20/ventiles_5-10-5_fused_time_tokens_first_24h-tokenized/test/tokens_timelines_extended_outcomes.parquet
exp1_extended_regression,regression,max_sbp,ventiles_5_10_5_fused,mae,False,10701,17.20698812365325,16.925577221066245,17.493661210527524,/gpfs/data/bbj-lab/users/daniel/input-representation-benchmark/outputs/runs/tokenized/mimiciv-3.1_meds_70-10-20/ventiles_5-10-5_fused_time_tokens_first_24h-tokenized/test/reg_ridge_regression-preds-checkpoint-37000.pkl,/gpfs/data/bbj-lab/users/daniel/input-representation-benchmark/outputs/runs/tokenized/mimiciv-3.1_meds_70-10-20/ventiles_5-10-5_fused_time_tokens_first_24h-tokenized/test/tokens_timelines_extended_outcomes.parquet
exp1_extended_regression,regression,max_sbp,ventiles_5_10_5_fused,rmse,False,10701,22.78306593589077,22.350049876906755,23.21730069766633,/gpfs/data/bbj-lab/users/daniel/input-representation-benchmark/outputs/runs/tokenized/mimiciv-3.1_meds_70-10-20/ventiles_5-10-5_fused_time_tokens_first_24h-tokenized/test/reg_ridge_regression-preds-checkpoint-37000.pkl,/gpfs/data/bbj-lab/users/daniel/input-representation-benchmark/outputs/runs/tokenized/mimiciv-3.1_meds_70-10-20/ventiles_5-10-5_fused_time_tokens_first_24h-tokenized/test/tokens_timelines_extended_outcomes.parquet
exp1_extended_regression,regression,max_sbp,trentiles_unfused,spearman_rho,True,10701,0.4722957584721911,0.4568304565738068,0.4870841263181693,/gpfs/data/bbj-lab/users/daniel/input-representation-benchmark/outputs/runs/tokenized/mimiciv-3.1_meds_70-10-20/trentiles_none_unfused_time_tokens_first_24h-tokenized/test/reg_ridge_regression-preds-checkpoint-37000.pkl,/gpfs/data/bbj-lab/users/daniel/input-representation-benchmark/outputs/runs/tokenized/mimiciv-3.1_meds_70-10-20/trentiles_none_unfused_time_tokens_first_24h-tokenized/test/tokens_timelines_extended_outcomes.parquet
exp1_extended_regression,regression,max_sbp,trentiles_unfused,r2,True,10701,0.2117708207297383,0.1958546707531478,0.227428481640087,/gpfs/data/bbj-lab/users/daniel/input-representation-benchmark/outputs/runs/tokenized/mimiciv-3.1_meds_70-10-20/trentiles_none_unfused_time_tokens_first_24h-tokenized/test/reg_ridge_regression-preds-checkpoint-37000.pkl,/gpfs/data/bbj-lab/users/daniel/input-representation-benchmark/outputs/runs/tokenized/mimiciv-3.1_meds_70-10-20/trentiles_none_unfused_time_tokens_first_24h-tokenized/test/tokens_timelines_extended_outcomes.parquet
exp1_extended_regression,regression,max_sbp,trentiles_unfused,mae,False,10701,17.813401459327675,17.5168596243293,18.091435199056043,/gpfs/data/bbj-lab/users/daniel/input-representation-benchmark/outputs/runs/tokenized/mimiciv-3.1_meds_70-10-20/trentiles_none_unfused_time_tokens_first_24h-tokenized/test/reg_ridge_regression-preds-checkpoint-37000.pkl,/gpfs/data/bbj-lab/users/daniel/input-representation-benchmark/outputs/runs/tokenized/mimiciv-3.1_meds_70-10-20/trentiles_none_unfused_time_tokens_first_24h-tokenized/test/tokens_timelines_extended_outcomes.parquet
exp1_extended_regression,regression,max_sbp,trentiles_unfused,rmse,False,10701,23.38932667080839,22.943900750369444,23.829619314436457,/gpfs/data/bbj-lab/users/daniel/input-representation-benchmark/outputs/runs/tokenized/mimiciv-3.1_meds_70-10-20/trentiles_none_unfused_time_tokens_first_24h-tokenized/test/reg_ridge_regression-preds-checkpoint-37000.pkl,/gpfs/data/bbj-lab/users/daniel/input-representation-benchmark/outputs/runs/tokenized/mimiciv-3.1_meds_70-10-20/trentiles_none_unfused_time_tokens_first_24h-tokenized/test/tokens_timelines_extended_outcomes.parquet
exp1_extended_regression,regression,max_sbp,trentiles_fused,spearman_rho,True,10701,0.5029068499067673,0.4876757921854278,0.5174909991570312,/gpfs/data/bbj-lab/users/daniel/input-representation-benchmark/outputs/runs/tokenized/mimiciv-3.1_meds_70-10-20/trentiles_none_fused_time_tokens_first_24h-tokenized/test/reg_ridge_regression-preds-checkpoint-37000.pkl,/gpfs/data/bbj-lab/users/daniel/input-representation-benchmark/outputs/runs/tokenized/mimiciv-3.1_meds_70-10-20/trentiles_none_fused_time_tokens_first_24h-tokenized/test/tokens_timelines_extended_outcomes.parquet
exp1_extended_regression,regression,max_sbp,trentiles_fused,r2,True,10701,0.2376369369131977,0.2214451345859927,0.2530514645323619,/gpfs/data/bbj-lab/users/daniel/input-representation-benchmark/outputs/runs/tokenized/mimiciv-3.1_meds_70-10-20/trentiles_none_fused_time_tokens_first_24h-tokenized/test/reg_ridge_regression-preds-checkpoint-37000.pkl,/gpfs/data/bbj-lab/users/daniel/input-representation-benchmark/outputs/runs/tokenized/mimiciv-3.1_meds_70-10-20/trentiles_none_fused_time_tokens_first_24h-tokenized/test/tokens_timelines_extended_outcomes.parquet
exp1_extended_regression,regression,max_sbp,trentiles_fused,mae,False,10701,17.45318238660118,17.168925069987303,17.724611216855088,/gpfs/data/bbj-lab/users/daniel/input-representation-benchmark/outputs/runs/tokenized/mimiciv-3.1_meds_70-10-20/trentiles_none_fused_time_tokens_first_24h-tokenized/test/reg_ridge_regression-preds-checkpoint-37000.pkl,/gpfs/data/bbj-lab/users/daniel/input-representation-benchmark/outputs/runs/tokenized/mimiciv-3.1_meds_70-10-20/trentiles_none_fused_time_tokens_first_24h-tokenized/test/tokens_timelines_extended_outcomes.parquet
exp1_extended_regression,regression,max_sbp,trentiles_fused,rmse,False,10701,23.002359612208064,22.57626069136777,23.429190257129548,/gpfs/data/bbj-lab/users/daniel/input-representation-benchmark/outputs/runs/tokenized/mimiciv-3.1_meds_70-10-20/trentiles_none_fused_time_tokens_first_24h-tokenized/test/reg_ridge_regression-preds-checkpoint-37000.pkl,/gpfs/data/bbj-lab/users/daniel/input-representation-benchmark/outputs/runs/tokenized/mimiciv-3.1_meds_70-10-20/trentiles_none_fused_time_tokens_first_24h-tokenized/test/tokens_timelines_extended_outcomes.parquet
exp1_extended_regression,regression,max_sbp,trentiles_10_10_10_unfused,spearman_rho,True,10701,0.3899018220525347,0.3727749046808249,0.4055507299024772,/gpfs/data/bbj-lab/users/daniel/input-representation-benchmark/outputs/runs/tokenized/mimiciv-3.1_meds_70-10-20/trentiles_10-10-10_unfused_time_tokens_first_24h-tokenized/test/reg_ridge_regression-preds-checkpoint-10000.pkl,/gpfs/data/bbj-lab/users/daniel/input-representation-benchmark/outputs/runs/tokenized/mimiciv-3.1_meds_70-10-20/trentiles_10-10-10_unfused_time_tokens_first_24h-tokenized/test/tokens_timelines_extended_outcomes.parquet
exp1_extended_regression,regression,max_sbp,trentiles_10_10_10_unfused,r2,True,10701,0.1448178547004421,0.1293698694116552,0.1582505902573929,/gpfs/data/bbj-lab/users/daniel/input-representation-benchmark/outputs/runs/tokenized/mimiciv-3.1_meds_70-10-20/trentiles_10-10-10_unfused_time_tokens_first_24h-tokenized/test/reg_ridge_regression-preds-checkpoint-10000.pkl,/gpfs/data/bbj-lab/users/daniel/input-representation-benchmark/outputs/runs/tokenized/mimiciv-3.1_meds_70-10-20/trentiles_10-10-10_unfused_time_tokens_first_24h-tokenized/test/tokens_timelines_extended_outcomes.parquet
exp1_extended_regression,regression,max_sbp,trentiles_10_10_10_unfused,mae,False,10701,18.76082427891409,18.45666356515577,19.051446072705264,/gpfs/data/bbj-lab/users/daniel/input-representation-benchmark/outputs/runs/tokenized/mimiciv-3.1_meds_70-10-20/trentiles_10-10-10_unfused_time_tokens_first_24h-tokenized/test/reg_ridge_regression-preds-checkpoint-10000.pkl,/gpfs/data/bbj-lab/users/daniel/input-representation-benchmark/outputs/runs/tokenized/mimiciv-3.1_meds_70-10-20/trentiles_10-10-10_unfused_time_tokens_first_24h-tokenized/test/tokens_timelines_extended_outcomes.parquet
exp1_extended_regression,regression,max_sbp,trentiles_10_10_10_unfused,rmse,False,10701,24.362439752388585,23.92343063050474,24.79360721499832,/gpfs/data/bbj-lab/users/daniel/input-representation-benchmark/outputs/runs/tokenized/mimiciv-3.1_meds_70-10-20/trentiles_10-10-10_unfused_time_tokens_first_24h-tokenized/test/reg_ridge_regression-preds-checkpoint-10000.pkl,/gpfs/data/bbj-lab/users/daniel/input-representation-benchmark/outputs/runs/tokenized/mimiciv-3.1_meds_70-10-20/trentiles_10-10-10_unfused_time_tokens_first_24h-tokenized/test/tokens_timelines_extended_outcomes.parquet
exp1_extended_regression,regression,max_sbp,trentiles_10_10_10_fused,spearman_rho,True,10701,0.4913178650355455,0.476193656968305,0.5062267412748812,/gpfs/data/bbj-lab/users/daniel/input-representation-benchmark/outputs/runs/tokenized/mimiciv-3.1_meds_70-10-20/trentiles_10-10-10_fused_time_tokens_first_24h-tokenized/test/reg_ridge_regression-preds-checkpoint-37000.pkl,/gpfs/data/bbj-lab/users/daniel/input-representation-benchmark/outputs/runs/tokenized/mimiciv-3.1_meds_70-10-20/trentiles_10-10-10_fused_time_tokens_first_24h-tokenized/test/tokens_timelines_extended_outcomes.parquet
exp1_extended_regression,regression,max_sbp,trentiles_10_10_10_fused,r2,True,10701,0.2266201760902964,0.2110345562942457,0.2420787324514186,/gpfs/data/bbj-lab/users/daniel/input-representation-benchmark/outputs/runs/tokenized/mimiciv-3.1_meds_70-10-20/trentiles_10-10-10_fused_time_tokens_first_24h-tokenized/test/reg_ridge_regression-preds-checkpoint-37000.pkl,/gpfs/data/bbj-lab/users/daniel/input-representation-benchmark/outputs/runs/tokenized/mimiciv-3.1_meds_70-10-20/trentiles_10-10-10_fused_time_tokens_first_24h-tokenized/test/tokens_timelines_extended_outcomes.parquet
exp1_extended_regression,regression,max_sbp,trentiles_10_10_10_fused,mae,False,10701,17.590488918354577,17.293889624797586,17.873562203191355,/gpfs/data/bbj-lab/users/daniel/input-representation-benchmark/outputs/runs/tokenized/mimiciv-3.1_meds_70-10-20/trentiles_10-10-10_fused_time_tokens_first_24h-tokenized/test/reg_ridge_regression-preds-checkpoint-37000.pkl,/gpfs/data/bbj-lab/users/daniel/input-representation-benchmark/outputs/runs/tokenized/mimiciv-3.1_meds_70-10-20/trentiles_10-10-10_fused_time_tokens_first_24h-tokenized/test/tokens_timelines_extended_outcomes.parquet
exp1_extended_regression,regression,max_sbp,trentiles_10_10_10_fused,rmse,False,10701,23.167964795652868,22.73621294509332,23.602803874006707,/gpfs/data/bbj-lab/users/daniel/input-representation-benchmark/outputs/runs/tokenized/mimiciv-3.1_meds_70-10-20/trentiles_10-10-10_fused_time_tokens_first_24h-tokenized/test/reg_ridge_regression-preds-checkpoint-37000.pkl,/gpfs/data/bbj-lab/users/daniel/input-representation-benchmark/outputs/runs/tokenized/mimiciv-3.1_meds_70-10-20/trentiles_10-10-10_fused_time_tokens_first_24h-tokenized/test/tokens_timelines_extended_outcomes.parquet
exp1_extended_regression,regression,max_sbp,centiles_unfused,spearman_rho,True,10701,0.4493507186661495,0.433890190064314,0.4642562998426823,/gpfs/data/bbj-lab/users/daniel/input-representation-benchmark/outputs/runs/tokenized/mimiciv-3.1_meds_70-10-20/centiles_none_unfused_time_tokens_first_24h-tokenized/test/reg_ridge_regression-preds-checkpoint-37000.pkl,/gpfs/data/bbj-lab/users/daniel/input-representation-benchmark/outputs/runs/tokenized/mimiciv-3.1_meds_70-10-20/centiles_none_unfused_time_tokens_first_24h-tokenized/test/tokens_timelines_extended_outcomes.parquet
exp1_extended_regression,regression,max_sbp,centiles_unfused,r2,True,10701,0.193744576605684,0.1779426721784889,0.2086892343860127,/gpfs/data/bbj-lab/users/daniel/input-representation-benchmark/outputs/runs/tokenized/mimiciv-3.1_meds_70-10-20/centiles_none_unfused_time_tokens_first_24h-tokenized/test/reg_ridge_regression-preds-checkpoint-37000.pkl,/gpfs/data/bbj-lab/users/daniel/input-representation-benchmark/outputs/runs/tokenized/mimiciv-3.1_meds_70-10-20/centiles_none_unfused_time_tokens_first_24h-tokenized/test/tokens_timelines_extended_outcomes.parquet
exp1_extended_regression,regression,max_sbp,centiles_unfused,mae,False,10701,18.07722345961952,17.78934046938479,18.34923925578225,/gpfs/data/bbj-lab/users/daniel/input-representation-benchmark/outputs/runs/tokenized/mimiciv-3.1_meds_70-10-20/centiles_none_unfused_time_tokens_first_24h-tokenized/test/reg_ridge_regression-preds-checkpoint-37000.pkl,/gpfs/data/bbj-lab/users/daniel/input-representation-benchmark/outputs/runs/tokenized/mimiciv-3.1_meds_70-10-20/centiles_none_unfused_time_tokens_first_24h-tokenized/test/tokens_timelines_extended_outcomes.parquet
exp1_extended_regression,regression,max_sbp,centiles_unfused,rmse,False,10701,23.655263502281606,23.237696042739564,24.085227911868547,/gpfs/data/bbj-lab/users/daniel/input-representation-benchmark/outputs/runs/tokenized/mimiciv-3.1_meds_70-10-20/centiles_none_unfused_time_tokens_first_24h-tokenized/test/reg_ridge_regression-preds-checkpoint-37000.pkl,/gpfs/data/bbj-lab/users/daniel/input-representation-benchmark/outputs/runs/tokenized/mimiciv-3.1_meds_70-10-20/centiles_none_unfused_time_tokens_first_24h-tokenized/test/tokens_timelines_extended_outcomes.parquet
exp1_extended_regression,regression,max_sbp,centiles_fused,spearman_rho,True,10701,0.5049129620456005,0.4901253641353968,0.5197197114773234,/gpfs/data/bbj-lab/users/daniel/input-representation-benchmark/outputs/runs/tokenized/mimiciv-3.1_meds_70-10-20/centiles_none_fused_time_tokens_first_24h-tokenized/test/reg_ridge_regression-preds-checkpoint-16500.pkl,/gpfs/data/bbj-lab/users/daniel/input-representation-benchmark/outputs/runs/tokenized/mimiciv-3.1_meds_70-10-20/centiles_none_fused_time_tokens_first_24h-tokenized/test/tokens_timelines_extended_outcomes.parquet
exp1_extended_regression,regression,max_sbp,centiles_fused,r2,True,10701,0.2374121785454748,0.2213024331537254,0.2532548883096078,/gpfs/data/bbj-lab/users/daniel/input-representation-benchmark/outputs/runs/tokenized/mimiciv-3.1_meds_70-10-20/centiles_none_fused_time_tokens_first_24h-tokenized/test/reg_ridge_regression-preds-checkpoint-16500.pkl,/gpfs/data/bbj-lab/users/daniel/input-representation-benchmark/outputs/runs/tokenized/mimiciv-3.1_meds_70-10-20/centiles_none_fused_time_tokens_first_24h-tokenized/test/tokens_timelines_extended_outcomes.parquet
exp1_extended_regression,regression,max_sbp,centiles_fused,mae,False,10701,17.447894220848404,17.171493769737978,17.72342302033827,/gpfs/data/bbj-lab/users/daniel/input-representation-benchmark/outputs/runs/tokenized/mimiciv-3.1_meds_70-10-20/centiles_none_fused_time_tokens_first_24h-tokenized/test/reg_ridge_regression-preds-checkpoint-16500.pkl,/gpfs/data/bbj-lab/users/daniel/input-representation-benchmark/outputs/runs/tokenized/mimiciv-3.1_meds_70-10-20/centiles_none_fused_time_tokens_first_24h-tokenized/test/tokens_timelines_extended_outcomes.parquet
exp1_extended_regression,regression,max_sbp,centiles_fused,rmse,False,10701,23.005750117373125,22.578770311006963,23.43999483373008,/gpfs/data/bbj-lab/users/daniel/input-representation-benchmark/outputs/runs/tokenized/mimiciv-3.1_meds_70-10-20/centiles_none_fused_time_tokens_first_24h-tokenized/test/reg_ridge_regression-preds-checkpoint-16500.pkl,/gpfs/data/bbj-lab/users/daniel/input-representation-benchmark/outputs/runs/tokenized/mimiciv-3.1_meds_70-10-20/centiles_none_fused_time_tokens_first_24h-tokenized/test/tokens_timelines_extended_outcomes.parquet
exp1_extended_regression,regression,max_sodium,deciles_unfused,spearman_rho,True,47942,0.3499662900749173,0.3420485791619354,0.3584078110209605,/gpfs/data/bbj-lab/users/daniel/input-representation-benchmark/outputs/runs/tokenized/mimiciv-3.1_meds_70-10-20/deciles_none_unfused_time_tokens_first_24h-tokenized/test/reg_ridge_regression-preds-checkpoint-10000.pkl,/gpfs/data/bbj-lab/users/daniel/input-representation-benchmark/outputs/runs/tokenized/mimiciv-3.1_meds_70-10-20/deciles_none_unfused_time_tokens_first_24h-tokenized/test/tokens_timelines_extended_outcomes.parquet
exp1_extended_regression,regression,max_sodium,deciles_unfused,r2,True,47942,0.1518404005642735,0.1435172860421952,0.1597021773824745,/gpfs/data/bbj-lab/users/daniel/input-representation-benchmark/outputs/runs/tokenized/mimiciv-3.1_meds_70-10-20/deciles_none_unfused_time_tokens_first_24h-tokenized/test/reg_ridge_regression-preds-checkpoint-10000.pkl,/gpfs/data/bbj-lab/users/daniel/input-representation-benchmark/outputs/runs/tokenized/mimiciv-3.1_meds_70-10-20/deciles_none_unfused_time_tokens_first_24h-tokenized/test/tokens_timelines_extended_outcomes.parquet
exp1_extended_regression,regression,max_sodium,deciles_unfused,mae,False,47942,2.7796767797698734,2.757163132177183,2.8022920070560984,/gpfs/data/bbj-lab/users/daniel/input-representation-benchmark/outputs/runs/tokenized/mimiciv-3.1_meds_70-10-20/deciles_none_unfused_time_tokens_first_24h-tokenized/test/reg_ridge_regression-preds-checkpoint-10000.pkl,/gpfs/data/bbj-lab/users/daniel/input-representation-benchmark/outputs/runs/tokenized/mimiciv-3.1_meds_70-10-20/deciles_none_unfused_time_tokens_first_24h-tokenized/test/tokens_timelines_extended_outcomes.parquet
exp1_extended_regression,regression,max_sodium,deciles_unfused,rmse,False,47942,3.746938131843129,3.7073448769973063,3.787561561279991,/gpfs/data/bbj-lab/users/daniel/input-representation-benchmark/outputs/runs/tokenized/mimiciv-3.1_meds_70-10-20/deciles_none_unfused_time_tokens_first_24h-tokenized/test/reg_ridge_regression-preds-checkpoint-10000.pkl,/gpfs/data/bbj-lab/users/daniel/input-representation-benchmark/outputs/runs/tokenized/mimiciv-3.1_meds_70-10-20/deciles_none_unfused_time_tokens_first_24h-tokenized/test/tokens_timelines_extended_outcomes.parquet
exp1_extended_regression,regression,max_sodium,deciles_fused,spearman_rho,True,47942,0.4798797999045401,0.4722506230853957,0.4866246645045696,/gpfs/data/bbj-lab/users/daniel/input-representation-benchmark/outputs/runs/tokenized/mimiciv-3.1_meds_70-10-20/deciles_none_fused_time_tokens_first_24h-tokenized/test/reg_ridge_regression-preds-checkpoint-17000.pkl,/gpfs/data/bbj-lab/users/daniel/input-representation-benchmark/outputs/runs/tokenized/mimiciv-3.1_meds_70-10-20/deciles_none_fused_time_tokens_first_24h-tokenized/test/tokens_timelines_extended_outcomes.parquet
exp1_extended_regression,regression,max_sodium,deciles_fused,r2,True,47942,0.2622953360547605,0.2531813318360435,0.2709004591502729,/gpfs/data/bbj-lab/users/daniel/input-representation-benchmark/outputs/runs/tokenized/mimiciv-3.1_meds_70-10-20/deciles_none_fused_time_tokens_first_24h-tokenized/test/reg_ridge_regression-preds-checkpoint-17000.pkl,/gpfs/data/bbj-lab/users/daniel/input-representation-benchmark/outputs/runs/tokenized/mimiciv-3.1_meds_70-10-20/deciles_none_fused_time_tokens_first_24h-tokenized/test/tokens_timelines_extended_outcomes.parquet
exp1_extended_regression,regression,max_sodium,deciles_fused,mae,False,47942,2.584940654088138,2.5649005707386032,2.60558602218914,/gpfs/data/bbj-lab/users/daniel/input-representation-benchmark/outputs/runs/tokenized/mimiciv-3.1_meds_70-10-20/deciles_none_fused_time_tokens_first_24h-tokenized/test/reg_ridge_regression-preds-checkpoint-17000.pkl,/gpfs/data/bbj-lab/users/daniel/input-representation-benchmark/outputs/runs/tokenized/mimiciv-3.1_meds_70-10-20/deciles_none_fused_time_tokens_first_24h-tokenized/test/tokens_timelines_extended_outcomes.parquet
exp1_extended_regression,regression,max_sodium,deciles_fused,rmse,False,47942,3.49445132876153,3.457142095099852,3.5328643170313296,/gpfs/data/bbj-lab/users/daniel/input-representation-benchmark/outputs/runs/tokenized/mimiciv-3.1_meds_70-10-20/deciles_none_fused_time_tokens_first_24h-tokenized/test/reg_ridge_regression-preds-checkpoint-17000.pkl,/gpfs/data/bbj-lab/users/daniel/input-representation-benchmark/outputs/runs/tokenized/mimiciv-3.1_meds_70-10-20/deciles_none_fused_time_tokens_first_24h-tokenized/test/tokens_timelines_extended_outcomes.parquet
exp1_extended_regression,regression,max_sodium,ventiles_unfused,spearman_rho,True,47942,0.3722912572639389,0.3640621916608703,0.3804156465180986,/gpfs/data/bbj-lab/users/daniel/input-representation-benchmark/outputs/runs/tokenized/mimiciv-3.1_meds_70-10-20/ventiles_none_unfused_time_tokens_first_24h-tokenized/test/reg_ridge_regression-preds-checkpoint-37000.pkl,/gpfs/data/bbj-lab/users/daniel/input-representation-benchmark/outputs/runs/tokenized/mimiciv-3.1_meds_70-10-20/ventiles_none_unfused_time_tokens_first_24h-tokenized/test/tokens_timelines_extended_outcomes.parquet
exp1_extended_regression,regression,max_sodium,ventiles_unfused,r2,True,47942,0.1683968652111634,0.1602454869081315,0.1763751276395159,/gpfs/data/bbj-lab/users/daniel/input-representation-benchmark/outputs/runs/tokenized/mimiciv-3.1_meds_70-10-20/ventiles_none_unfused_time_tokens_first_24h-tokenized/test/reg_ridge_regression-preds-checkpoint-37000.pkl,/gpfs/data/bbj-lab/users/daniel/input-representation-benchmark/outputs/runs/tokenized/mimiciv-3.1_meds_70-10-20/ventiles_none_unfused_time_tokens_first_24h-tokenized/test/tokens_timelines_extended_outcomes.parquet
exp1_extended_regression,regression,max_sodium,ventiles_unfused,mae,False,47942,2.7547797579970528,2.7322002085122064,2.7769003155819107,/gpfs/data/bbj-lab/users/daniel/input-representation-benchmark/outputs/runs/tokenized/mimiciv-3.1_meds_70-10-20/ventiles_none_unfused_time_tokens_first_24h-tokenized/test/reg_ridge_regression-preds-checkpoint-37000.pkl,/gpfs/data/bbj-lab/users/daniel/input-representation-benchmark/outputs/runs/tokenized/mimiciv-3.1_meds_70-10-20/ventiles_none_unfused_time_tokens_first_24h-tokenized/test/tokens_timelines_extended_outcomes.parquet
exp1_extended_regression,regression,max_sodium,ventiles_unfused,rmse,False,47942,3.710186921821808,3.671221203121442,3.751270364213972,/gpfs/data/bbj-lab/users/daniel/input-representation-benchmark/outputs/runs/tokenized/mimiciv-3.1_meds_70-10-20/ventiles_none_unfused_time_tokens_first_24h-tokenized/test/reg_ridge_regression-preds-checkpoint-37000.pkl,/gpfs/data/bbj-lab/users/daniel/input-representation-benchmark/outputs/runs/tokenized/mimiciv-3.1_meds_70-10-20/ventiles_none_unfused_time_tokens_first_24h-tokenized/test/tokens_timelines_extended_outcomes.parquet
exp1_extended_regression,regression,max_sodium,ventiles_fused,spearman_rho,True,47942,0.4688604054790338,0.4611449946168311,0.4759381879195159,/gpfs/data/bbj-lab/users/daniel/input-representation-benchmark/outputs/runs/tokenized/mimiciv-3.1_meds_70-10-20/ventiles_none_fused_time_tokens_first_24h-tokenized/test/reg_ridge_regression-preds-checkpoint-37000.pkl,/gpfs/data/bbj-lab/users/daniel/input-representation-benchmark/outputs/runs/tokenized/mimiciv-3.1_meds_70-10-20/ventiles_none_fused_time_tokens_first_24h-tokenized/test/tokens_timelines_extended_outcomes.parquet
exp1_extended_regression,regression,max_sodium,ventiles_fused,r2,True,47942,0.2545738318663804,0.2455137150965853,0.2631636792099177,/gpfs/data/bbj-lab/users/daniel/input-representation-benchmark/outputs/runs/tokenized/mimiciv-3.1_meds_70-10-20/ventiles_none_fused_time_tokens_first_24h-tokenized/test/reg_ridge_regression-preds-checkpoint-37000.pkl,/gpfs/data/bbj-lab/users/daniel/input-representation-benchmark/outputs/runs/tokenized/mimiciv-3.1_meds_70-10-20/ventiles_none_fused_time_tokens_first_24h-tokenized/test/tokens_timelines_extended_outcomes.parquet
exp1_extended_regression,regression,max_sodium,ventiles_fused,mae,False,47942,2.599479896071358,2.578424755062116,2.6206128579197707,/gpfs/data/bbj-lab/users/daniel/input-representation-benchmark/outputs/runs/tokenized/mimiciv-3.1_meds_70-10-20/ventiles_none_fused_time_tokens_first_24h-tokenized/test/reg_ridge_regression-preds-checkpoint-37000.pkl,/gpfs/data/bbj-lab/users/daniel/input-representation-benchmark/outputs/runs/tokenized/mimiciv-3.1_meds_70-10-20/ventiles_none_fused_time_tokens_first_24h-tokenized/test/tokens_timelines_extended_outcomes.parquet
exp1_extended_regression,regression,max_sodium,ventiles_fused,rmse,False,47942,3.5126918138856564,3.475728695367517,3.551147501394646,/gpfs/data/bbj-lab/users/daniel/input-representation-benchmark/outputs/runs/tokenized/mimiciv-3.1_meds_70-10-20/ventiles_none_fused_time_tokens_first_24h-tokenized/test/reg_ridge_regression-preds-checkpoint-37000.pkl,/gpfs/data/bbj-lab/users/daniel/input-representation-benchmark/outputs/runs/tokenized/mimiciv-3.1_meds_70-10-20/ventiles_none_fused_time_tokens_first_24h-tokenized/test/tokens_timelines_extended_outcomes.parquet
exp1_extended_regression,regression,max_sodium,ventiles_5_10_5_unfused,spearman_rho,True,47942,0.3889100455883576,0.3805311134033799,0.3972286758223477,/gpfs/data/bbj-lab/users/daniel/input-representation-benchmark/outputs/runs/tokenized/mimiciv-3.1_meds_70-10-20/ventiles_5-10-5_unfused_time_tokens_first_24h-tokenized/test/reg_ridge_regression-preds-checkpoint-37000.pkl,/gpfs/data/bbj-lab/users/daniel/input-representation-benchmark/outputs/runs/tokenized/mimiciv-3.1_meds_70-10-20/ventiles_5-10-5_unfused_time_tokens_first_24h-tokenized/test/tokens_timelines_extended_outcomes.parquet
exp1_extended_regression,regression,max_sodium,ventiles_5_10_5_unfused,r2,True,47942,0.1801012568490273,0.1714250816721197,0.1883185840403872,/gpfs/data/bbj-lab/users/daniel/input-representation-benchmark/outputs/runs/tokenized/mimiciv-3.1_meds_70-10-20/ventiles_5-10-5_unfused_time_tokens_first_24h-tokenized/test/reg_ridge_regression-preds-checkpoint-37000.pkl,/gpfs/data/bbj-lab/users/daniel/input-representation-benchmark/outputs/runs/tokenized/mimiciv-3.1_meds_70-10-20/ventiles_5-10-5_unfused_time_tokens_first_24h-tokenized/test/tokens_timelines_extended_outcomes.parquet
exp1_extended_regression,regression,max_sodium,ventiles_5_10_5_unfused,mae,False,47942,2.7342156010376977,2.712645956183548,2.7562892292657035,/gpfs/data/bbj-lab/users/daniel/input-representation-benchmark/outputs/runs/tokenized/mimiciv-3.1_meds_70-10-20/ventiles_5-10-5_unfused_time_tokens_first_24h-tokenized/test/reg_ridge_regression-preds-checkpoint-37000.pkl,/gpfs/data/bbj-lab/users/daniel/input-representation-benchmark/outputs/runs/tokenized/mimiciv-3.1_meds_70-10-20/ventiles_5-10-5_unfused_time_tokens_first_24h-tokenized/test/tokens_timelines_extended_outcomes.parquet
exp1_extended_regression,regression,max_sodium,ventiles_5_10_5_unfused,rmse,False,47942,3.68398490208188,3.645793604282971,3.724518417410477,/gpfs/data/bbj-lab/users/daniel/input-representation-benchmark/outputs/runs/tokenized/mimiciv-3.1_meds_70-10-20/ventiles_5-10-5_unfused_time_tokens_first_24h-tokenized/test/reg_ridge_regression-preds-checkpoint-37000.pkl,/gpfs/data/bbj-lab/users/daniel/input-representation-benchmark/outputs/runs/tokenized/mimiciv-3.1_meds_70-10-20/ventiles_5-10-5_unfused_time_tokens_first_24h-tokenized/test/tokens_timelines_extended_outcomes.parquet
exp1_extended_regression,regression,max_sodium,ventiles_5_10_5_fused,spearman_rho,True,47942,0.4587290513679774,0.4507266849571712,0.4657377745730039,/gpfs/data/bbj-lab/users/daniel/input-representation-benchmark/outputs/runs/tokenized/mimiciv-3.1_meds_70-10-20/ventiles_5-10-5_fused_time_tokens_first_24h-tokenized/test/reg_ridge_regression-preds-checkpoint-37000.pkl,/gpfs/data/bbj-lab/users/daniel/input-representation-benchmark/outputs/runs/tokenized/mimiciv-3.1_meds_70-10-20/ventiles_5-10-5_fused_time_tokens_first_24h-tokenized/test/tokens_timelines_extended_outcomes.parquet
exp1_extended_regression,regression,max_sodium,ventiles_5_10_5_fused,r2,True,47942,0.2454504083760943,0.2366323817709576,0.2539520678539971,/gpfs/data/bbj-lab/users/daniel/input-representation-benchmark/outputs/runs/tokenized/mimiciv-3.1_meds_70-10-20/ventiles_5-10-5_fused_time_tokens_first_24h-tokenized/test/reg_ridge_regression-preds-checkpoint-37000.pkl,/gpfs/data/bbj-lab/users/daniel/input-representation-benchmark/outputs/runs/tokenized/mimiciv-3.1_meds_70-10-20/ventiles_5-10-5_fused_time_tokens_first_24h-tokenized/test/tokens_timelines_extended_outcomes.parquet
exp1_extended_regression,regression,max_sodium,ventiles_5_10_5_fused,mae,False,47942,2.6146870622409177,2.592873730552839,2.635818554464378,/gpfs/data/bbj-lab/users/daniel/input-representation-benchmark/outputs/runs/tokenized/mimiciv-3.1_meds_70-10-20/ventiles_5-10-5_fused_time_tokens_first_24h-tokenized/test/reg_ridge_regression-preds-checkpoint-37000.pkl,/gpfs/data/bbj-lab/users/daniel/input-representation-benchmark/outputs/runs/tokenized/mimiciv-3.1_meds_70-10-20/ventiles_5-10-5_fused_time_tokens_first_24h-tokenized/test/tokens_timelines_extended_outcomes.parquet
exp1_extended_regression,regression,max_sodium,ventiles_5_10_5_fused,rmse,False,47942,3.5341227161604563,3.4956885516609897,3.5728036005252504,/gpfs/data/bbj-lab/users/daniel/input-representation-benchmark/outputs/runs/tokenized/mimiciv-3.1_meds_70-10-20/ventiles_5-10-5_fused_time_tokens_first_24h-tokenized/test/reg_ridge_regression-preds-checkpoint-37000.pkl,/gpfs/data/bbj-lab/users/daniel/input-representation-benchmark/outputs/runs/tokenized/mimiciv-3.1_meds_70-10-20/ventiles_5-10-5_fused_time_tokens_first_24h-tokenized/test/tokens_timelines_extended_outcomes.parquet
exp1_extended_regression,regression,max_sodium,trentiles_unfused,spearman_rho,True,47942,0.3899220401276315,0.3820436046171401,0.3980847291461086,/gpfs/data/bbj-lab/users/daniel/input-representation-benchmark/outputs/runs/tokenized/mimiciv-3.1_meds_70-10-20/trentiles_none_unfused_time_tokens_first_24h-tokenized/test/reg_ridge_regression-preds-checkpoint-37000.pkl,/gpfs/data/bbj-lab/users/daniel/input-representation-benchmark/outputs/runs/tokenized/mimiciv-3.1_meds_70-10-20/trentiles_none_unfused_time_tokens_first_24h-tokenized/test/tokens_timelines_extended_outcomes.parquet
exp1_extended_regression,regression,max_sodium,trentiles_unfused,r2,True,47942,0.1824578164165051,0.1741090421986658,0.1906768841227284,/gpfs/data/bbj-lab/users/daniel/input-representation-benchmark/outputs/runs/tokenized/mimiciv-3.1_meds_70-10-20/trentiles_none_unfused_time_tokens_first_24h-tokenized/test/reg_ridge_regression-preds-checkpoint-37000.pkl,/gpfs/data/bbj-lab/users/daniel/input-representation-benchmark/outputs/runs/tokenized/mimiciv-3.1_meds_70-10-20/trentiles_none_unfused_time_tokens_first_24h-tokenized/test/tokens_timelines_extended_outcomes.parquet
exp1_extended_regression,regression,max_sodium,trentiles_unfused,mae,False,47942,2.727638944162812,2.705738174373387,2.749223439388056,/gpfs/data/bbj-lab/users/daniel/input-representation-benchmark/outputs/runs/tokenized/mimiciv-3.1_meds_70-10-20/trentiles_none_unfused_time_tokens_first_24h-tokenized/test/reg_ridge_regression-preds-checkpoint-37000.pkl,/gpfs/data/bbj-lab/users/daniel/input-representation-benchmark/outputs/runs/tokenized/mimiciv-3.1_meds_70-10-20/trentiles_none_unfused_time_tokens_first_24h-tokenized/test/tokens_timelines_extended_outcomes.parquet
exp1_extended_regression,regression,max_sodium,trentiles_unfused,rmse,False,47942,3.67868682286676,3.6393755861280632,3.720667274285641,/gpfs/data/bbj-lab/users/daniel/input-representation-benchmark/outputs/runs/tokenized/mimiciv-3.1_meds_70-10-20/trentiles_none_unfused_time_tokens_first_24h-tokenized/test/reg_ridge_regression-preds-checkpoint-37000.pkl,/gpfs/data/bbj-lab/users/daniel/input-representation-benchmark/outputs/runs/tokenized/mimiciv-3.1_meds_70-10-20/trentiles_none_unfused_time_tokens_first_24h-tokenized/test/tokens_timelines_extended_outcomes.parquet
exp1_extended_regression,regression,max_sodium,trentiles_fused,spearman_rho,True,47942,0.462179749100855,0.4543278876338332,0.4691052677443951,/gpfs/data/bbj-lab/users/daniel/input-representation-benchmark/outputs/runs/tokenized/mimiciv-3.1_meds_70-10-20/trentiles_none_fused_time_tokens_first_24h-tokenized/test/reg_ridge_regression-preds-checkpoint-37000.pkl,/gpfs/data/bbj-lab/users/daniel/input-representation-benchmark/outputs/runs/tokenized/mimiciv-3.1_meds_70-10-20/trentiles_none_fused_time_tokens_first_24h-tokenized/test/tokens_timelines_extended_outcomes.parquet
exp1_extended_regression,regression,max_sodium,trentiles_fused,r2,True,47942,0.2447424756700215,0.2354576833055314,0.253434054371155,/gpfs/data/bbj-lab/users/daniel/input-representation-benchmark/outputs/runs/tokenized/mimiciv-3.1_meds_70-10-20/trentiles_none_fused_time_tokens_first_24h-tokenized/test/reg_ridge_regression-preds-checkpoint-37000.pkl,/gpfs/data/bbj-lab/users/daniel/input-representation-benchmark/outputs/runs/tokenized/mimiciv-3.1_meds_70-10-20/trentiles_none_fused_time_tokens_first_24h-tokenized/test/tokens_timelines_extended_outcomes.parquet
exp1_extended_regression,regression,max_sodium,trentiles_fused,mae,False,47942,2.617589581762446,2.596760697954635,2.6374558567289363,/gpfs/data/bbj-lab/users/daniel/input-representation-benchmark/outputs/runs/tokenized/mimiciv-3.1_meds_70-10-20/trentiles_none_fused_time_tokens_first_24h-tokenized/test/reg_ridge_regression-preds-checkpoint-37000.pkl,/gpfs/data/bbj-lab/users/daniel/input-representation-benchmark/outputs/runs/tokenized/mimiciv-3.1_meds_70-10-20/trentiles_none_fused_time_tokens_first_24h-tokenized/test/tokens_timelines_extended_outcomes.parquet
exp1_extended_regression,regression,max_sodium,trentiles_fused,rmse,False,47942,3.535780217883021,3.496917532933256,3.573200014409524,/gpfs/data/bbj-lab/users/daniel/input-representation-benchmark/outputs/runs/tokenized/mimiciv-3.1_meds_70-10-20/trentiles_none_fused_time_tokens_first_24h-tokenized/test/reg_ridge_regression-preds-checkpoint-37000.pkl,/gpfs/data/bbj-lab/users/daniel/input-representation-benchmark/outputs/runs/tokenized/mimiciv-3.1_meds_70-10-20/trentiles_none_fused_time_tokens_first_24h-tokenized/test/tokens_timelines_extended_outcomes.parquet
exp1_extended_regression,regression,max_sodium,trentiles_10_10_10_unfused,spearman_rho,True,47942,0.3472093144225411,0.339008842503157,0.3554283178661955,/gpfs/data/bbj-lab/users/daniel/input-representation-benchmark/outputs/runs/tokenized/mimiciv-3.1_meds_70-10-20/trentiles_10-10-10_unfused_time_tokens_first_24h-tokenized/test/reg_ridge_regression-preds-checkpoint-10000.pkl,/gpfs/data/bbj-lab/users/daniel/input-representation-benchmark/outputs/runs/tokenized/mimiciv-3.1_meds_70-10-20/trentiles_10-10-10_unfused_time_tokens_first_24h-tokenized/test/tokens_timelines_extended_outcomes.parquet
exp1_extended_regression,regression,max_sodium,trentiles_10_10_10_unfused,r2,True,47942,0.147955755562279,0.1400236740503905,0.1556445500115419,/gpfs/data/bbj-lab/users/daniel/input-representation-benchmark/outputs/runs/tokenized/mimiciv-3.1_meds_70-10-20/trentiles_10-10-10_unfused_time_tokens_first_24h-tokenized/test/reg_ridge_regression-preds-checkpoint-10000.pkl,/gpfs/data/bbj-lab/users/daniel/input-representation-benchmark/outputs/runs/tokenized/mimiciv-3.1_meds_70-10-20/trentiles_10-10-10_unfused_time_tokens_first_24h-tokenized/test/tokens_timelines_extended_outcomes.parquet
exp1_extended_regression,regression,max_sodium,trentiles_10_10_10_unfused,mae,False,47942,2.7792123822281205,2.7565893344687376,2.8013175684371405,/gpfs/data/bbj-lab/users/daniel/input-representation-benchmark/outputs/runs/tokenized/mimiciv-3.1_meds_70-10-20/trentiles_10-10-10_unfused_time_tokens_first_24h-tokenized/test/reg_ridge_regression-preds-checkpoint-10000.pkl,/gpfs/data/bbj-lab/users/daniel/input-representation-benchmark/outputs/runs/tokenized/mimiciv-3.1_meds_70-10-20/trentiles_10-10-10_unfused_time_tokens_first_24h-tokenized/test/tokens_timelines_extended_outcomes.parquet
exp1_extended_regression,regression,max_sodium,trentiles_10_10_10_unfused,rmse,False,47942,3.755508981103695,3.7159977037810505,3.7962599845318863,/gpfs/data/bbj-lab/users/daniel/input-representation-benchmark/outputs/runs/tokenized/mimiciv-3.1_meds_70-10-20/trentiles_10-10-10_unfused_time_tokens_first_24h-tokenized/test/reg_ridge_regression-preds-checkpoint-10000.pkl,/gpfs/data/bbj-lab/users/daniel/input-representation-benchmark/outputs/runs/tokenized/mimiciv-3.1_meds_70-10-20/trentiles_10-10-10_unfused_time_tokens_first_24h-tokenized/test/tokens_timelines_extended_outcomes.parquet
exp1_extended_regression,regression,max_sodium,trentiles_10_10_10_fused,spearman_rho,True,47942,0.4038177185563968,0.3957809221910099,0.411347536458833,/gpfs/data/bbj-lab/users/daniel/input-representation-benchmark/outputs/runs/tokenized/mimiciv-3.1_meds_70-10-20/trentiles_10-10-10_fused_time_tokens_first_24h-tokenized/test/reg_ridge_regression-preds-checkpoint-37000.pkl,/gpfs/data/bbj-lab/users/daniel/input-representation-benchmark/outputs/runs/tokenized/mimiciv-3.1_meds_70-10-20/trentiles_10-10-10_fused_time_tokens_first_24h-tokenized/test/tokens_timelines_extended_outcomes.parquet
exp1_extended_regression,regression,max_sodium,trentiles_10_10_10_fused,r2,True,47942,0.1982768966921478,0.1892989947451554,0.2069795620270205,/gpfs/data/bbj-lab/users/daniel/input-representation-benchmark/outputs/runs/tokenized/mimiciv-3.1_meds_70-10-20/trentiles_10-10-10_fused_time_tokens_first_24h-tokenized/test/reg_ridge_regression-preds-checkpoint-37000.pkl,/gpfs/data/bbj-lab/users/daniel/input-representation-benchmark/outputs/runs/tokenized/mimiciv-3.1_meds_70-10-20/trentiles_10-10-10_fused_time_tokens_first_24h-tokenized/test/tokens_timelines_extended_outcomes.parquet
exp1_extended_regression,regression,max_sodium,trentiles_10_10_10_fused,mae,False,47942,2.7029446363127816,2.6813950765865853,2.723796460074812,/gpfs/data/bbj-lab/users/daniel/input-representation-benchmark/outputs/runs/tokenized/mimiciv-3.1_meds_70-10-20/trentiles_10-10-10_fused_time_tokens_first_24h-tokenized/test/reg_ridge_regression-preds-checkpoint-37000.pkl,/gpfs/data/bbj-lab/users/daniel/input-representation-benchmark/outputs/runs/tokenized/mimiciv-3.1_meds_70-10-20/trentiles_10-10-10_fused_time_tokens_first_24h-tokenized/test/tokens_timelines_extended_outcomes.parquet
exp1_extended_regression,regression,max_sodium,trentiles_10_10_10_fused,rmse,False,47942,3.6429224888858656,3.605415354575199,3.681216174313204,/gpfs/data/bbj-lab/users/daniel/input-representation-benchmark/outputs/runs/tokenized/mimiciv-3.1_meds_70-10-20/trentiles_10-10-10_fused_time_tokens_first_24h-tokenized/test/reg_ridge_regression-preds-checkpoint-37000.pkl,/gpfs/data/bbj-lab/users/daniel/input-representation-benchmark/outputs/runs/tokenized/mimiciv-3.1_meds_70-10-20/trentiles_10-10-10_fused_time_tokens_first_24h-tokenized/test/tokens_timelines_extended_outcomes.parquet
exp1_extended_regression,regression,max_sodium,centiles_unfused,spearman_rho,True,47942,0.3578492962041091,0.3496556354292364,0.3659829941439447,/gpfs/data/bbj-lab/users/daniel/input-representation-benchmark/outputs/runs/tokenized/mimiciv-3.1_meds_70-10-20/centiles_none_unfused_time_tokens_first_24h-tokenized/test/reg_ridge_regression-preds-checkpoint-37000.pkl,/gpfs/data/bbj-lab/users/daniel/input-representation-benchmark/outputs/runs/tokenized/mimiciv-3.1_meds_70-10-20/centiles_none_unfused_time_tokens_first_24h-tokenized/test/tokens_timelines_extended_outcomes.parquet
exp1_extended_regression,regression,max_sodium,centiles_unfused,r2,True,47942,0.1607355017948033,0.1524483487887075,0.1686409380148144,/gpfs/data/bbj-lab/users/daniel/input-representation-benchmark/outputs/runs/tokenized/mimiciv-3.1_meds_70-10-20/centiles_none_unfused_time_tokens_first_24h-tokenized/test/reg_ridge_regression-preds-checkpoint-37000.pkl,/gpfs/data/bbj-lab/users/daniel/input-representation-benchmark/outputs/runs/tokenized/mimiciv-3.1_meds_70-10-20/centiles_none_unfused_time_tokens_first_24h-tokenized/test/tokens_timelines_extended_outcomes.parquet
exp1_extended_regression,regression,max_sodium,centiles_unfused,mae,False,47942,2.7697149920771325,2.7482955444088266,2.7924865924155022,/gpfs/data/bbj-lab/users/daniel/input-representation-benchmark/outputs/runs/tokenized/mimiciv-3.1_meds_70-10-20/centiles_none_unfused_time_tokens_first_24h-tokenized/test/reg_ridge_regression-preds-checkpoint-37000.pkl,/gpfs/data/bbj-lab/users/daniel/input-representation-benchmark/outputs/runs/tokenized/mimiciv-3.1_meds_70-10-20/centiles_none_unfused_time_tokens_first_24h-tokenized/test/tokens_timelines_extended_outcomes.parquet
exp1_extended_regression,regression,max_sodium,centiles_unfused,rmse,False,47942,3.727238277570291,3.688438659565529,3.768550018596362,/gpfs/data/bbj-lab/users/daniel/input-representation-benchmark/outputs/runs/tokenized/mimiciv-3.1_meds_70-10-20/centiles_none_unfused_time_tokens_first_24h-tokenized/test/reg_ridge_regression-preds-checkpoint-37000.pkl,/gpfs/data/bbj-lab/users/daniel/input-representation-benchmark/outputs/runs/tokenized/mimiciv-3.1_meds_70-10-20/centiles_none_unfused_time_tokens_first_24h-tokenized/test/tokens_timelines_extended_outcomes.parquet
exp1_extended_regression,regression,max_sodium,centiles_fused,spearman_rho,True,47942,0.4671453141029293,0.4592547472591185,0.4744871774049861,/gpfs/data/bbj-lab/users/daniel/input-representation-benchmark/outputs/runs/tokenized/mimiciv-3.1_meds_70-10-20/centiles_none_fused_time_tokens_first_24h-tokenized/test/reg_ridge_regression-preds-checkpoint-16500.pkl,/gpfs/data/bbj-lab/users/daniel/input-representation-benchmark/outputs/runs/tokenized/mimiciv-3.1_meds_70-10-20/centiles_none_fused_time_tokens_first_24h-tokenized/test/tokens_timelines_extended_outcomes.parquet
exp1_extended_regression,regression,max_sodium,centiles_fused,r2,True,47942,0.2476178104161325,0.2385704481859332,0.2563746866301803,/gpfs/data/bbj-lab/users/daniel/input-representation-benchmark/outputs/runs/tokenized/mimiciv-3.1_meds_70-10-20/centiles_none_fused_time_tokens_first_24h-tokenized/test/reg_ridge_regression-preds-checkpoint-16500.pkl,/gpfs/data/bbj-lab/users/daniel/input-representation-benchmark/outputs/runs/tokenized/mimiciv-3.1_meds_70-10-20/centiles_none_fused_time_tokens_first_24h-tokenized/test/tokens_timelines_extended_outcomes.parquet
exp1_extended_regression,regression,max_sodium,centiles_fused,mae,False,47942,2.605497300330992,2.5848238341059906,2.626509722800573,/gpfs/data/bbj-lab/users/daniel/input-representation-benchmark/outputs/runs/tokenized/mimiciv-3.1_meds_70-10-20/centiles_none_fused_time_tokens_first_24h-tokenized/test/reg_ridge_regression-preds-checkpoint-16500.pkl,/gpfs/data/bbj-lab/users/daniel/input-representation-benchmark/outputs/runs/tokenized/mimiciv-3.1_meds_70-10-20/centiles_none_fused_time_tokens_first_24h-tokenized/test/tokens_timelines_extended_outcomes.parquet
exp1_extended_regression,regression,max_sodium,centiles_fused,rmse,False,47942,3.529043279753058,3.490754332230199,3.567749687430281,/gpfs/data/bbj-lab/users/daniel/input-representation-benchmark/outputs/runs/tokenized/mimiciv-3.1_meds_70-10-20/centiles_none_fused_time_tokens_first_24h-tokenized/test/reg_ridge_regression-preds-checkpoint-16500.pkl,/gpfs/data/bbj-lab/users/daniel/input-representation-benchmark/outputs/runs/tokenized/mimiciv-3.1_meds_70-10-20/centiles_none_fused_time_tokens_first_24h-tokenized/test/tokens_timelines_extended_outcomes.parquet
exp1_extended_regression,regression,min_glucose,deciles_unfused,spearman_rho,True,47659,0.3216063148459454,0.3128106097038074,0.3297472765626793,/gpfs/data/bbj-lab/users/daniel/input-representation-benchmark/outputs/runs/tokenized/mimiciv-3.1_meds_70-10-20/deciles_none_unfused_time_tokens_first_24h-tokenized/test/reg_ridge_regression-preds-checkpoint-10000.pkl,/gpfs/data/bbj-lab/users/daniel/input-representation-benchmark/outputs/runs/tokenized/mimiciv-3.1_meds_70-10-20/deciles_none_unfused_time_tokens_first_24h-tokenized/test/tokens_timelines_extended_outcomes.parquet
exp1_extended_regression,regression,min_glucose,deciles_unfused,r2,True,47659,0.1266234828860218,0.1188219516711726,0.1341102100623725,/gpfs/data/bbj-lab/users/daniel/input-representation-benchmark/outputs/runs/tokenized/mimiciv-3.1_meds_70-10-20/deciles_none_unfused_time_tokens_first_24h-tokenized/test/reg_ridge_regression-preds-checkpoint-10000.pkl,/gpfs/data/bbj-lab/users/daniel/input-representation-benchmark/outputs/runs/tokenized/mimiciv-3.1_meds_70-10-20/deciles_none_unfused_time_tokens_first_24h-tokenized/test/tokens_timelines_extended_outcomes.parquet
exp1_extended_regression,regression,min_glucose,deciles_unfused,mae,False,47659,20.46387360451105,20.253939534872224,20.682974671780823,/gpfs/data/bbj-lab/users/daniel/input-representation-benchmark/outputs/runs/tokenized/mimiciv-3.1_meds_70-10-20/deciles_none_unfused_time_tokens_first_24h-tokenized/test/reg_ridge_regression-preds-checkpoint-10000.pkl,/gpfs/data/bbj-lab/users/daniel/input-representation-benchmark/outputs/runs/tokenized/mimiciv-3.1_meds_70-10-20/deciles_none_unfused_time_tokens_first_24h-tokenized/test/tokens_timelines_extended_outcomes.parquet
exp1_extended_regression,regression,min_glucose,deciles_unfused,rmse,False,47659,31.512703594790565,30.86413544477064,32.17138281479537,/gpfs/data/bbj-lab/users/daniel/input-representation-benchmark/outputs/runs/tokenized/mimiciv-3.1_meds_70-10-20/deciles_none_unfused_time_tokens_first_24h-tokenized/test/reg_ridge_regression-preds-checkpoint-10000.pkl,/gpfs/data/bbj-lab/users/daniel/input-representation-benchmark/outputs/runs/tokenized/mimiciv-3.1_meds_70-10-20/deciles_none_unfused_time_tokens_first_24h-tokenized/test/tokens_timelines_extended_outcomes.parquet
exp1_extended_regression,regression,min_glucose,deciles_fused,spearman_rho,True,47659,0.3779384190158485,0.3696058157755869,0.3864356942018793,/gpfs/data/bbj-lab/users/daniel/input-representation-benchmark/outputs/runs/tokenized/mimiciv-3.1_meds_70-10-20/deciles_none_fused_time_tokens_first_24h-tokenized/test/reg_ridge_regression-preds-checkpoint-17000.pkl,/gpfs/data/bbj-lab/users/daniel/input-representation-benchmark/outputs/runs/tokenized/mimiciv-3.1_meds_70-10-20/deciles_none_fused_time_tokens_first_24h-tokenized/test/tokens_timelines_extended_outcomes.parquet
exp1_extended_regression,regression,min_glucose,deciles_fused,r2,True,47659,0.163804172061811,0.1556067597261866,0.1724760209650489,/gpfs/data/bbj-lab/users/daniel/input-representation-benchmark/outputs/runs/tokenized/mimiciv-3.1_meds_70-10-20/deciles_none_fused_time_tokens_first_24h-tokenized/test/reg_ridge_regression-preds-checkpoint-17000.pkl,/gpfs/data/bbj-lab/users/daniel/input-representation-benchmark/outputs/runs/tokenized/mimiciv-3.1_meds_70-10-20/deciles_none_fused_time_tokens_first_24h-tokenized/test/tokens_timelines_extended_outcomes.parquet
exp1_extended_regression,regression,min_glucose,deciles_fused,mae,False,47659,19.938597747458115,19.73118023550041,20.153218014981874,/gpfs/data/bbj-lab/users/daniel/input-representation-benchmark/outputs/runs/tokenized/mimiciv-3.1_meds_70-10-20/deciles_none_fused_time_tokens_first_24h-tokenized/test/reg_ridge_regression-preds-checkpoint-17000.pkl,/gpfs/data/bbj-lab/users/daniel/input-representation-benchmark/outputs/runs/tokenized/mimiciv-3.1_meds_70-10-20/deciles_none_fused_time_tokens_first_24h-tokenized/test/tokens_timelines_extended_outcomes.parquet
exp1_extended_regression,regression,min_glucose,deciles_fused,rmse,False,47659,30.834641780825827,30.21797584430456,31.5008370379633,/gpfs/data/bbj-lab/users/daniel/input-representation-benchmark/outputs/runs/tokenized/mimiciv-3.1_meds_70-10-20/deciles_none_fused_time_tokens_first_24h-tokenized/test/reg_ridge_regression-preds-checkpoint-17000.pkl,/gpfs/data/bbj-lab/users/daniel/input-representation-benchmark/outputs/runs/tokenized/mimiciv-3.1_meds_70-10-20/deciles_none_fused_time_tokens_first_24h-tokenized/test/tokens_timelines_extended_outcomes.parquet
exp1_extended_regression,regression,min_glucose,ventiles_unfused,spearman_rho,True,47659,0.3426798995901134,0.3339598770389174,0.3511774361485088,/gpfs/data/bbj-lab/users/daniel/input-representation-benchmark/outputs/runs/tokenized/mimiciv-3.1_meds_70-10-20/ventiles_none_unfused_time_tokens_first_24h-tokenized/test/reg_ridge_regression-preds-checkpoint-37000.pkl,/gpfs/data/bbj-lab/users/daniel/input-representation-benchmark/outputs/runs/tokenized/mimiciv-3.1_meds_70-10-20/ventiles_none_unfused_time_tokens_first_24h-tokenized/test/tokens_timelines_extended_outcomes.parquet
exp1_extended_regression,regression,min_glucose,ventiles_unfused,r2,True,47659,0.1417680549552298,0.1326877140072032,0.1501692883633476,/gpfs/data/bbj-lab/users/daniel/input-representation-benchmark/outputs/runs/tokenized/mimiciv-3.1_meds_70-10-20/ventiles_none_unfused_time_tokens_first_24h-tokenized/test/reg_ridge_regression-preds-checkpoint-37000.pkl,/gpfs/data/bbj-lab/users/daniel/input-representation-benchmark/outputs/runs/tokenized/mimiciv-3.1_meds_70-10-20/ventiles_none_unfused_time_tokens_first_24h-tokenized/test/tokens_timelines_extended_outcomes.parquet
exp1_extended_regression,regression,min_glucose,ventiles_unfused,mae,False,47659,20.33449144154439,20.120006971495616,20.54652975686345,/gpfs/data/bbj-lab/users/daniel/input-representation-benchmark/outputs/runs/tokenized/mimiciv-3.1_meds_70-10-20/ventiles_none_unfused_time_tokens_first_24h-tokenized/test/reg_ridge_regression-preds-checkpoint-37000.pkl,/gpfs/data/bbj-lab/users/daniel/input-representation-benchmark/outputs/runs/tokenized/mimiciv-3.1_meds_70-10-20/ventiles_none_unfused_time_tokens_first_24h-tokenized/test/tokens_timelines_extended_outcomes.parquet
exp1_extended_regression,regression,min_glucose,ventiles_unfused,rmse,False,47659,31.23828962249499,30.58874331614533,31.90410292281494,/gpfs/data/bbj-lab/users/daniel/input-representation-benchmark/outputs/runs/tokenized/mimiciv-3.1_meds_70-10-20/ventiles_none_unfused_time_tokens_first_24h-tokenized/test/reg_ridge_regression-preds-checkpoint-37000.pkl,/gpfs/data/bbj-lab/users/daniel/input-representation-benchmark/outputs/runs/tokenized/mimiciv-3.1_meds_70-10-20/ventiles_none_unfused_time_tokens_first_24h-tokenized/test/tokens_timelines_extended_outcomes.parquet
exp1_extended_regression,regression,min_glucose,ventiles_fused,spearman_rho,True,47659,0.3689221186719794,0.3605274940105307,0.3773558705058511,/gpfs/data/bbj-lab/users/daniel/input-representation-benchmark/outputs/runs/tokenized/mimiciv-3.1_meds_70-10-20/ventiles_none_fused_time_tokens_first_24h-tokenized/test/reg_ridge_regression-preds-checkpoint-37000.pkl,/gpfs/data/bbj-lab/users/daniel/input-representation-benchmark/outputs/runs/tokenized/mimiciv-3.1_meds_70-10-20/ventiles_none_fused_time_tokens_first_24h-tokenized/test/tokens_timelines_extended_outcomes.parquet
exp1_extended_regression,regression,min_glucose,ventiles_fused,r2,True,47659,0.1598098969310206,0.1507467802991442,0.1686447869136916,/gpfs/data/bbj-lab/users/daniel/input-representation-benchmark/outputs/runs/tokenized/mimiciv-3.1_meds_70-10-20/ventiles_none_fused_time_tokens_first_24h-tokenized/test/reg_ridge_regression-preds-checkpoint-37000.pkl,/gpfs/data/bbj-lab/users/daniel/input-representation-benchmark/outputs/runs/tokenized/mimiciv-3.1_meds_70-10-20/ventiles_none_fused_time_tokens_first_24h-tokenized/test/tokens_timelines_extended_outcomes.parquet
exp1_extended_regression,regression,min_glucose,ventiles_fused,mae,False,47659,20.015937727043905,19.810083245900916,20.22988232880028,/gpfs/data/bbj-lab/users/daniel/input-representation-benchmark/outputs/runs/tokenized/mimiciv-3.1_meds_70-10-20/ventiles_none_fused_time_tokens_first_24h-tokenized/test/reg_ridge_regression-preds-checkpoint-37000.pkl,/gpfs/data/bbj-lab/users/daniel/input-representation-benchmark/outputs/runs/tokenized/mimiciv-3.1_meds_70-10-20/ventiles_none_fused_time_tokens_first_24h-tokenized/test/tokens_timelines_extended_outcomes.parquet
exp1_extended_regression,regression,min_glucose,ventiles_fused,rmse,False,47659,30.90819830385366,30.29059279688396,31.58525273561492,/gpfs/data/bbj-lab/users/daniel/input-representation-benchmark/outputs/runs/tokenized/mimiciv-3.1_meds_70-10-20/ventiles_none_fused_time_tokens_first_24h-tokenized/test/reg_ridge_regression-preds-checkpoint-37000.pkl,/gpfs/data/bbj-lab/users/daniel/input-representation-benchmark/outputs/runs/tokenized/mimiciv-3.1_meds_70-10-20/ventiles_none_fused_time_tokens_first_24h-tokenized/test/tokens_timelines_extended_outcomes.parquet
exp1_extended_regression,regression,min_glucose,ventiles_5_10_5_unfused,spearman_rho,True,47659,0.3504260600197459,0.3416883404767609,0.3585626483194769,/gpfs/data/bbj-lab/users/daniel/input-representation-benchmark/outputs/runs/tokenized/mimiciv-3.1_meds_70-10-20/ventiles_5-10-5_unfused_time_tokens_first_24h-tokenized/test/reg_ridge_regression-preds-checkpoint-37000.pkl,/gpfs/data/bbj-lab/users/daniel/input-representation-benchmark/outputs/runs/tokenized/mimiciv-3.1_meds_70-10-20/ventiles_5-10-5_unfused_time_tokens_first_24h-tokenized/test/tokens_timelines_extended_outcomes.parquet
exp1_extended_regression,regression,min_glucose,ventiles_5_10_5_unfused,r2,True,47659,0.1466551066331594,0.1381711950337397,0.1545936730930287,/gpfs/data/bbj-lab/users/daniel/input-representation-benchmark/outputs/runs/tokenized/mimiciv-3.1_meds_70-10-20/ventiles_5-10-5_unfused_time_tokens_first_24h-tokenized/test/reg_ridge_regression-preds-checkpoint-37000.pkl,/gpfs/data/bbj-lab/users/daniel/input-representation-benchmark/outputs/runs/tokenized/mimiciv-3.1_meds_70-10-20/ventiles_5-10-5_unfused_time_tokens_first_24h-tokenized/test/tokens_timelines_extended_outcomes.parquet
exp1_extended_regression,regression,min_glucose,ventiles_5_10_5_unfused,mae,False,47659,20.233230501609164,20.01525334189991,20.44549697760141,/gpfs/data/bbj-lab/users/daniel/input-representation-benchmark/outputs/runs/tokenized/mimiciv-3.1_meds_70-10-20/ventiles_5-10-5_unfused_time_tokens_first_24h-tokenized/test/reg_ridge_regression-preds-checkpoint-37000.pkl,/gpfs/data/bbj-lab/users/daniel/input-representation-benchmark/outputs/runs/tokenized/mimiciv-3.1_meds_70-10-20/ventiles_5-10-5_unfused_time_tokens_first_24h-tokenized/test/tokens_timelines_extended_outcomes.parquet
exp1_extended_regression,regression,min_glucose,ventiles_5_10_5_unfused,rmse,False,47659,31.14922215888081,30.499665256693607,31.808908924038494,/gpfs/data/bbj-lab/users/daniel/input-representation-benchmark/outputs/runs/tokenized/mimiciv-3.1_meds_70-10-20/ventiles_5-10-5_unfused_time_tokens_first_24h-tokenized/test/reg_ridge_regression-preds-checkpoint-37000.pkl,/gpfs/data/bbj-lab/users/daniel/input-representation-benchmark/outputs/runs/tokenized/mimiciv-3.1_meds_70-10-20/ventiles_5-10-5_unfused_time_tokens_first_24h-tokenized/test/tokens_timelines_extended_outcomes.parquet
exp1_extended_regression,regression,min_glucose,ventiles_5_10_5_fused,spearman_rho,True,47659,0.3826699072595846,0.3743375495699058,0.3909026835602517,/gpfs/data/bbj-lab/users/daniel/input-representation-benchmark/outputs/runs/tokenized/mimiciv-3.1_meds_70-10-20/ventiles_5-10-5_fused_time_tokens_first_24h-tokenized/test/reg_ridge_regression-preds-checkpoint-37000.pkl,/gpfs/data/bbj-lab/users/daniel/input-representation-benchmark/outputs/runs/tokenized/mimiciv-3.1_meds_70-10-20/ventiles_5-10-5_fused_time_tokens_first_24h-tokenized/test/tokens_timelines_extended_outcomes.parquet
exp1_extended_regression,regression,min_glucose,ventiles_5_10_5_fused,r2,True,47659,0.1643658694376294,0.1561582093032479,0.1727412607876188,/gpfs/data/bbj-lab/users/daniel/input-representation-benchmark/outputs/runs/tokenized/mimiciv-3.1_meds_70-10-20/ventiles_5-10-5_fused_time_tokens_first_24h-tokenized/test/reg_ridge_regression-preds-checkpoint-37000.pkl,/gpfs/data/bbj-lab/users/daniel/input-representation-benchmark/outputs/runs/tokenized/mimiciv-3.1_meds_70-10-20/ventiles_5-10-5_fused_time_tokens_first_24h-tokenized/test/tokens_timelines_extended_outcomes.parquet
exp1_extended_regression,regression,min_glucose,ventiles_5_10_5_fused,mae,False,47659,19.92168003771529,19.72660803062749,20.13532653709425,/gpfs/data/bbj-lab/users/daniel/input-representation-benchmark/outputs/runs/tokenized/mimiciv-3.1_meds_70-10-20/ventiles_5-10-5_fused_time_tokens_first_24h-tokenized/test/reg_ridge_regression-preds-checkpoint-37000.pkl,/gpfs/data/bbj-lab/users/daniel/input-representation-benchmark/outputs/runs/tokenized/mimiciv-3.1_meds_70-10-20/ventiles_5-10-5_fused_time_tokens_first_24h-tokenized/test/tokens_timelines_extended_outcomes.parquet
exp1_extended_regression,regression,min_glucose,ventiles_5_10_5_fused,rmse,False,47659,30.82428377238116,30.205342256821147,31.48594389064873,/gpfs/data/bbj-lab/users/daniel/input-representation-benchmark/outputs/runs/tokenized/mimiciv-3.1_meds_70-10-20/ventiles_5-10-5_fused_time_tokens_first_24h-tokenized/test/reg_ridge_regression-preds-checkpoint-37000.pkl,/gpfs/data/bbj-lab/users/daniel/input-representation-benchmark/outputs/runs/tokenized/mimiciv-3.1_meds_70-10-20/ventiles_5-10-5_fused_time_tokens_first_24h-tokenized/test/tokens_timelines_extended_outcomes.parquet
exp1_extended_regression,regression,min_glucose,trentiles_unfused,spearman_rho,True,47659,0.3581441897520975,0.3496938433096358,0.3665176596540385,/gpfs/data/bbj-lab/users/daniel/input-representation-benchmark/outputs/runs/tokenized/mimiciv-3.1_meds_70-10-20/trentiles_none_unfused_time_tokens_first_24h-tokenized/test/reg_ridge_regression-preds-checkpoint-37000.pkl,/gpfs/data/bbj-lab/users/daniel/input-representation-benchmark/outputs/runs/tokenized/mimiciv-3.1_meds_70-10-20/trentiles_none_unfused_time_tokens_first_24h-tokenized/test/tokens_timelines_extended_outcomes.parquet
exp1_extended_regression,regression,min_glucose,trentiles_unfused,r2,True,47659,0.1524393186060949,0.1432453182265864,0.16050648671033,/gpfs/data/bbj-lab/users/daniel/input-representation-benchmark/outputs/runs/tokenized/mimiciv-3.1_meds_70-10-20/trentiles_none_unfused_time_tokens_first_24h-tokenized/test/reg_ridge_regression-preds-checkpoint-37000.pkl,/gpfs/data/bbj-lab/users/daniel/input-representation-benchmark/outputs/runs/tokenized/mimiciv-3.1_meds_70-10-20/trentiles_none_unfused_time_tokens_first_24h-tokenized/test/tokens_timelines_extended_outcomes.parquet
exp1_extended_regression,regression,min_glucose,trentiles_unfused,mae,False,47659,20.120288906375933,19.91251829466636,20.338894975551483,/gpfs/data/bbj-lab/users/daniel/input-representation-benchmark/outputs/runs/tokenized/mimiciv-3.1_meds_70-10-20/trentiles_none_unfused_time_tokens_first_24h-tokenized/test/reg_ridge_regression-preds-checkpoint-37000.pkl,/gpfs/data/bbj-lab/users/daniel/input-representation-benchmark/outputs/runs/tokenized/mimiciv-3.1_meds_70-10-20/trentiles_none_unfused_time_tokens_first_24h-tokenized/test/tokens_timelines_extended_outcomes.parquet
exp1_extended_regression,regression,min_glucose,trentiles_unfused,rmse,False,47659,31.04347355632088,30.40893838283878,31.700456860844824,/gpfs/data/bbj-lab/users/daniel/input-representation-benchmark/outputs/runs/tokenized/mimiciv-3.1_meds_70-10-20/trentiles_none_unfused_time_tokens_first_24h-tokenized/test/reg_ridge_regression-preds-checkpoint-37000.pkl,/gpfs/data/bbj-lab/users/daniel/input-representation-benchmark/outputs/runs/tokenized/mimiciv-3.1_meds_70-10-20/trentiles_none_unfused_time_tokens_first_24h-tokenized/test/tokens_timelines_extended_outcomes.parquet
exp1_extended_regression,regression,min_glucose,trentiles_fused,spearman_rho,True,47659,0.370465648497139,0.3618219207724307,0.378675652086425,/gpfs/data/bbj-lab/users/daniel/input-representation-benchmark/outputs/runs/tokenized/mimiciv-3.1_meds_70-10-20/trentiles_none_fused_time_tokens_first_24h-tokenized/test/reg_ridge_regression-preds-checkpoint-37000.pkl,/gpfs/data/bbj-lab/users/daniel/input-representation-benchmark/outputs/runs/tokenized/mimiciv-3.1_meds_70-10-20/trentiles_none_fused_time_tokens_first_24h-tokenized/test/tokens_timelines_extended_outcomes.parquet
exp1_extended_regression,regression,min_glucose,trentiles_fused,r2,True,47659,0.1616209475436024,0.1534230700948314,0.1704050281058828,/gpfs/data/bbj-lab/users/daniel/input-representation-benchmark/outputs/runs/tokenized/mimiciv-3.1_meds_70-10-20/trentiles_none_fused_time_tokens_first_24h-tokenized/test/reg_ridge_regression-preds-checkpoint-37000.pkl,/gpfs/data/bbj-lab/users/daniel/input-representation-benchmark/outputs/runs/tokenized/mimiciv-3.1_meds_70-10-20/trentiles_none_fused_time_tokens_first_24h-tokenized/test/tokens_timelines_extended_outcomes.parquet
exp1_extended_regression,regression,min_glucose,trentiles_fused,mae,False,47659,20.00582374521023,19.799001096586203,20.224544669830053,/gpfs/data/bbj-lab/users/daniel/input-representation-benchmark/outputs/runs/tokenized/mimiciv-3.1_meds_70-10-20/trentiles_none_fused_time_tokens_first_24h-tokenized/test/reg_ridge_regression-preds-checkpoint-37000.pkl,/gpfs/data/bbj-lab/users/daniel/input-representation-benchmark/outputs/runs/tokenized/mimiciv-3.1_meds_70-10-20/trentiles_none_fused_time_tokens_first_24h-tokenized/test/tokens_timelines_extended_outcomes.parquet
exp1_extended_regression,regression,min_glucose,trentiles_fused,rmse,False,47659,30.874868639291098,30.251578349581628,31.55007750744837,/gpfs/data/bbj-lab/users/daniel/input-representation-benchmark/outputs/runs/tokenized/mimiciv-3.1_meds_70-10-20/trentiles_none_fused_time_tokens_first_24h-tokenized/test/reg_ridge_regression-preds-checkpoint-37000.pkl,/gpfs/data/bbj-lab/users/daniel/input-representation-benchmark/outputs/runs/tokenized/mimiciv-3.1_meds_70-10-20/trentiles_none_fused_time_tokens_first_24h-tokenized/test/tokens_timelines_extended_outcomes.parquet
exp1_extended_regression,regression,min_glucose,trentiles_10_10_10_unfused,spearman_rho,True,47659,0.3146123284278358,0.3063032801657571,0.3229568475869122,/gpfs/data/bbj-lab/users/daniel/input-representation-benchmark/outputs/runs/tokenized/mimiciv-3.1_meds_70-10-20/trentiles_10-10-10_unfused_time_tokens_first_24h-tokenized/test/reg_ridge_regression-preds-checkpoint-10000.pkl,/gpfs/data/bbj-lab/users/daniel/input-representation-benchmark/outputs/runs/tokenized/mimiciv-3.1_meds_70-10-20/trentiles_10-10-10_unfused_time_tokens_first_24h-tokenized/test/tokens_timelines_extended_outcomes.parquet
exp1_extended_regression,regression,min_glucose,trentiles_10_10_10_unfused,r2,True,47659,0.12363965263092,0.1155459292557576,0.1314629013495234,/gpfs/data/bbj-lab/users/daniel/input-representation-benchmark/outputs/runs/tokenized/mimiciv-3.1_meds_70-10-20/trentiles_10-10-10_unfused_time_tokens_first_24h-tokenized/test/reg_ridge_regression-preds-checkpoint-10000.pkl,/gpfs/data/bbj-lab/users/daniel/input-representation-benchmark/outputs/runs/tokenized/mimiciv-3.1_meds_70-10-20/trentiles_10-10-10_unfused_time_tokens_first_24h-tokenized/test/tokens_timelines_extended_outcomes.parquet
exp1_extended_regression,regression,min_glucose,trentiles_10_10_10_unfused,mae,False,47659,20.483379423018405,20.26952459224956,20.6974881430564,/gpfs/data/bbj-lab/users/daniel/input-representation-benchmark/outputs/runs/tokenized/mimiciv-3.1_meds_70-10-20/trentiles_10-10-10_unfused_time_tokens_first_24h-tokenized/test/reg_ridge_regression-preds-checkpoint-10000.pkl,/gpfs/data/bbj-lab/users/daniel/input-representation-benchmark/outputs/runs/tokenized/mimiciv-3.1_meds_70-10-20/trentiles_10-10-10_unfused_time_tokens_first_24h-tokenized/test/tokens_timelines_extended_outcomes.parquet
exp1_extended_regression,regression,min_glucose,trentiles_10_10_10_unfused,rmse,False,47659,31.566488178500855,30.9202158772478,32.22602935402733,/gpfs/data/bbj-lab/users/daniel/input-representation-benchmark/outputs/runs/tokenized/mimiciv-3.1_meds_70-10-20/trentiles_10-10-10_unfused_time_tokens_first_24h-tokenized/test/reg_ridge_regression-preds-checkpoint-10000.pkl,/gpfs/data/bbj-lab/users/daniel/input-representation-benchmark/outputs/runs/tokenized/mimiciv-3.1_meds_70-10-20/trentiles_10-10-10_unfused_time_tokens_first_24h-tokenized/test/tokens_timelines_extended_outcomes.parquet
exp1_extended_regression,regression,min_glucose,trentiles_10_10_10_fused,spearman_rho,True,47659,0.3475575734053387,0.3389909320943812,0.355925399317622,/gpfs/data/bbj-lab/users/daniel/input-representation-benchmark/outputs/runs/tokenized/mimiciv-3.1_meds_70-10-20/trentiles_10-10-10_fused_time_tokens_first_24h-tokenized/test/reg_ridge_regression-preds-checkpoint-37000.pkl,/gpfs/data/bbj-lab/users/daniel/input-representation-benchmark/outputs/runs/tokenized/mimiciv-3.1_meds_70-10-20/trentiles_10-10-10_fused_time_tokens_first_24h-tokenized/test/tokens_timelines_extended_outcomes.parquet
exp1_extended_regression,regression,min_glucose,trentiles_10_10_10_fused,r2,True,47659,0.1417250654438,0.1336603641779015,0.1496671718164097,/gpfs/data/bbj-lab/users/daniel/input-representation-benchmark/outputs/runs/tokenized/mimiciv-3.1_meds_70-10-20/trentiles_10-10-10_fused_time_tokens_first_24h-tokenized/test/reg_ridge_regression-preds-checkpoint-37000.pkl,/gpfs/data/bbj-lab/users/daniel/input-representation-benchmark/outputs/runs/tokenized/mimiciv-3.1_meds_70-10-20/trentiles_10-10-10_fused_time_tokens_first_24h-tokenized/test/tokens_timelines_extended_outcomes.parquet
exp1_extended_regression,regression,min_glucose,trentiles_10_10_10_fused,mae,False,47659,20.267624871342107,20.05862358463553,20.485826745927824,/gpfs/data/bbj-lab/users/daniel/input-representation-benchmark/outputs/runs/tokenized/mimiciv-3.1_meds_70-10-20/trentiles_10-10-10_fused_time_tokens_first_24h-tokenized/test/reg_ridge_regression-preds-checkpoint-37000.pkl,/gpfs/data/bbj-lab/users/daniel/input-representation-benchmark/outputs/runs/tokenized/mimiciv-3.1_meds_70-10-20/trentiles_10-10-10_fused_time_tokens_first_24h-tokenized/test/tokens_timelines_extended_outcomes.parquet
exp1_extended_regression,regression,min_glucose,trentiles_10_10_10_fused,rmse,False,47659,31.23907198791496,30.614834668731365,31.897993600787437,/gpfs/data/bbj-lab/users/daniel/input-representation-benchmark/outputs/runs/tokenized/mimiciv-3.1_meds_70-10-20/trentiles_10-10-10_fused_time_tokens_first_24h-tokenized/test/reg_ridge_regression-preds-checkpoint-37000.pkl,/gpfs/data/bbj-lab/users/daniel/input-representation-benchmark/outputs/runs/tokenized/mimiciv-3.1_meds_70-10-20/trentiles_10-10-10_fused_time_tokens_first_24h-tokenized/test/tokens_timelines_extended_outcomes.parquet
exp1_extended_regression,regression,min_glucose,centiles_unfused,spearman_rho,True,47659,0.351205443426034,0.342835471138787,0.3592952814404029,/gpfs/data/bbj-lab/users/daniel/input-representation-benchmark/outputs/runs/tokenized/mimiciv-3.1_meds_70-10-20/centiles_none_unfused_time_tokens_first_24h-tokenized/test/reg_ridge_regression-preds-checkpoint-37000.pkl,/gpfs/data/bbj-lab/users/daniel/input-representation-benchmark/outputs/runs/tokenized/mimiciv-3.1_meds_70-10-20/centiles_none_unfused_time_tokens_first_24h-tokenized/test/tokens_timelines_extended_outcomes.parquet
exp1_extended_regression,regression,min_glucose,centiles_unfused,r2,True,47659,0.1460460758395433,0.1376651913486941,0.1539009867786779,/gpfs/data/bbj-lab/users/daniel/input-representation-benchmark/outputs/runs/tokenized/mimiciv-3.1_meds_70-10-20/centiles_none_unfused_time_tokens_first_24h-tokenized/test/reg_ridge_regression-preds-checkpoint-37000.pkl,/gpfs/data/bbj-lab/users/daniel/input-representation-benchmark/outputs/runs/tokenized/mimiciv-3.1_meds_70-10-20/centiles_none_unfused_time_tokens_first_24h-tokenized/test/tokens_timelines_extended_outcomes.parquet
exp1_extended_regression,regression,min_glucose,centiles_unfused,mae,False,47659,20.22747448970777,20.008465730044865,20.440630834616577,/gpfs/data/bbj-lab/users/daniel/input-representation-benchmark/outputs/runs/tokenized/mimiciv-3.1_meds_70-10-20/centiles_none_unfused_time_tokens_first_24h-tokenized/test/reg_ridge_regression-preds-checkpoint-37000.pkl,/gpfs/data/bbj-lab/users/daniel/input-representation-benchmark/outputs/runs/tokenized/mimiciv-3.1_meds_70-10-20/centiles_none_unfused_time_tokens_first_24h-tokenized/test/tokens_timelines_extended_outcomes.parquet
exp1_extended_regression,regression,min_glucose,centiles_unfused,rmse,False,47659,31.16033574963615,30.514852937102862,31.80544039897517,/gpfs/data/bbj-lab/users/daniel/input-representation-benchmark/outputs/runs/tokenized/mimiciv-3.1_meds_70-10-20/centiles_none_unfused_time_tokens_first_24h-tokenized/test/reg_ridge_regression-preds-checkpoint-37000.pkl,/gpfs/data/bbj-lab/users/daniel/input-representation-benchmark/outputs/runs/tokenized/mimiciv-3.1_meds_70-10-20/centiles_none_unfused_time_tokens_first_24h-tokenized/test/tokens_timelines_extended_outcomes.parquet
exp1_extended_regression,regression,min_glucose,centiles_fused,spearman_rho,True,47659,0.3723246408488905,0.3639655464160073,0.3808607195945063,/gpfs/data/bbj-lab/users/daniel/input-representation-benchmark/outputs/runs/tokenized/mimiciv-3.1_meds_70-10-20/centiles_none_fused_time_tokens_first_24h-tokenized/test/reg_ridge_regression-preds-checkpoint-16500.pkl,/gpfs/data/bbj-lab/users/daniel/input-representation-benchmark/outputs/runs/tokenized/mimiciv-3.1_meds_70-10-20/centiles_none_fused_time_tokens_first_24h-tokenized/test/tokens_timelines_extended_outcomes.parquet
exp1_extended_regression,regression,min_glucose,centiles_fused,r2,True,47659,0.1641405679195879,0.1555049001213571,0.1729572949801346,/gpfs/data/bbj-lab/users/daniel/input-representation-benchmark/outputs/runs/tokenized/mimiciv-3.1_meds_70-10-20/centiles_none_fused_time_tokens_first_24h-tokenized/test/reg_ridge_regression-preds-checkpoint-16500.pkl,/gpfs/data/bbj-lab/users/daniel/input-representation-benchmark/outputs/runs/tokenized/mimiciv-3.1_meds_70-10-20/centiles_none_fused_time_tokens_first_24h-tokenized/test/tokens_timelines_extended_outcomes.parquet
exp1_extended_regression,regression,min_glucose,centiles_fused,mae,False,47659,20.017066447947183,19.81174253753192,20.23045832117454,/gpfs/data/bbj-lab/users/daniel/input-representation-benchmark/outputs/runs/tokenized/mimiciv-3.1_meds_70-10-20/centiles_none_fused_time_tokens_first_24h-tokenized/test/reg_ridge_regression-preds-checkpoint-16500.pkl,/gpfs/data/bbj-lab/users/daniel/input-representation-benchmark/outputs/runs/tokenized/mimiciv-3.1_meds_70-10-20/centiles_none_fused_time_tokens_first_24h-tokenized/test/tokens_timelines_extended_outcomes.parquet
exp1_extended_regression,regression,min_glucose,centiles_fused,rmse,False,47659,30.828438874254484,30.21711521863469,31.50247105556201,/gpfs/data/bbj-lab/users/daniel/input-representation-benchmark/outputs/runs/tokenized/mimiciv-3.1_meds_70-10-20/centiles_none_fused_time_tokens_first_24h-tokenized/test/reg_ridge_regression-preds-checkpoint-16500.pkl,/gpfs/data/bbj-lab/users/daniel/input-representation-benchmark/outputs/runs/tokenized/mimiciv-3.1_meds_70-10-20/centiles_none_fused_time_tokens_first_24h-tokenized/test/tokens_timelines_extended_outcomes.parquet
exp1_extended_regression,regression,min_hemoglobin,deciles_unfused,spearman_rho,True,48401,0.6571457290443172,0.6516893277914689,0.6628541296378693,/gpfs/data/bbj-lab/users/daniel/input-representation-benchmark/outputs/runs/tokenized/mimiciv-3.1_meds_70-10-20/deciles_none_unfused_time_tokens_first_24h-tokenized/test/reg_ridge_regression-preds-checkpoint-10000.pkl,/gpfs/data/bbj-lab/users/daniel/input-representation-benchmark/outputs/runs/tokenized/mimiciv-3.1_meds_70-10-20/deciles_none_unfused_time_tokens_first_24h-tokenized/test/tokens_timelines_extended_outcomes.parquet
exp1_extended_regression,regression,min_hemoglobin,deciles_unfused,r2,True,48401,0.4177173558578091,0.4107303812013995,0.4248208027730966,/gpfs/data/bbj-lab/users/daniel/input-representation-benchmark/outputs/runs/tokenized/mimiciv-3.1_meds_70-10-20/deciles_none_unfused_time_tokens_first_24h-tokenized/test/reg_ridge_regression-preds-checkpoint-10000.pkl,/gpfs/data/bbj-lab/users/daniel/input-representation-benchmark/outputs/runs/tokenized/mimiciv-3.1_meds_70-10-20/deciles_none_unfused_time_tokens_first_24h-tokenized/test/tokens_timelines_extended_outcomes.parquet
exp1_extended_regression,regression,min_hemoglobin,deciles_unfused,mae,False,48401,1.306126685104665,1.296201509581003,1.3156617129551946,/gpfs/data/bbj-lab/users/daniel/input-representation-benchmark/outputs/runs/tokenized/mimiciv-3.1_meds_70-10-20/deciles_none_unfused_time_tokens_first_24h-tokenized/test/reg_ridge_regression-preds-checkpoint-10000.pkl,/gpfs/data/bbj-lab/users/daniel/input-representation-benchmark/outputs/runs/tokenized/mimiciv-3.1_meds_70-10-20/deciles_none_unfused_time_tokens_first_24h-tokenized/test/tokens_timelines_extended_outcomes.parquet
exp1_extended_regression,regression,min_hemoglobin,deciles_unfused,rmse,False,48401,1.6822959630274024,1.6690901600844903,1.6944633602391976,/gpfs/data/bbj-lab/users/daniel/input-representation-benchmark/outputs/runs/tokenized/mimiciv-3.1_meds_70-10-20/deciles_none_unfused_time_tokens_first_24h-tokenized/test/reg_ridge_regression-preds-checkpoint-10000.pkl,/gpfs/data/bbj-lab/users/daniel/input-representation-benchmark/outputs/runs/tokenized/mimiciv-3.1_meds_70-10-20/deciles_none_unfused_time_tokens_first_24h-tokenized/test/tokens_timelines_extended_outcomes.parquet
exp1_extended_regression,regression,min_hemoglobin,deciles_fused,spearman_rho,True,48401,0.7620043091610624,0.7576955301111309,0.7661027137158611,/gpfs/data/bbj-lab/users/daniel/input-representation-benchmark/outputs/runs/tokenized/mimiciv-3.1_meds_70-10-20/deciles_none_fused_time_tokens_first_24h-tokenized/test/reg_ridge_regression-preds-checkpoint-17000.pkl,/gpfs/data/bbj-lab/users/daniel/input-representation-benchmark/outputs/runs/tokenized/mimiciv-3.1_meds_70-10-20/deciles_none_fused_time_tokens_first_24h-tokenized/test/tokens_timelines_extended_outcomes.parquet
exp1_extended_regression,regression,min_hemoglobin,deciles_fused,r2,True,48401,0.5635330849234549,0.5570111147034879,0.5698840772844009,/gpfs/data/bbj-lab/users/daniel/input-representation-benchmark/outputs/runs/tokenized/mimiciv-3.1_meds_70-10-20/deciles_none_fused_time_tokens_first_24h-tokenized/test/reg_ridge_regression-preds-checkpoint-17000.pkl,/gpfs/data/bbj-lab/users/daniel/input-representation-benchmark/outputs/runs/tokenized/mimiciv-3.1_meds_70-10-20/deciles_none_fused_time_tokens_first_24h-tokenized/test/tokens_timelines_extended_outcomes.parquet
exp1_extended_regression,regression,min_hemoglobin,deciles_fused,mae,False,48401,1.1018343877551455,1.0936328692920267,1.1101067472323416,/gpfs/data/bbj-lab/users/daniel/input-representation-benchmark/outputs/runs/tokenized/mimiciv-3.1_meds_70-10-20/deciles_none_fused_time_tokens_first_24h-tokenized/test/reg_ridge_regression-preds-checkpoint-17000.pkl,/gpfs/data/bbj-lab/users/daniel/input-representation-benchmark/outputs/runs/tokenized/mimiciv-3.1_meds_70-10-20/deciles_none_fused_time_tokens_first_24h-tokenized/test/tokens_timelines_extended_outcomes.parquet
exp1_extended_regression,regression,min_hemoglobin,deciles_fused,rmse,False,48401,1.4565021986409443,1.4441447096788689,1.468636894751217,/gpfs/data/bbj-lab/users/daniel/input-representation-benchmark/outputs/runs/tokenized/mimiciv-3.1_meds_70-10-20/deciles_none_fused_time_tokens_first_24h-tokenized/test/reg_ridge_regression-preds-checkpoint-17000.pkl,/gpfs/data/bbj-lab/users/daniel/input-representation-benchmark/outputs/runs/tokenized/mimiciv-3.1_meds_70-10-20/deciles_none_fused_time_tokens_first_24h-tokenized/test/tokens_timelines_extended_outcomes.parquet
exp1_extended_regression,regression,min_hemoglobin,ventiles_unfused,spearman_rho,True,48401,0.6761500587219574,0.6706902036732699,0.6817563000991703,/gpfs/data/bbj-lab/users/daniel/input-representation-benchmark/outputs/runs/tokenized/mimiciv-3.1_meds_70-10-20/ventiles_none_unfused_time_tokens_first_24h-tokenized/test/reg_ridge_regression-preds-checkpoint-37000.pkl,/gpfs/data/bbj-lab/users/daniel/input-representation-benchmark/outputs/runs/tokenized/mimiciv-3.1_meds_70-10-20/ventiles_none_unfused_time_tokens_first_24h-tokenized/test/tokens_timelines_extended_outcomes.parquet
exp1_extended_regression,regression,min_hemoglobin,ventiles_unfused,r2,True,48401,0.4466315872664151,0.4398475294957835,0.4538039590138649,/gpfs/data/bbj-lab/users/daniel/input-representation-benchmark/outputs/runs/tokenized/mimiciv-3.1_meds_70-10-20/ventiles_none_unfused_time_tokens_first_24h-tokenized/test/reg_ridge_regression-preds-checkpoint-37000.pkl,/gpfs/data/bbj-lab/users/daniel/input-representation-benchmark/outputs/runs/tokenized/mimiciv-3.1_meds_70-10-20/ventiles_none_unfused_time_tokens_first_24h-tokenized/test/tokens_timelines_extended_outcomes.parquet
exp1_extended_regression,regression,min_hemoglobin,ventiles_unfused,mae,False,48401,1.2748400432998523,1.2654306957877717,1.2837517357239716,/gpfs/data/bbj-lab/users/daniel/input-representation-benchmark/outputs/runs/tokenized/mimiciv-3.1_meds_70-10-20/ventiles_none_unfused_time_tokens_first_24h-tokenized/test/reg_ridge_regression-preds-checkpoint-37000.pkl,/gpfs/data/bbj-lab/users/daniel/input-representation-benchmark/outputs/runs/tokenized/mimiciv-3.1_meds_70-10-20/ventiles_none_unfused_time_tokens_first_24h-tokenized/test/tokens_timelines_extended_outcomes.parquet
exp1_extended_regression,regression,min_hemoglobin,ventiles_unfused,rmse,False,48401,1.639995523574561,1.627179772615212,1.651753821345079,/gpfs/data/bbj-lab/users/daniel/input-representation-benchmark/outputs/runs/tokenized/mimiciv-3.1_meds_70-10-20/ventiles_none_unfused_time_tokens_first_24h-tokenized/test/reg_ridge_regression-preds-checkpoint-37000.pkl,/gpfs/data/bbj-lab/users/daniel/input-representation-benchmark/outputs/runs/tokenized/mimiciv-3.1_meds_70-10-20/ventiles_none_unfused_time_tokens_first_24h-tokenized/test/tokens_timelines_extended_outcomes.parquet
exp1_extended_regression,regression,min_hemoglobin,ventiles_fused,spearman_rho,True,48401,0.7577188670635814,0.7532466920475055,0.7619195540622412,/gpfs/data/bbj-lab/users/daniel/input-representation-benchmark/outputs/runs/tokenized/mimiciv-3.1_meds_70-10-20/ventiles_none_fused_time_tokens_first_24h-tokenized/test/reg_ridge_regression-preds-checkpoint-37000.pkl,/gpfs/data/bbj-lab/users/daniel/input-representation-benchmark/outputs/runs/tokenized/mimiciv-3.1_meds_70-10-20/ventiles_none_fused_time_tokens_first_24h-tokenized/test/tokens_timelines_extended_outcomes.parquet
exp1_extended_regression,regression,min_hemoglobin,ventiles_fused,r2,True,48401,0.5558513409702668,0.5492317442047802,0.5622304978715176,/gpfs/data/bbj-lab/users/daniel/input-representation-benchmark/outputs/runs/tokenized/mimiciv-3.1_meds_70-10-20/ventiles_none_fused_time_tokens_first_24h-tokenized/test/reg_ridge_regression-preds-checkpoint-37000.pkl,/gpfs/data/bbj-lab/users/daniel/input-representation-benchmark/outputs/runs/tokenized/mimiciv-3.1_meds_70-10-20/ventiles_none_fused_time_tokens_first_24h-tokenized/test/tokens_timelines_extended_outcomes.parquet
exp1_extended_regression,regression,min_hemoglobin,ventiles_fused,mae,False,48401,1.114132538216675,1.105312203779751,1.1230883867490515,/gpfs/data/bbj-lab/users/daniel/input-representation-benchmark/outputs/runs/tokenized/mimiciv-3.1_meds_70-10-20/ventiles_none_fused_time_tokens_first_24h-tokenized/test/reg_ridge_regression-preds-checkpoint-37000.pkl,/gpfs/data/bbj-lab/users/daniel/input-representation-benchmark/outputs/runs/tokenized/mimiciv-3.1_meds_70-10-20/ventiles_none_fused_time_tokens_first_24h-tokenized/test/tokens_timelines_extended_outcomes.parquet
exp1_extended_regression,regression,min_hemoglobin,ventiles_fused,rmse,False,48401,1.4692633911261614,1.4568643914766728,1.4813708160471843,/gpfs/data/bbj-lab/users/daniel/input-representation-benchmark/outputs/runs/tokenized/mimiciv-3.1_meds_70-10-20/ventiles_none_fused_time_tokens_first_24h-tokenized/test/reg_ridge_regression-preds-checkpoint-37000.pkl,/gpfs/data/bbj-lab/users/daniel/input-representation-benchmark/outputs/runs/tokenized/mimiciv-3.1_meds_70-10-20/ventiles_none_fused_time_tokens_first_24h-tokenized/test/tokens_timelines_extended_outcomes.parquet
exp1_extended_regression,regression,min_hemoglobin,ventiles_5_10_5_unfused,spearman_rho,True,48401,0.6823128772232586,0.677120206766419,0.6874641369949853,/gpfs/data/bbj-lab/users/daniel/input-representation-benchmark/outputs/runs/tokenized/mimiciv-3.1_meds_70-10-20/ventiles_5-10-5_unfused_time_tokens_first_24h-tokenized/test/reg_ridge_regression-preds-checkpoint-37000.pkl,/gpfs/data/bbj-lab/users/daniel/input-representation-benchmark/outputs/runs/tokenized/mimiciv-3.1_meds_70-10-20/ventiles_5-10-5_unfused_time_tokens_first_24h-tokenized/test/tokens_timelines_extended_outcomes.parquet
exp1_extended_regression,regression,min_hemoglobin,ventiles_5_10_5_unfused,r2,True,48401,0.4538205693462444,0.4471961413410454,0.4607635703621841,/gpfs/data/bbj-lab/users/daniel/input-representation-benchmark/outputs/runs/tokenized/mimiciv-3.1_meds_70-10-20/ventiles_5-10-5_unfused_time_tokens_first_24h-tokenized/test/reg_ridge_regression-preds-checkpoint-37000.pkl,/gpfs/data/bbj-lab/users/daniel/input-representation-benchmark/outputs/runs/tokenized/mimiciv-3.1_meds_70-10-20/ventiles_5-10-5_unfused_time_tokens_first_24h-tokenized/test/tokens_timelines_extended_outcomes.parquet
exp1_extended_regression,regression,min_hemoglobin,ventiles_5_10_5_unfused,mae,False,48401,1.26583602985203,1.2563324993609524,1.2750185813826105,/gpfs/data/bbj-lab/users/daniel/input-representation-benchmark/outputs/runs/tokenized/mimiciv-3.1_meds_70-10-20/ventiles_5-10-5_unfused_time_tokens_first_24h-tokenized/test/reg_ridge_regression-preds-checkpoint-37000.pkl,/gpfs/data/bbj-lab/users/daniel/input-representation-benchmark/outputs/runs/tokenized/mimiciv-3.1_meds_70-10-20/ventiles_5-10-5_unfused_time_tokens_first_24h-tokenized/test/tokens_timelines_extended_outcomes.parquet
exp1_extended_regression,regression,min_hemoglobin,ventiles_5_10_5_unfused,rmse,False,48401,1.629307851050244,1.6167131218081157,1.6413089678036232,/gpfs/data/bbj-lab/users/daniel/input-representation-benchmark/outputs/runs/tokenized/mimiciv-3.1_meds_70-10-20/ventiles_5-10-5_unfused_time_tokens_first_24h-tokenized/test/reg_ridge_regression-preds-checkpoint-37000.pkl,/gpfs/data/bbj-lab/users/daniel/input-representation-benchmark/outputs/runs/tokenized/mimiciv-3.1_meds_70-10-20/ventiles_5-10-5_unfused_time_tokens_first_24h-tokenized/test/tokens_timelines_extended_outcomes.parquet
exp1_extended_regression,regression,min_hemoglobin,ventiles_5_10_5_fused,spearman_rho,True,48401,0.7421399901853024,0.7375763248868296,0.7465923452142791,/gpfs/data/bbj-lab/users/daniel/input-representation-benchmark/outputs/runs/tokenized/mimiciv-3.1_meds_70-10-20/ventiles_5-10-5_fused_time_tokens_first_24h-tokenized/test/reg_ridge_regression-preds-checkpoint-37000.pkl,/gpfs/data/bbj-lab/users/daniel/input-representation-benchmark/outputs/runs/tokenized/mimiciv-3.1_meds_70-10-20/ventiles_5-10-5_fused_time_tokens_first_24h-tokenized/test/tokens_timelines_extended_outcomes.parquet
exp1_extended_regression,regression,min_hemoglobin,ventiles_5_10_5_fused,r2,True,48401,0.5334643715612364,0.5266511477166383,0.5400092248233066,/gpfs/data/bbj-lab/users/daniel/input-representation-benchmark/outputs/runs/tokenized/mimiciv-3.1_meds_70-10-20/ventiles_5-10-5_fused_time_tokens_first_24h-tokenized/test/reg_ridge_regression-preds-checkpoint-37000.pkl,/gpfs/data/bbj-lab/users/daniel/input-representation-benchmark/outputs/runs/tokenized/mimiciv-3.1_meds_70-10-20/ventiles_5-10-5_fused_time_tokens_first_24h-tokenized/test/tokens_timelines_extended_outcomes.parquet
exp1_extended_regression,regression,min_hemoglobin,ventiles_5_10_5_fused,mae,False,48401,1.1522897252059805,1.1434930259670193,1.1606697195267333,/gpfs/data/bbj-lab/users/daniel/input-representation-benchmark/outputs/runs/tokenized/mimiciv-3.1_meds_70-10-20/ventiles_5-10-5_fused_time_tokens_first_24h-tokenized/test/reg_ridge_regression-preds-checkpoint-37000.pkl,/gpfs/data/bbj-lab/users/daniel/input-representation-benchmark/outputs/runs/tokenized/mimiciv-3.1_meds_70-10-20/ventiles_5-10-5_fused_time_tokens_first_24h-tokenized/test/tokens_timelines_extended_outcomes.parquet
exp1_extended_regression,regression,min_hemoglobin,ventiles_5_10_5_fused,rmse,False,48401,1.5058367358425453,1.4933899632883547,1.5180414174142367,/gpfs/data/bbj-lab/users/daniel/input-representation-benchmark/outputs/runs/tokenized/mimiciv-3.1_meds_70-10-20/ventiles_5-10-5_fused_time_tokens_first_24h-tokenized/test/reg_ridge_regression-preds-checkpoint-37000.pkl,/gpfs/data/bbj-lab/users/daniel/input-representation-benchmark/outputs/runs/tokenized/mimiciv-3.1_meds_70-10-20/ventiles_5-10-5_fused_time_tokens_first_24h-tokenized/test/tokens_timelines_extended_outcomes.parquet
exp1_extended_regression,regression,min_hemoglobin,trentiles_unfused,spearman_rho,True,48401,0.6740494911204953,0.6684182366023809,0.6795521747769762,/gpfs/data/bbj-lab/users/daniel/input-representation-benchmark/outputs/runs/tokenized/mimiciv-3.1_meds_70-10-20/trentiles_none_unfused_time_tokens_first_24h-tokenized/test/reg_ridge_regression-preds-checkpoint-37000.pkl,/gpfs/data/bbj-lab/users/daniel/input-representation-benchmark/outputs/runs/tokenized/mimiciv-3.1_meds_70-10-20/trentiles_none_unfused_time_tokens_first_24h-tokenized/test/tokens_timelines_extended_outcomes.parquet
exp1_extended_regression,regression,min_hemoglobin,trentiles_unfused,r2,True,48401,0.442224797367614,0.4352081803558563,0.4492438107679697,/gpfs/data/bbj-lab/users/daniel/input-representation-benchmark/outputs/runs/tokenized/mimiciv-3.1_meds_70-10-20/trentiles_none_unfused_time_tokens_first_24h-tokenized/test/reg_ridge_regression-preds-checkpoint-37000.pkl,/gpfs/data/bbj-lab/users/daniel/input-representation-benchmark/outputs/runs/tokenized/mimiciv-3.1_meds_70-10-20/trentiles_none_unfused_time_tokens_first_24h-tokenized/test/tokens_timelines_extended_outcomes.parquet
exp1_extended_regression,regression,min_hemoglobin,trentiles_unfused,mae,False,48401,1.2821998399767365,1.2727416151421969,1.291088842060428,/gpfs/data/bbj-lab/users/daniel/input-representation-benchmark/outputs/runs/tokenized/mimiciv-3.1_meds_70-10-20/trentiles_none_unfused_time_tokens_first_24h-tokenized/test/reg_ridge_regression-preds-checkpoint-37000.pkl,/gpfs/data/bbj-lab/users/daniel/input-representation-benchmark/outputs/runs/tokenized/mimiciv-3.1_meds_70-10-20/trentiles_none_unfused_time_tokens_first_24h-tokenized/test/tokens_timelines_extended_outcomes.parquet
exp1_extended_regression,regression,min_hemoglobin,trentiles_unfused,rmse,False,48401,1.6465126865830213,1.633989024855362,1.658250549735471,/gpfs/data/bbj-lab/users/daniel/input-representation-benchmark/outputs/runs/tokenized/mimiciv-3.1_meds_70-10-20/trentiles_none_unfused_time_tokens_first_24h-tokenized/test/reg_ridge_regression-preds-checkpoint-37000.pkl,/gpfs/data/bbj-lab/users/daniel/input-representation-benchmark/outputs/runs/tokenized/mimiciv-3.1_meds_70-10-20/trentiles_none_unfused_time_tokens_first_24h-tokenized/test/tokens_timelines_extended_outcomes.parquet
exp1_extended_regression,regression,min_hemoglobin,trentiles_fused,spearman_rho,True,48401,0.7354440677381902,0.7308013512109848,0.7400204733259943,/gpfs/data/bbj-lab/users/daniel/input-representation-benchmark/outputs/runs/tokenized/mimiciv-3.1_meds_70-10-20/trentiles_none_fused_time_tokens_first_24h-tokenized/test/reg_ridge_regression-preds-checkpoint-37000.pkl,/gpfs/data/bbj-lab/users/daniel/input-representation-benchmark/outputs/runs/tokenized/mimiciv-3.1_meds_70-10-20/trentiles_none_fused_time_tokens_first_24h-tokenized/test/tokens_timelines_extended_outcomes.parquet
exp1_extended_regression,regression,min_hemoglobin,trentiles_fused,r2,True,48401,0.5223641042846001,0.5156517969381028,0.5289748166768538,/gpfs/data/bbj-lab/users/daniel/input-representation-benchmark/outputs/runs/tokenized/mimiciv-3.1_meds_70-10-20/trentiles_none_fused_time_tokens_first_24h-tokenized/test/reg_ridge_regression-preds-checkpoint-37000.pkl,/gpfs/data/bbj-lab/users/daniel/input-representation-benchmark/outputs/runs/tokenized/mimiciv-3.1_meds_70-10-20/trentiles_none_fused_time_tokens_first_24h-tokenized/test/tokens_timelines_extended_outcomes.parquet
exp1_extended_regression,regression,min_hemoglobin,trentiles_fused,mae,False,48401,1.1662897162443508,1.157267101129949,1.1751727047981428,/gpfs/data/bbj-lab/users/daniel/input-representation-benchmark/outputs/runs/tokenized/mimiciv-3.1_meds_70-10-20/trentiles_none_fused_time_tokens_first_24h-tokenized/test/reg_ridge_regression-preds-checkpoint-37000.pkl,/gpfs/data/bbj-lab/users/daniel/input-representation-benchmark/outputs/runs/tokenized/mimiciv-3.1_meds_70-10-20/trentiles_none_fused_time_tokens_first_24h-tokenized/test/tokens_timelines_extended_outcomes.parquet
exp1_extended_regression,regression,min_hemoglobin,trentiles_fused,rmse,False,48401,1.523645589820282,1.5111196550081911,1.535443733656316,/gpfs/data/bbj-lab/users/daniel/input-representation-benchmark/outputs/runs/tokenized/mimiciv-3.1_meds_70-10-20/trentiles_none_fused_time_tokens_first_24h-tokenized/test/reg_ridge_regression-preds-checkpoint-37000.pkl,/gpfs/data/bbj-lab/users/daniel/input-representation-benchmark/outputs/runs/tokenized/mimiciv-3.1_meds_70-10-20/trentiles_none_fused_time_tokens_first_24h-tokenized/test/tokens_timelines_extended_outcomes.parquet
exp1_extended_regression,regression,min_hemoglobin,trentiles_10_10_10_unfused,spearman_rho,True,48401,0.6151162898535334,0.6090898647763481,0.6212831124153051,/gpfs/data/bbj-lab/users/daniel/input-representation-benchmark/outputs/runs/tokenized/mimiciv-3.1_meds_70-10-20/trentiles_10-10-10_unfused_time_tokens_first_24h-tokenized/test/reg_ridge_regression-preds-checkpoint-10000.pkl,/gpfs/data/bbj-lab/users/daniel/input-representation-benchmark/outputs/runs/tokenized/mimiciv-3.1_meds_70-10-20/trentiles_10-10-10_unfused_time_tokens_first_24h-tokenized/test/tokens_timelines_extended_outcomes.parquet
exp1_extended_regression,regression,min_hemoglobin,trentiles_10_10_10_unfused,r2,True,48401,0.3714047702704712,0.3640202984792731,0.3787034544433973,/gpfs/data/bbj-lab/users/daniel/input-representation-benchmark/outputs/runs/tokenized/mimiciv-3.1_meds_70-10-20/trentiles_10-10-10_unfused_time_tokens_first_24h-tokenized/test/reg_ridge_regression-preds-checkpoint-10000.pkl,/gpfs/data/bbj-lab/users/daniel/input-representation-benchmark/outputs/runs/tokenized/mimiciv-3.1_meds_70-10-20/trentiles_10-10-10_unfused_time_tokens_first_24h-tokenized/test/tokens_timelines_extended_outcomes.parquet
exp1_extended_regression,regression,min_hemoglobin,trentiles_10_10_10_unfused,mae,False,48401,1.3714990943156236,1.361522905624164,1.3807855789855337,/gpfs/data/bbj-lab/users/daniel/input-representation-benchmark/outputs/runs/tokenized/mimiciv-3.1_meds_70-10-20/trentiles_10-10-10_unfused_time_tokens_first_24h-tokenized/test/reg_ridge_regression-preds-checkpoint-10000.pkl,/gpfs/data/bbj-lab/users/daniel/input-representation-benchmark/outputs/runs/tokenized/mimiciv-3.1_meds_70-10-20/trentiles_10-10-10_unfused_time_tokens_first_24h-tokenized/test/tokens_timelines_extended_outcomes.parquet
exp1_extended_regression,regression,min_hemoglobin,trentiles_10_10_10_unfused,rmse,False,48401,1.747917862165414,1.7349042945838262,1.7599037774084196,/gpfs/data/bbj-lab/users/daniel/input-representation-benchmark/outputs/runs/tokenized/mimiciv-3.1_meds_70-10-20/trentiles_10-10-10_unfused_time_tokens_first_24h-tokenized/test/reg_ridge_regression-preds-checkpoint-10000.pkl,/gpfs/data/bbj-lab/users/daniel/input-representation-benchmark/outputs/runs/tokenized/mimiciv-3.1_meds_70-10-20/trentiles_10-10-10_unfused_time_tokens_first_24h-tokenized/test/tokens_timelines_extended_outcomes.parquet
exp1_extended_regression,regression,min_hemoglobin,trentiles_10_10_10_fused,spearman_rho,True,48401,0.7161348099409345,0.7112400052447156,0.7207923698783906,/gpfs/data/bbj-lab/users/daniel/input-representation-benchmark/outputs/runs/tokenized/mimiciv-3.1_meds_70-10-20/trentiles_10-10-10_fused_time_tokens_first_24h-tokenized/test/reg_ridge_regression-preds-checkpoint-37000.pkl,/gpfs/data/bbj-lab/users/daniel/input-representation-benchmark/outputs/runs/tokenized/mimiciv-3.1_meds_70-10-20/trentiles_10-10-10_fused_time_tokens_first_24h-tokenized/test/tokens_timelines_extended_outcomes.parquet
exp1_extended_regression,regression,min_hemoglobin,trentiles_10_10_10_fused,r2,True,48401,0.4978507113652545,0.4908793791452789,0.5043066734115943,/gpfs/data/bbj-lab/users/daniel/input-representation-benchmark/outputs/runs/tokenized/mimiciv-3.1_meds_70-10-20/trentiles_10-10-10_fused_time_tokens_first_24h-tokenized/test/reg_ridge_regression-preds-checkpoint-37000.pkl,/gpfs/data/bbj-lab/users/daniel/input-representation-benchmark/outputs/runs/tokenized/mimiciv-3.1_meds_70-10-20/trentiles_10-10-10_fused_time_tokens_first_24h-tokenized/test/tokens_timelines_extended_outcomes.parquet
exp1_extended_regression,regression,min_hemoglobin,trentiles_10_10_10_fused,mae,False,48401,1.2031757282682332,1.1941093358571813,1.2121724130263618,/gpfs/data/bbj-lab/users/daniel/input-representation-benchmark/outputs/runs/tokenized/mimiciv-3.1_meds_70-10-20/trentiles_10-10-10_fused_time_tokens_first_24h-tokenized/test/reg_ridge_regression-preds-checkpoint-37000.pkl,/gpfs/data/bbj-lab/users/daniel/input-representation-benchmark/outputs/runs/tokenized/mimiciv-3.1_meds_70-10-20/trentiles_10-10-10_fused_time_tokens_first_24h-tokenized/test/tokens_timelines_extended_outcomes.parquet
exp1_extended_regression,regression,min_hemoglobin,trentiles_10_10_10_fused,rmse,False,48401,1.5622549374795092,1.5500322029007287,1.57420394140207,/gpfs/data/bbj-lab/users/daniel/input-representation-benchmark/outputs/runs/tokenized/mimiciv-3.1_meds_70-10-20/trentiles_10-10-10_fused_time_tokens_first_24h-tokenized/test/reg_ridge_regression-preds-checkpoint-37000.pkl,/gpfs/data/bbj-lab/users/daniel/input-representation-benchmark/outputs/runs/tokenized/mimiciv-3.1_meds_70-10-20/trentiles_10-10-10_fused_time_tokens_first_24h-tokenized/test/tokens_timelines_extended_outcomes.parquet
exp1_extended_regression,regression,min_hemoglobin,centiles_unfused,spearman_rho,True,48401,0.6725242301297707,0.6674755175423087,0.6781380586973735,/gpfs/data/bbj-lab/users/daniel/input-representation-benchmark/outputs/runs/tokenized/mimiciv-3.1_meds_70-10-20/centiles_none_unfused_time_tokens_first_24h-tokenized/test/reg_ridge_regression-preds-checkpoint-37000.pkl,/gpfs/data/bbj-lab/users/daniel/input-representation-benchmark/outputs/runs/tokenized/mimiciv-3.1_meds_70-10-20/centiles_none_unfused_time_tokens_first_24h-tokenized/test/tokens_timelines_extended_outcomes.parquet
exp1_extended_regression,regression,min_hemoglobin,centiles_unfused,r2,True,48401,0.4391469977219193,0.4327951829909478,0.44641281832333,/gpfs/data/bbj-lab/users/daniel/input-representation-benchmark/outputs/runs/tokenized/mimiciv-3.1_meds_70-10-20/centiles_none_unfused_time_tokens_first_24h-tokenized/test/reg_ridge_regression-preds-checkpoint-37000.pkl,/gpfs/data/bbj-lab/users/daniel/input-representation-benchmark/outputs/runs/tokenized/mimiciv-3.1_meds_70-10-20/centiles_none_unfused_time_tokens_first_24h-tokenized/test/tokens_timelines_extended_outcomes.parquet
exp1_extended_regression,regression,min_hemoglobin,centiles_unfused,mae,False,48401,1.2872150705237488,1.2777507536986903,1.2964518267297025,/gpfs/data/bbj-lab/users/daniel/input-representation-benchmark/outputs/runs/tokenized/mimiciv-3.1_meds_70-10-20/centiles_none_unfused_time_tokens_first_24h-tokenized/test/reg_ridge_regression-preds-checkpoint-37000.pkl,/gpfs/data/bbj-lab/users/daniel/input-representation-benchmark/outputs/runs/tokenized/mimiciv-3.1_meds_70-10-20/centiles_none_unfused_time_tokens_first_24h-tokenized/test/tokens_timelines_extended_outcomes.parquet
exp1_extended_regression,regression,min_hemoglobin,centiles_unfused,rmse,False,48401,1.6510491598482833,1.6385162116430454,1.663065970358903,/gpfs/data/bbj-lab/users/daniel/input-representation-benchmark/outputs/runs/tokenized/mimiciv-3.1_meds_70-10-20/centiles_none_unfused_time_tokens_first_24h-tokenized/test/reg_ridge_regression-preds-checkpoint-37000.pkl,/gpfs/data/bbj-lab/users/daniel/input-representation-benchmark/outputs/runs/tokenized/mimiciv-3.1_meds_70-10-20/centiles_none_unfused_time_tokens_first_24h-tokenized/test/tokens_timelines_extended_outcomes.parquet
exp1_extended_regression,regression,min_hemoglobin,centiles_fused,spearman_rho,True,48401,0.7466367562636202,0.7419365689080313,0.7510059598921934,/gpfs/data/bbj-lab/users/daniel/input-representation-benchmark/outputs/runs/tokenized/mimiciv-3.1_meds_70-10-20/centiles_none_fused_time_tokens_first_24h-tokenized/test/reg_ridge_regression-preds-checkpoint-16500.pkl,/gpfs/data/bbj-lab/users/daniel/input-representation-benchmark/outputs/runs/tokenized/mimiciv-3.1_meds_70-10-20/centiles_none_fused_time_tokens_first_24h-tokenized/test/tokens_timelines_extended_outcomes.parquet
exp1_extended_regression,regression,min_hemoglobin,centiles_fused,r2,True,48401,0.5388739422465434,0.5319879943042881,0.5450428900553389,/gpfs/data/bbj-lab/users/daniel/input-representation-benchmark/outputs/runs/tokenized/mimiciv-3.1_meds_70-10-20/centiles_none_fused_time_tokens_first_24h-tokenized/test/reg_ridge_regression-preds-checkpoint-16500.pkl,/gpfs/data/bbj-lab/users/daniel/input-representation-benchmark/outputs/runs/tokenized/mimiciv-3.1_meds_70-10-20/centiles_none_fused_time_tokens_first_24h-tokenized/test/tokens_timelines_extended_outcomes.parquet
exp1_extended_regression,regression,min_hemoglobin,centiles_fused,mae,False,48401,1.1410896224396172,1.1325281796432052,1.149567373971178,/gpfs/data/bbj-lab/users/daniel/input-representation-benchmark/outputs/runs/tokenized/mimiciv-3.1_meds_70-10-20/centiles_none_fused_time_tokens_first_24h-tokenized/test/reg_ridge_regression-preds-checkpoint-16500.pkl,/gpfs/data/bbj-lab/users/daniel/input-representation-benchmark/outputs/runs/tokenized/mimiciv-3.1_meds_70-10-20/centiles_none_fused_time_tokens_first_24h-tokenized/test/tokens_timelines_extended_outcomes.parquet
exp1_extended_regression,regression,min_hemoglobin,centiles_fused,rmse,False,48401,1.497081047021733,1.4851387738971753,1.5094976459741931,/gpfs/data/bbj-lab/users/daniel/input-representation-benchmark/outputs/runs/tokenized/mimiciv-3.1_meds_70-10-20/centiles_none_fused_time_tokens_first_24h-tokenized/test/reg_ridge_regression-preds-checkpoint-16500.pkl,/gpfs/data/bbj-lab/users/daniel/input-representation-benchmark/outputs/runs/tokenized/mimiciv-3.1_meds_70-10-20/centiles_none_fused_time_tokens_first_24h-tokenized/test/tokens_timelines_extended_outcomes.parquet
exp1_extended_regression,regression,min_potassium,deciles_unfused,spearman_rho,True,48074,0.4260833524614512,0.4180813435404439,0.4333972732975096,/gpfs/data/bbj-lab/users/daniel/input-representation-benchmark/outputs/runs/tokenized/mimiciv-3.1_meds_70-10-20/deciles_none_unfused_time_tokens_first_24h-tokenized/test/reg_ridge_regression-preds-checkpoint-10000.pkl,/gpfs/data/bbj-lab/users/daniel/input-representation-benchmark/outputs/runs/tokenized/mimiciv-3.1_meds_70-10-20/deciles_none_unfused_time_tokens_first_24h-tokenized/test/tokens_timelines_extended_outcomes.parquet
exp1_extended_regression,regression,min_potassium,deciles_unfused,r2,True,48074,0.1773154983782219,0.1708332942862172,0.1837086287781364,/gpfs/data/bbj-lab/users/daniel/input-representation-benchmark/outputs/runs/tokenized/mimiciv-3.1_meds_70-10-20/deciles_none_unfused_time_tokens_first_24h-tokenized/test/reg_ridge_regression-preds-checkpoint-10000.pkl,/gpfs/data/bbj-lab/users/daniel/input-representation-benchmark/outputs/runs/tokenized/mimiciv-3.1_meds_70-10-20/deciles_none_unfused_time_tokens_first_24h-tokenized/test/tokens_timelines_extended_outcomes.parquet
exp1_extended_regression,regression,min_potassium,deciles_unfused,mae,False,48074,0.3414619220254714,0.3390215895335018,0.3438589004685821,/gpfs/data/bbj-lab/users/daniel/input-representation-benchmark/outputs/runs/tokenized/mimiciv-3.1_meds_70-10-20/deciles_none_unfused_time_tokens_first_24h-tokenized/test/reg_ridge_regression-preds-checkpoint-10000.pkl,/gpfs/data/bbj-lab/users/daniel/input-representation-benchmark/outputs/runs/tokenized/mimiciv-3.1_meds_70-10-20/deciles_none_unfused_time_tokens_first_24h-tokenized/test/tokens_timelines_extended_outcomes.parquet
exp1_extended_regression,regression,min_potassium,deciles_unfused,rmse,False,48074,0.4397384860025771,0.4364870921559289,0.4430299847015199,/gpfs/data/bbj-lab/users/daniel/input-representation-benchmark/outputs/runs/tokenized/mimiciv-3.1_meds_70-10-20/deciles_none_unfused_time_tokens_first_24h-tokenized/test/reg_ridge_regression-preds-checkpoint-10000.pkl,/gpfs/data/bbj-lab/users/daniel/input-representation-benchmark/outputs/runs/tokenized/mimiciv-3.1_meds_70-10-20/deciles_none_unfused_time_tokens_first_24h-tokenized/test/tokens_timelines_extended_outcomes.parquet
exp1_extended_regression,regression,min_potassium,deciles_fused,spearman_rho,True,48074,0.5041898354310771,0.4970548867330759,0.5111248191050747,/gpfs/data/bbj-lab/users/daniel/input-representation-benchmark/outputs/runs/tokenized/mimiciv-3.1_meds_70-10-20/deciles_none_fused_time_tokens_first_24h-tokenized/test/reg_ridge_regression-preds-checkpoint-17000.pkl,/gpfs/data/bbj-lab/users/daniel/input-representation-benchmark/outputs/runs/tokenized/mimiciv-3.1_meds_70-10-20/deciles_none_fused_time_tokens_first_24h-tokenized/test/tokens_timelines_extended_outcomes.parquet
exp1_extended_regression,regression,min_potassium,deciles_fused,r2,True,48074,0.2476154997998947,0.2405674766566338,0.2545206020397986,/gpfs/data/bbj-lab/users/daniel/input-representation-benchmark/outputs/runs/tokenized/mimiciv-3.1_meds_70-10-20/deciles_none_fused_time_tokens_first_24h-tokenized/test/reg_ridge_regression-preds-checkpoint-17000.pkl,/gpfs/data/bbj-lab/users/daniel/input-representation-benchmark/outputs/runs/tokenized/mimiciv-3.1_meds_70-10-20/deciles_none_fused_time_tokens_first_24h-tokenized/test/tokens_timelines_extended_outcomes.parquet
exp1_extended_regression,regression,min_potassium,deciles_fused,mae,False,48074,0.3244014686159372,0.3221056146110912,0.3267357526322634,/gpfs/data/bbj-lab/users/daniel/input-representation-benchmark/outputs/runs/tokenized/mimiciv-3.1_meds_70-10-20/deciles_none_fused_time_tokens_first_24h-tokenized/test/reg_ridge_regression-preds-checkpoint-17000.pkl,/gpfs/data/bbj-lab/users/daniel/input-representation-benchmark/outputs/runs/tokenized/mimiciv-3.1_meds_70-10-20/deciles_none_fused_time_tokens_first_24h-tokenized/test/tokens_timelines_extended_outcomes.parquet
exp1_extended_regression,regression,min_potassium,deciles_fused,rmse,False,48074,0.4205307318494525,0.4172881483732184,0.423779452160248,/gpfs/data/bbj-lab/users/daniel/input-representation-benchmark/outputs/runs/tokenized/mimiciv-3.1_meds_70-10-20/deciles_none_fused_time_tokens_first_24h-tokenized/test/reg_ridge_regression-preds-checkpoint-17000.pkl,/gpfs/data/bbj-lab/users/daniel/input-representation-benchmark/outputs/runs/tokenized/mimiciv-3.1_meds_70-10-20/deciles_none_fused_time_tokens_first_24h-tokenized/test/tokens_timelines_extended_outcomes.parquet
exp1_extended_regression,regression,min_potassium,ventiles_unfused,spearman_rho,True,48074,0.4559884865399397,0.4485885874531709,0.4629700862252482,/gpfs/data/bbj-lab/users/daniel/input-representation-benchmark/outputs/runs/tokenized/mimiciv-3.1_meds_70-10-20/ventiles_none_unfused_time_tokens_first_24h-tokenized/test/reg_ridge_regression-preds-checkpoint-37000.pkl,/gpfs/data/bbj-lab/users/daniel/input-representation-benchmark/outputs/runs/tokenized/mimiciv-3.1_meds_70-10-20/ventiles_none_unfused_time_tokens_first_24h-tokenized/test/tokens_timelines_extended_outcomes.parquet
exp1_extended_regression,regression,min_potassium,ventiles_unfused,r2,True,48074,0.2041104611343195,0.1973333959870796,0.210549446064174,/gpfs/data/bbj-lab/users/daniel/input-representation-benchmark/outputs/runs/tokenized/mimiciv-3.1_meds_70-10-20/ventiles_none_unfused_time_tokens_first_24h-tokenized/test/reg_ridge_regression-preds-checkpoint-37000.pkl,/gpfs/data/bbj-lab/users/daniel/input-representation-benchmark/outputs/runs/tokenized/mimiciv-3.1_meds_70-10-20/ventiles_none_unfused_time_tokens_first_24h-tokenized/test/tokens_timelines_extended_outcomes.parquet
exp1_extended_regression,regression,min_potassium,ventiles_unfused,mae,False,48074,0.3354235974519627,0.3330120464347269,0.3377567427816961,/gpfs/data/bbj-lab/users/daniel/input-representation-benchmark/outputs/runs/tokenized/mimiciv-3.1_meds_70-10-20/ventiles_none_unfused_time_tokens_first_24h-tokenized/test/reg_ridge_regression-preds-checkpoint-37000.pkl,/gpfs/data/bbj-lab/users/daniel/input-representation-benchmark/outputs/runs/tokenized/mimiciv-3.1_meds_70-10-20/ventiles_none_unfused_time_tokens_first_24h-tokenized/test/tokens_timelines_extended_outcomes.parquet
exp1_extended_regression,regression,min_potassium,ventiles_unfused,rmse,False,48074,0.432518030885856,0.4290853977564823,0.4357011199508744,/gpfs/data/bbj-lab/users/daniel/input-representation-benchmark/outputs/runs/tokenized/mimiciv-3.1_meds_70-10-20/ventiles_none_unfused_time_tokens_first_24h-tokenized/test/reg_ridge_regression-preds-checkpoint-37000.pkl,/gpfs/data/bbj-lab/users/daniel/input-representation-benchmark/outputs/runs/tokenized/mimiciv-3.1_meds_70-10-20/ventiles_none_unfused_time_tokens_first_24h-tokenized/test/tokens_timelines_extended_outcomes.parquet
exp1_extended_regression,regression,min_potassium,ventiles_fused,spearman_rho,True,48074,0.4963883089674711,0.4892480233629971,0.5034037591408668,/gpfs/data/bbj-lab/users/daniel/input-representation-benchmark/outputs/runs/tokenized/mimiciv-3.1_meds_70-10-20/ventiles_none_fused_time_tokens_first_24h-tokenized/test/reg_ridge_regression-preds-checkpoint-37000.pkl,/gpfs/data/bbj-lab/users/daniel/input-representation-benchmark/outputs/runs/tokenized/mimiciv-3.1_meds_70-10-20/ventiles_none_fused_time_tokens_first_24h-tokenized/test/tokens_timelines_extended_outcomes.parquet
exp1_extended_regression,regression,min_potassium,ventiles_fused,r2,True,48074,0.2417681945480381,0.2345909710517889,0.2485821654639116,/gpfs/data/bbj-lab/users/daniel/input-representation-benchmark/outputs/runs/tokenized/mimiciv-3.1_meds_70-10-20/ventiles_none_fused_time_tokens_first_24h-tokenized/test/reg_ridge_regression-preds-checkpoint-37000.pkl,/gpfs/data/bbj-lab/users/daniel/input-representation-benchmark/outputs/runs/tokenized/mimiciv-3.1_meds_70-10-20/ventiles_none_fused_time_tokens_first_24h-tokenized/test/tokens_timelines_extended_outcomes.parquet
exp1_extended_regression,regression,min_potassium,ventiles_fused,mae,False,48074,0.3259138505808359,0.3236329286629391,0.3282065715959789,/gpfs/data/bbj-lab/users/daniel/input-representation-benchmark/outputs/runs/tokenized/mimiciv-3.1_meds_70-10-20/ventiles_none_fused_time_tokens_first_24h-tokenized/test/reg_ridge_regression-preds-checkpoint-37000.pkl,/gpfs/data/bbj-lab/users/daniel/input-representation-benchmark/outputs/runs/tokenized/mimiciv-3.1_meds_70-10-20/ventiles_none_fused_time_tokens_first_24h-tokenized/test/tokens_timelines_extended_outcomes.parquet
exp1_extended_regression,regression,min_potassium,ventiles_fused,rmse,False,48074,0.4221616881194135,0.4188038423378205,0.425508727333097,/gpfs/data/bbj-lab/users/daniel/input-representation-benchmark/outputs/runs/tokenized/mimiciv-3.1_meds_70-10-20/ventiles_none_fused_time_tokens_first_24h-tokenized/test/reg_ridge_regression-preds-checkpoint-37000.pkl,/gpfs/data/bbj-lab/users/daniel/input-representation-benchmark/outputs/runs/tokenized/mimiciv-3.1_meds_70-10-20/ventiles_none_fused_time_tokens_first_24h-tokenized/test/tokens_timelines_extended_outcomes.parquet
exp1_extended_regression,regression,min_potassium,ventiles_5_10_5_unfused,spearman_rho,True,48074,0.4937835024268808,0.4867627936372043,0.5007743039276391,/gpfs/data/bbj-lab/users/daniel/input-representation-benchmark/outputs/runs/tokenized/mimiciv-3.1_meds_70-10-20/ventiles_5-10-5_unfused_time_tokens_first_24h-tokenized/test/reg_ridge_regression-preds-checkpoint-37000.pkl,/gpfs/data/bbj-lab/users/daniel/input-representation-benchmark/outputs/runs/tokenized/mimiciv-3.1_meds_70-10-20/ventiles_5-10-5_unfused_time_tokens_first_24h-tokenized/test/tokens_timelines_extended_outcomes.parquet
exp1_extended_regression,regression,min_potassium,ventiles_5_10_5_unfused,r2,True,48074,0.2370350881052931,0.2297689900349471,0.2438143756247979,/gpfs/data/bbj-lab/users/daniel/input-representation-benchmark/outputs/runs/tokenized/mimiciv-3.1_meds_70-10-20/ventiles_5-10-5_unfused_time_tokens_first_24h-tokenized/test/reg_ridge_regression-preds-checkpoint-37000.pkl,/gpfs/data/bbj-lab/users/daniel/input-representation-benchmark/outputs/runs/tokenized/mimiciv-3.1_meds_70-10-20/ventiles_5-10-5_unfused_time_tokens_first_24h-tokenized/test/tokens_timelines_extended_outcomes.parquet
exp1_extended_regression,regression,min_potassium,ventiles_5_10_5_unfused,mae,False,48074,0.3271258650276417,0.3247241482991376,0.3294392286621165,/gpfs/data/bbj-lab/users/daniel/input-representation-benchmark/outputs/runs/tokenized/mimiciv-3.1_meds_70-10-20/ventiles_5-10-5_unfused_time_tokens_first_24h-tokenized/test/reg_ridge_regression-preds-checkpoint-37000.pkl,/gpfs/data/bbj-lab/users/daniel/input-representation-benchmark/outputs/runs/tokenized/mimiciv-3.1_meds_70-10-20/ventiles_5-10-5_unfused_time_tokens_first_24h-tokenized/test/tokens_timelines_extended_outcomes.parquet
exp1_extended_regression,regression,min_potassium,ventiles_5_10_5_unfused,rmse,False,48074,0.4234772671068996,0.4201387584446411,0.4267591695320363,/gpfs/data/bbj-lab/users/daniel/input-representation-benchmark/outputs/runs/tokenized/mimiciv-3.1_meds_70-10-20/ventiles_5-10-5_unfused_time_tokens_first_24h-tokenized/test/reg_ridge_regression-preds-checkpoint-37000.pkl,/gpfs/data/bbj-lab/users/daniel/input-representation-benchmark/outputs/runs/tokenized/mimiciv-3.1_meds_70-10-20/ventiles_5-10-5_unfused_time_tokens_first_24h-tokenized/test/tokens_timelines_extended_outcomes.parquet
exp1_extended_regression,regression,min_potassium,ventiles_5_10_5_fused,spearman_rho,True,48074,0.4937665173893808,0.4865161087566606,0.5008378073904693,/gpfs/data/bbj-lab/users/daniel/input-representation-benchmark/outputs/runs/tokenized/mimiciv-3.1_meds_70-10-20/ventiles_5-10-5_fused_time_tokens_first_24h-tokenized/test/reg_ridge_regression-preds-checkpoint-37000.pkl,/gpfs/data/bbj-lab/users/daniel/input-representation-benchmark/outputs/runs/tokenized/mimiciv-3.1_meds_70-10-20/ventiles_5-10-5_fused_time_tokens_first_24h-tokenized/test/tokens_timelines_extended_outcomes.parquet
exp1_extended_regression,regression,min_potassium,ventiles_5_10_5_fused,r2,True,48074,0.23750495040885,0.2302721564113164,0.2448413236727968,/gpfs/data/bbj-lab/users/daniel/input-representation-benchmark/outputs/runs/tokenized/mimiciv-3.1_meds_70-10-20/ventiles_5-10-5_fused_time_tokens_first_24h-tokenized/test/reg_ridge_regression-preds-checkpoint-37000.pkl,/gpfs/data/bbj-lab/users/daniel/input-representation-benchmark/outputs/runs/tokenized/mimiciv-3.1_meds_70-10-20/ventiles_5-10-5_fused_time_tokens_first_24h-tokenized/test/tokens_timelines_extended_outcomes.parquet
exp1_extended_regression,regression,min_potassium,ventiles_5_10_5_fused,mae,False,48074,0.3270413404059619,0.324718044761411,0.3292958937159631,/gpfs/data/bbj-lab/users/daniel/input-representation-benchmark/outputs/runs/tokenized/mimiciv-3.1_meds_70-10-20/ventiles_5-10-5_fused_time_tokens_first_24h-tokenized/test/reg_ridge_regression-preds-checkpoint-37000.pkl,/gpfs/data/bbj-lab/users/daniel/input-representation-benchmark/outputs/runs/tokenized/mimiciv-3.1_meds_70-10-20/ventiles_5-10-5_fused_time_tokens_first_24h-tokenized/test/tokens_timelines_extended_outcomes.parquet
exp1_extended_regression,regression,min_potassium,ventiles_5_10_5_fused,rmse,False,48074,0.4233468504620609,0.4199478817564362,0.426582398232374,/gpfs/data/bbj-lab/users/daniel/input-representation-benchmark/outputs/runs/tokenized/mimiciv-3.1_meds_70-10-20/ventiles_5-10-5_fused_time_tokens_first_24h-tokenized/test/reg_ridge_regression-preds-checkpoint-37000.pkl,/gpfs/data/bbj-lab/users/daniel/input-representation-benchmark/outputs/runs/tokenized/mimiciv-3.1_meds_70-10-20/ventiles_5-10-5_fused_time_tokens_first_24h-tokenized/test/tokens_timelines_extended_outcomes.parquet
exp1_extended_regression,regression,min_potassium,trentiles_unfused,spearman_rho,True,48074,0.497024614722805,0.4896780336104188,0.5039890541682012,/gpfs/data/bbj-lab/users/daniel/input-representation-benchmark/outputs/runs/tokenized/mimiciv-3.1_meds_70-10-20/trentiles_none_unfused_time_tokens_first_24h-tokenized/test/reg_ridge_regression-preds-checkpoint-37000.pkl,/gpfs/data/bbj-lab/users/daniel/input-representation-benchmark/outputs/runs/tokenized/mimiciv-3.1_meds_70-10-20/trentiles_none_unfused_time_tokens_first_24h-tokenized/test/tokens_timelines_extended_outcomes.parquet
exp1_extended_regression,regression,min_potassium,trentiles_unfused,r2,True,48074,0.2410685282440136,0.2334696401793027,0.2481151223366009,/gpfs/data/bbj-lab/users/daniel/input-representation-benchmark/outputs/runs/tokenized/mimiciv-3.1_meds_70-10-20/trentiles_none_unfused_time_tokens_first_24h-tokenized/test/reg_ridge_regression-preds-checkpoint-37000.pkl,/gpfs/data/bbj-lab/users/daniel/input-representation-benchmark/outputs/runs/tokenized/mimiciv-3.1_meds_70-10-20/trentiles_none_unfused_time_tokens_first_24h-tokenized/test/tokens_timelines_extended_outcomes.parquet
exp1_extended_regression,regression,min_potassium,trentiles_unfused,mae,False,48074,0.3259972213285789,0.3235638729197967,0.3283124720918788,/gpfs/data/bbj-lab/users/daniel/input-representation-benchmark/outputs/runs/tokenized/mimiciv-3.1_meds_70-10-20/trentiles_none_unfused_time_tokens_first_24h-tokenized/test/reg_ridge_regression-preds-checkpoint-37000.pkl,/gpfs/data/bbj-lab/users/daniel/input-representation-benchmark/outputs/runs/tokenized/mimiciv-3.1_meds_70-10-20/trentiles_none_unfused_time_tokens_first_24h-tokenized/test/tokens_timelines_extended_outcomes.parquet
exp1_extended_regression,regression,min_potassium,trentiles_unfused,rmse,False,48074,0.4223564202566404,0.4189861790731363,0.4256620329355843,/gpfs/data/bbj-lab/users/daniel/input-representation-benchmark/outputs/runs/tokenized/mimiciv-3.1_meds_70-10-20/trentiles_none_unfused_time_tokens_first_24h-tokenized/test/reg_ridge_regression-preds-checkpoint-37000.pkl,/gpfs/data/bbj-lab/users/daniel/input-representation-benchmark/outputs/runs/tokenized/mimiciv-3.1_meds_70-10-20/trentiles_none_unfused_time_tokens_first_24h-tokenized/test/tokens_timelines_extended_outcomes.parquet
exp1_extended_regression,regression,min_potassium,trentiles_fused,spearman_rho,True,48074,0.4802625926644531,0.4729992713678918,0.4877516332134646,/gpfs/data/bbj-lab/users/daniel/input-representation-benchmark/outputs/runs/tokenized/mimiciv-3.1_meds_70-10-20/trentiles_none_fused_time_tokens_first_24h-tokenized/test/reg_ridge_regression-preds-checkpoint-37000.pkl,/gpfs/data/bbj-lab/users/daniel/input-representation-benchmark/outputs/runs/tokenized/mimiciv-3.1_meds_70-10-20/trentiles_none_fused_time_tokens_first_24h-tokenized/test/tokens_timelines_extended_outcomes.parquet
exp1_extended_regression,regression,min_potassium,trentiles_fused,r2,True,48074,0.2267164857123529,0.2197520860131684,0.2338122945663736,/gpfs/data/bbj-lab/users/daniel/input-representation-benchmark/outputs/runs/tokenized/mimiciv-3.1_meds_70-10-20/trentiles_none_fused_time_tokens_first_24h-tokenized/test/reg_ridge_regression-preds-checkpoint-37000.pkl,/gpfs/data/bbj-lab/users/daniel/input-representation-benchmark/outputs/runs/tokenized/mimiciv-3.1_meds_70-10-20/trentiles_none_fused_time_tokens_first_24h-tokenized/test/tokens_timelines_extended_outcomes.parquet
exp1_extended_regression,regression,min_potassium,trentiles_fused,mae,False,48074,0.3302607167045493,0.3279038957558437,0.3326572525496108,/gpfs/data/bbj-lab/users/daniel/input-representation-benchmark/outputs/runs/tokenized/mimiciv-3.1_meds_70-10-20/trentiles_none_fused_time_tokens_first_24h-tokenized/test/reg_ridge_regression-preds-checkpoint-37000.pkl,/gpfs/data/bbj-lab/users/daniel/input-representation-benchmark/outputs/runs/tokenized/mimiciv-3.1_meds_70-10-20/trentiles_none_fused_time_tokens_first_24h-tokenized/test/tokens_timelines_extended_outcomes.parquet
exp1_extended_regression,regression,min_potassium,trentiles_fused,rmse,False,48074,0.4263312766626125,0.422987736738878,0.429673685070057,/gpfs/data/bbj-lab/users/daniel/input-representation-benchmark/outputs/runs/tokenized/mimiciv-3.1_meds_70-10-20/trentiles_none_fused_time_tokens_first_24h-tokenized/test/reg_ridge_regression-preds-checkpoint-37000.pkl,/gpfs/data/bbj-lab/users/daniel/input-representation-benchmark/outputs/runs/tokenized/mimiciv-3.1_meds_70-10-20/trentiles_none_fused_time_tokens_first_24h-tokenized/test/tokens_timelines_extended_outcomes.parquet
exp1_extended_regression,regression,min_potassium,trentiles_10_10_10_unfused,spearman_rho,True,48074,0.4220660633077847,0.4144259714687217,0.4293156425165107,/gpfs/data/bbj-lab/users/daniel/input-representation-benchmark/outputs/runs/tokenized/mimiciv-3.1_meds_70-10-20/trentiles_10-10-10_unfused_time_tokens_first_24h-tokenized/test/reg_ridge_regression-preds-checkpoint-10000.pkl,/gpfs/data/bbj-lab/users/daniel/input-representation-benchmark/outputs/runs/tokenized/mimiciv-3.1_meds_70-10-20/trentiles_10-10-10_unfused_time_tokens_first_24h-tokenized/test/tokens_timelines_extended_outcomes.parquet
exp1_extended_regression,regression,min_potassium,trentiles_10_10_10_unfused,r2,True,48074,0.1729516711952343,0.1664227885791638,0.1792662681955103,/gpfs/data/bbj-lab/users/daniel/input-representation-benchmark/outputs/runs/tokenized/mimiciv-3.1_meds_70-10-20/trentiles_10-10-10_unfused_time_tokens_first_24h-tokenized/test/reg_ridge_regression-preds-checkpoint-10000.pkl,/gpfs/data/bbj-lab/users/daniel/input-representation-benchmark/outputs/runs/tokenized/mimiciv-3.1_meds_70-10-20/trentiles_10-10-10_unfused_time_tokens_first_24h-tokenized/test/tokens_timelines_extended_outcomes.parquet
exp1_extended_regression,regression,min_potassium,trentiles_10_10_10_unfused,mae,False,48074,0.3419262747994602,0.3394267543098695,0.344257644664351,/gpfs/data/bbj-lab/users/daniel/input-representation-benchmark/outputs/runs/tokenized/mimiciv-3.1_meds_70-10-20/trentiles_10-10-10_unfused_time_tokens_first_24h-tokenized/test/reg_ridge_regression-preds-checkpoint-10000.pkl,/gpfs/data/bbj-lab/users/daniel/input-representation-benchmark/outputs/runs/tokenized/mimiciv-3.1_meds_70-10-20/trentiles_10-10-10_unfused_time_tokens_first_24h-tokenized/test/tokens_timelines_extended_outcomes.parquet
exp1_extended_regression,regression,min_potassium,trentiles_10_10_10_unfused,rmse,False,48074,0.4409032124460225,0.4374638287291282,0.4441549615163329,/gpfs/data/bbj-lab/users/daniel/input-representation-benchmark/outputs/runs/tokenized/mimiciv-3.1_meds_70-10-20/trentiles_10-10-10_unfused_time_tokens_first_24h-tokenized/test/reg_ridge_regression-preds-checkpoint-10000.pkl,/gpfs/data/bbj-lab/users/daniel/input-representation-benchmark/outputs/runs/tokenized/mimiciv-3.1_meds_70-10-20/trentiles_10-10-10_unfused_time_tokens_first_24h-tokenized/test/tokens_timelines_extended_outcomes.parquet
exp1_extended_regression,regression,min_potassium,trentiles_10_10_10_fused,spearman_rho,True,48074,0.4580223605673974,0.4506445055458372,0.46549672605771,/gpfs/data/bbj-lab/users/daniel/input-representation-benchmark/outputs/runs/tokenized/mimiciv-3.1_meds_70-10-20/trentiles_10-10-10_fused_time_tokens_first_24h-tokenized/test/reg_ridge_regression-preds-checkpoint-37000.pkl,/gpfs/data/bbj-lab/users/daniel/input-representation-benchmark/outputs/runs/tokenized/mimiciv-3.1_meds_70-10-20/trentiles_10-10-10_fused_time_tokens_first_24h-tokenized/test/tokens_timelines_extended_outcomes.parquet
exp1_extended_regression,regression,min_potassium,trentiles_10_10_10_fused,r2,True,48074,0.2045426618574249,0.1974232788495151,0.2114301803126373,/gpfs/data/bbj-lab/users/daniel/input-representation-benchmark/outputs/runs/tokenized/mimiciv-3.1_meds_70-10-20/trentiles_10-10-10_fused_time_tokens_first_24h-tokenized/test/reg_ridge_regression-preds-checkpoint-37000.pkl,/gpfs/data/bbj-lab/users/daniel/input-representation-benchmark/outputs/runs/tokenized/mimiciv-3.1_meds_70-10-20/trentiles_10-10-10_fused_time_tokens_first_24h-tokenized/test/tokens_timelines_extended_outcomes.parquet
exp1_extended_regression,regression,min_potassium,trentiles_10_10_10_fused,mae,False,48074,0.3351977563847322,0.332792949779779,0.3375110030227443,/gpfs/data/bbj-lab/users/daniel/input-representation-benchmark/outputs/runs/tokenized/mimiciv-3.1_meds_70-10-20/trentiles_10-10-10_fused_time_tokens_first_24h-tokenized/test/reg_ridge_regression-preds-checkpoint-37000.pkl,/gpfs/data/bbj-lab/users/daniel/input-representation-benchmark/outputs/runs/tokenized/mimiciv-3.1_meds_70-10-20/trentiles_10-10-10_fused_time_tokens_first_24h-tokenized/test/tokens_timelines_extended_outcomes.parquet
exp1_extended_regression,regression,min_potassium,trentiles_10_10_10_fused,rmse,False,48074,0.432400577406597,0.4290632797037131,0.4357821098544391,/gpfs/data/bbj-lab/users/daniel/input-representation-benchmark/outputs/runs/tokenized/mimiciv-3.1_meds_70-10-20/trentiles_10-10-10_fused_time_tokens_first_24h-tokenized/test/reg_ridge_regression-preds-checkpoint-37000.pkl,/gpfs/data/bbj-lab/users/daniel/input-representation-benchmark/outputs/runs/tokenized/mimiciv-3.1_meds_70-10-20/trentiles_10-10-10_fused_time_tokens_first_24h-tokenized/test/tokens_timelines_extended_outcomes.parquet
exp1_extended_regression,regression,min_potassium,centiles_unfused,spearman_rho,True,48074,0.4917365030453021,0.4844878820817021,0.4989978915975895,/gpfs/data/bbj-lab/users/daniel/input-representation-benchmark/outputs/runs/tokenized/mimiciv-3.1_meds_70-10-20/centiles_none_unfused_time_tokens_first_24h-tokenized/test/reg_ridge_regression-preds-checkpoint-37000.pkl,/gpfs/data/bbj-lab/users/daniel/input-representation-benchmark/outputs/runs/tokenized/mimiciv-3.1_meds_70-10-20/centiles_none_unfused_time_tokens_first_24h-tokenized/test/tokens_timelines_extended_outcomes.parquet
exp1_extended_regression,regression,min_potassium,centiles_unfused,r2,True,48074,0.2358590198596442,0.2285356290213473,0.2429069391443914,/gpfs/data/bbj-lab/users/daniel/input-representation-benchmark/outputs/runs/tokenized/mimiciv-3.1_meds_70-10-20/centiles_none_unfused_time_tokens_first_24h-tokenized/test/reg_ridge_regression-preds-checkpoint-37000.pkl,/gpfs/data/bbj-lab/users/daniel/input-representation-benchmark/outputs/runs/tokenized/mimiciv-3.1_meds_70-10-20/centiles_none_unfused_time_tokens_first_24h-tokenized/test/tokens_timelines_extended_outcomes.parquet
exp1_extended_regression,regression,min_potassium,centiles_unfused,mae,False,48074,0.3274106357945548,0.3250396854378631,0.3296897714184756,/gpfs/data/bbj-lab/users/daniel/input-representation-benchmark/outputs/runs/tokenized/mimiciv-3.1_meds_70-10-20/centiles_none_unfused_time_tokens_first_24h-tokenized/test/reg_ridge_regression-preds-checkpoint-37000.pkl,/gpfs/data/bbj-lab/users/daniel/input-representation-benchmark/outputs/runs/tokenized/mimiciv-3.1_meds_70-10-20/centiles_none_unfused_time_tokens_first_24h-tokenized/test/tokens_timelines_extended_outcomes.parquet
exp1_extended_regression,regression,min_potassium,centiles_unfused,rmse,False,48074,0.4238035248299208,0.4204283459515215,0.4269578045706605,/gpfs/data/bbj-lab/users/daniel/input-representation-benchmark/outputs/runs/tokenized/mimiciv-3.1_meds_70-10-20/centiles_none_unfused_time_tokens_first_24h-tokenized/test/reg_ridge_regression-preds-checkpoint-37000.pkl,/gpfs/data/bbj-lab/users/daniel/input-representation-benchmark/outputs/runs/tokenized/mimiciv-3.1_meds_70-10-20/centiles_none_unfused_time_tokens_first_24h-tokenized/test/tokens_timelines_extended_outcomes.parquet
exp1_extended_regression,regression,min_potassium,centiles_fused,spearman_rho,True,48074,0.5030994449262451,0.495791409620532,0.5102737664970458,/gpfs/data/bbj-lab/users/daniel/input-representation-benchmark/outputs/runs/tokenized/mimiciv-3.1_meds_70-10-20/centiles_none_fused_time_tokens_first_24h-tokenized/test/reg_ridge_regression-preds-checkpoint-16500.pkl,/gpfs/data/bbj-lab/users/daniel/input-representation-benchmark/outputs/runs/tokenized/mimiciv-3.1_meds_70-10-20/centiles_none_fused_time_tokens_first_24h-tokenized/test/tokens_timelines_extended_outcomes.parquet
exp1_extended_regression,regression,min_potassium,centiles_fused,r2,True,48074,0.249443970430749,0.2421228549020756,0.2564573785865404,/gpfs/data/bbj-lab/users/daniel/input-representation-benchmark/outputs/runs/tokenized/mimiciv-3.1_meds_70-10-20/centiles_none_fused_time_tokens_first_24h-tokenized/test/reg_ridge_regression-preds-checkpoint-16500.pkl,/gpfs/data/bbj-lab/users/daniel/input-representation-benchmark/outputs/runs/tokenized/mimiciv-3.1_meds_70-10-20/centiles_none_fused_time_tokens_first_24h-tokenized/test/tokens_timelines_extended_outcomes.parquet
exp1_extended_regression,regression,min_potassium,centiles_fused,mae,False,48074,0.3243230968602969,0.3219500554486162,0.3265494923125605,/gpfs/data/bbj-lab/users/daniel/input-representation-benchmark/outputs/runs/tokenized/mimiciv-3.1_meds_70-10-20/centiles_none_fused_time_tokens_first_24h-tokenized/test/reg_ridge_regression-preds-checkpoint-16500.pkl,/gpfs/data/bbj-lab/users/daniel/input-representation-benchmark/outputs/runs/tokenized/mimiciv-3.1_meds_70-10-20/centiles_none_fused_time_tokens_first_24h-tokenized/test/tokens_timelines_extended_outcomes.parquet
exp1_extended_regression,regression,min_potassium,centiles_fused,rmse,False,48074,0.4200194269051444,0.4166044707710151,0.4232435406284566,/gpfs/data/bbj-lab/users/daniel/input-representation-benchmark/outputs/runs/tokenized/mimiciv-3.1_meds_70-10-20/centiles_none_fused_time_tokens_first_24h-tokenized/test/reg_ridge_regression-preds-checkpoint-16500.pkl,/gpfs/data/bbj-lab/users/daniel/input-representation-benchmark/outputs/runs/tokenized/mimiciv-3.1_meds_70-10-20/centiles_none_fused_time_tokens_first_24h-tokenized/test/tokens_timelines_extended_outcomes.parquet
exp1_extended_regression,regression,min_sodium,deciles_unfused,spearman_rho,True,47942,0.393260040059108,0.3850948005250963,0.4010408374783322,/gpfs/data/bbj-lab/users/daniel/input-representation-benchmark/outputs/runs/tokenized/mimiciv-3.1_meds_70-10-20/deciles_none_unfused_time_tokens_first_24h-tokenized/test/reg_ridge_regression-preds-checkpoint-10000.pkl,/gpfs/data/bbj-lab/users/daniel/input-representation-benchmark/outputs/runs/tokenized/mimiciv-3.1_meds_70-10-20/deciles_none_unfused_time_tokens_first_24h-tokenized/test/tokens_timelines_extended_outcomes.parquet
exp1_extended_regression,regression,min_sodium,deciles_unfused,r2,True,47942,0.1731801442964776,0.1632107980251055,0.1823847879267676,/gpfs/data/bbj-lab/users/daniel/input-representation-benchmark/outputs/runs/tokenized/mimiciv-3.1_meds_70-10-20/deciles_none_unfused_time_tokens_first_24h-tokenized/test/reg_ridge_regression-preds-checkpoint-10000.pkl,/gpfs/data/bbj-lab/users/daniel/input-representation-benchmark/outputs/runs/tokenized/mimiciv-3.1_meds_70-10-20/deciles_none_unfused_time_tokens_first_24h-tokenized/test/tokens_timelines_extended_outcomes.parquet
exp1_extended_regression,regression,min_sodium,deciles_unfused,mae,False,47942,3.035476460858671,3.010695359108957,3.0591826398312936,/gpfs/data/bbj-lab/users/daniel/input-representation-benchmark/outputs/runs/tokenized/mimiciv-3.1_meds_70-10-20/deciles_none_unfused_time_tokens_first_24h-tokenized/test/reg_ridge_regression-preds-checkpoint-10000.pkl,/gpfs/data/bbj-lab/users/daniel/input-representation-benchmark/outputs/runs/tokenized/mimiciv-3.1_meds_70-10-20/deciles_none_unfused_time_tokens_first_24h-tokenized/test/tokens_timelines_extended_outcomes.parquet
exp1_extended_regression,regression,min_sodium,deciles_unfused,rmse,False,47942,4.070799638713352,3.9894271503210224,4.185722904129604,/gpfs/data/bbj-lab/users/daniel/input-representation-benchmark/outputs/runs/tokenized/mimiciv-3.1_meds_70-10-20/deciles_none_unfused_time_tokens_first_24h-tokenized/test/reg_ridge_regression-preds-checkpoint-10000.pkl,/gpfs/data/bbj-lab/users/daniel/input-representation-benchmark/outputs/runs/tokenized/mimiciv-3.1_meds_70-10-20/deciles_none_unfused_time_tokens_first_24h-tokenized/test/tokens_timelines_extended_outcomes.parquet
exp1_extended_regression,regression,min_sodium,deciles_fused,spearman_rho,True,47942,0.5120784462867984,0.5050820504533197,0.5191390123025519,/gpfs/data/bbj-lab/users/daniel/input-representation-benchmark/outputs/runs/tokenized/mimiciv-3.1_meds_70-10-20/deciles_none_fused_time_tokens_first_24h-tokenized/test/reg_ridge_regression-preds-checkpoint-17000.pkl,/gpfs/data/bbj-lab/users/daniel/input-representation-benchmark/outputs/runs/tokenized/mimiciv-3.1_meds_70-10-20/deciles_none_fused_time_tokens_first_24h-tokenized/test/tokens_timelines_extended_outcomes.parquet
exp1_extended_regression,regression,min_sodium,deciles_fused,r2,True,47942,0.2811165026112618,0.2666542902407751,0.2936413554455503,/gpfs/data/bbj-lab/users/daniel/input-representation-benchmark/outputs/runs/tokenized/mimiciv-3.1_meds_70-10-20/deciles_none_fused_time_tokens_first_24h-tokenized/test/reg_ridge_regression-preds-checkpoint-17000.pkl,/gpfs/data/bbj-lab/users/daniel/input-representation-benchmark/outputs/runs/tokenized/mimiciv-3.1_meds_70-10-20/deciles_none_fused_time_tokens_first_24h-tokenized/test/tokens_timelines_extended_outcomes.parquet
exp1_extended_regression,regression,min_sodium,deciles_fused,mae,False,47942,2.806434237940944,2.7843510588924647,2.829089911612741,/gpfs/data/bbj-lab/users/daniel/input-representation-benchmark/outputs/runs/tokenized/mimiciv-3.1_meds_70-10-20/deciles_none_fused_time_tokens_first_24h-tokenized/test/reg_ridge_regression-preds-checkpoint-17000.pkl,/gpfs/data/bbj-lab/users/daniel/input-representation-benchmark/outputs/runs/tokenized/mimiciv-3.1_meds_70-10-20/deciles_none_fused_time_tokens_first_24h-tokenized/test/tokens_timelines_extended_outcomes.parquet
exp1_extended_regression,regression,min_sodium,deciles_fused,rmse,False,47942,3.795801871801582,3.7136984047543034,3.916975707150409,/gpfs/data/bbj-lab/users/daniel/input-representation-benchmark/outputs/runs/tokenized/mimiciv-3.1_meds_70-10-20/deciles_none_fused_time_tokens_first_24h-tokenized/test/reg_ridge_regression-preds-checkpoint-17000.pkl,/gpfs/data/bbj-lab/users/daniel/input-representation-benchmark/outputs/runs/tokenized/mimiciv-3.1_meds_70-10-20/deciles_none_fused_time_tokens_first_24h-tokenized/test/tokens_timelines_extended_outcomes.parquet
exp1_extended_regression,regression,min_sodium,ventiles_unfused,spearman_rho,True,47942,0.4172493898268353,0.4092855383709484,0.42487877643165,/gpfs/data/bbj-lab/users/daniel/input-representation-benchmark/outputs/runs/tokenized/mimiciv-3.1_meds_70-10-20/ventiles_none_unfused_time_tokens_first_24h-tokenized/test/reg_ridge_regression-preds-checkpoint-37000.pkl,/gpfs/data/bbj-lab/users/daniel/input-representation-benchmark/outputs/runs/tokenized/mimiciv-3.1_meds_70-10-20/ventiles_none_unfused_time_tokens_first_24h-tokenized/test/tokens_timelines_extended_outcomes.parquet
exp1_extended_regression,regression,min_sodium,ventiles_unfused,r2,True,47942,0.1893048519260142,0.1774484420922654,0.1992340970414412,/gpfs/data/bbj-lab/users/daniel/input-representation-benchmark/outputs/runs/tokenized/mimiciv-3.1_meds_70-10-20/ventiles_none_unfused_time_tokens_first_24h-tokenized/test/reg_ridge_regression-preds-checkpoint-37000.pkl,/gpfs/data/bbj-lab/users/daniel/input-representation-benchmark/outputs/runs/tokenized/mimiciv-3.1_meds_70-10-20/ventiles_none_unfused_time_tokens_first_24h-tokenized/test/tokens_timelines_extended_outcomes.parquet
exp1_extended_regression,regression,min_sodium,ventiles_unfused,mae,False,47942,2.99655116275462,2.9713803366384868,3.02145483013846,/gpfs/data/bbj-lab/users/daniel/input-representation-benchmark/outputs/runs/tokenized/mimiciv-3.1_meds_70-10-20/ventiles_none_unfused_time_tokens_first_24h-tokenized/test/reg_ridge_regression-preds-checkpoint-37000.pkl,/gpfs/data/bbj-lab/users/daniel/input-representation-benchmark/outputs/runs/tokenized/mimiciv-3.1_meds_70-10-20/ventiles_none_unfused_time_tokens_first_24h-tokenized/test/tokens_timelines_extended_outcomes.parquet
exp1_extended_regression,regression,min_sodium,ventiles_unfused,rmse,False,47942,4.030909665039227,3.947364929226332,4.15250758577817,/gpfs/data/bbj-lab/users/daniel/input-representation-benchmark/outputs/runs/tokenized/mimiciv-3.1_meds_70-10-20/ventiles_none_unfused_time_tokens_first_24h-tokenized/test/reg_ridge_regression-preds-checkpoint-37000.pkl,/gpfs/data/bbj-lab/users/daniel/input-representation-benchmark/outputs/runs/tokenized/mimiciv-3.1_meds_70-10-20/ventiles_none_unfused_time_tokens_first_24h-tokenized/test/tokens_timelines_extended_outcomes.parquet
exp1_extended_regression,regression,min_sodium,ventiles_fused,spearman_rho,True,47942,0.4989619071327579,0.4912395049904355,0.5063637874995147,/gpfs/data/bbj-lab/users/daniel/input-representation-benchmark/outputs/runs/tokenized/mimiciv-3.1_meds_70-10-20/ventiles_none_fused_time_tokens_first_24h-tokenized/test/reg_ridge_regression-preds-checkpoint-37000.pkl,/gpfs/data/bbj-lab/users/daniel/input-representation-benchmark/outputs/runs/tokenized/mimiciv-3.1_meds_70-10-20/ventiles_none_fused_time_tokens_first_24h-tokenized/test/tokens_timelines_extended_outcomes.parquet
exp1_extended_regression,regression,min_sodium,ventiles_fused,r2,True,47942,0.273227483687556,0.2583229790513374,0.2853954919448054,/gpfs/data/bbj-lab/users/daniel/input-representation-benchmark/outputs/runs/tokenized/mimiciv-3.1_meds_70-10-20/ventiles_none_fused_time_tokens_first_24h-tokenized/test/reg_ridge_regression-preds-checkpoint-37000.pkl,/gpfs/data/bbj-lab/users/daniel/input-representation-benchmark/outputs/runs/tokenized/mimiciv-3.1_meds_70-10-20/ventiles_none_fused_time_tokens_first_24h-tokenized/test/tokens_timelines_extended_outcomes.parquet
exp1_extended_regression,regression,min_sodium,ventiles_fused,mae,False,47942,2.8249232909318143,2.802922306096375,2.8485084978831927,/gpfs/data/bbj-lab/users/daniel/input-representation-benchmark/outputs/runs/tokenized/mimiciv-3.1_meds_70-10-20/ventiles_none_fused_time_tokens_first_24h-tokenized/test/reg_ridge_regression-preds-checkpoint-37000.pkl,/gpfs/data/bbj-lab/users/daniel/input-representation-benchmark/outputs/runs/tokenized/mimiciv-3.1_meds_70-10-20/ventiles_none_fused_time_tokens_first_24h-tokenized/test/tokens_timelines_extended_outcomes.parquet
exp1_extended_regression,regression,min_sodium,ventiles_fused,rmse,False,47942,3.816572585123731,3.735391817154877,3.9403330439911968,/gpfs/data/bbj-lab/users/daniel/input-representation-benchmark/outputs/runs/tokenized/mimiciv-3.1_meds_70-10-20/ventiles_none_fused_time_tokens_first_24h-tokenized/test/reg_ridge_regression-preds-checkpoint-37000.pkl,/gpfs/data/bbj-lab/users/daniel/input-representation-benchmark/outputs/runs/tokenized/mimiciv-3.1_meds_70-10-20/ventiles_none_fused_time_tokens_first_24h-tokenized/test/tokens_timelines_extended_outcomes.parquet
exp1_extended_regression,regression,min_sodium,ventiles_5_10_5_unfused,spearman_rho,True,47942,0.4259050454315077,0.4181575609118349,0.4334774625822636,/gpfs/data/bbj-lab/users/daniel/input-representation-benchmark/outputs/runs/tokenized/mimiciv-3.1_meds_70-10-20/ventiles_5-10-5_unfused_time_tokens_first_24h-tokenized/test/reg_ridge_regression-preds-checkpoint-37000.pkl,/gpfs/data/bbj-lab/users/daniel/input-representation-benchmark/outputs/runs/tokenized/mimiciv-3.1_meds_70-10-20/ventiles_5-10-5_unfused_time_tokens_first_24h-tokenized/test/tokens_timelines_extended_outcomes.parquet
exp1_extended_regression,regression,min_sodium,ventiles_5_10_5_unfused,r2,True,47942,0.2004829847624462,0.1893770787967861,0.2108326226769654,/gpfs/data/bbj-lab/users/daniel/input-representation-benchmark/outputs/runs/tokenized/mimiciv-3.1_meds_70-10-20/ventiles_5-10-5_unfused_time_tokens_first_24h-tokenized/test/reg_ridge_regression-preds-checkpoint-37000.pkl,/gpfs/data/bbj-lab/users/daniel/input-representation-benchmark/outputs/runs/tokenized/mimiciv-3.1_meds_70-10-20/ventiles_5-10-5_unfused_time_tokens_first_24h-tokenized/test/tokens_timelines_extended_outcomes.parquet
exp1_extended_regression,regression,min_sodium,ventiles_5_10_5_unfused,mae,False,47942,2.9801317984077347,2.955522659082273,3.0044215045503684,/gpfs/data/bbj-lab/users/daniel/input-representation-benchmark/outputs/runs/tokenized/mimiciv-3.1_meds_70-10-20/ventiles_5-10-5_unfused_time_tokens_first_24h-tokenized/test/reg_ridge_regression-preds-checkpoint-37000.pkl,/gpfs/data/bbj-lab/users/daniel/input-representation-benchmark/outputs/runs/tokenized/mimiciv-3.1_meds_70-10-20/ventiles_5-10-5_unfused_time_tokens_first_24h-tokenized/test/tokens_timelines_extended_outcomes.parquet
exp1_extended_regression,regression,min_sodium,ventiles_5_10_5_unfused,rmse,False,47942,4.0030234474465445,3.919682041217408,4.118177969879812,/gpfs/data/bbj-lab/users/daniel/input-representation-benchmark/outputs/runs/tokenized/mimiciv-3.1_meds_70-10-20/ventiles_5-10-5_unfused_time_tokens_first_24h-tokenized/test/reg_ridge_regression-preds-checkpoint-37000.pkl,/gpfs/data/bbj-lab/users/daniel/input-representation-benchmark/outputs/runs/tokenized/mimiciv-3.1_meds_70-10-20/ventiles_5-10-5_unfused_time_tokens_first_24h-tokenized/test/tokens_timelines_extended_outcomes.parquet
exp1_extended_regression,regression,min_sodium,ventiles_5_10_5_fused,spearman_rho,True,47942,0.4947445998832614,0.4874808999545558,0.5020483623712827,/gpfs/data/bbj-lab/users/daniel/input-representation-benchmark/outputs/runs/tokenized/mimiciv-3.1_meds_70-10-20/ventiles_5-10-5_fused_time_tokens_first_24h-tokenized/test/reg_ridge_regression-preds-checkpoint-37000.pkl,/gpfs/data/bbj-lab/users/daniel/input-representation-benchmark/outputs/runs/tokenized/mimiciv-3.1_meds_70-10-20/ventiles_5-10-5_fused_time_tokens_first_24h-tokenized/test/tokens_timelines_extended_outcomes.parquet
exp1_extended_regression,regression,min_sodium,ventiles_5_10_5_fused,r2,True,47942,0.2675285697812208,0.2534416025242992,0.2794966766443896,/gpfs/data/bbj-lab/users/daniel/input-representation-benchmark/outputs/runs/tokenized/mimiciv-3.1_meds_70-10-20/ventiles_5-10-5_fused_time_tokens_first_24h-tokenized/test/reg_ridge_regression-preds-checkpoint-37000.pkl,/gpfs/data/bbj-lab/users/daniel/input-representation-benchmark/outputs/runs/tokenized/mimiciv-3.1_meds_70-10-20/ventiles_5-10-5_fused_time_tokens_first_24h-tokenized/test/tokens_timelines_extended_outcomes.parquet
exp1_extended_regression,regression,min_sodium,ventiles_5_10_5_fused,mae,False,47942,2.840787420900459,2.8188698997454904,2.8639807904700305,/gpfs/data/bbj-lab/users/daniel/input-representation-benchmark/outputs/runs/tokenized/mimiciv-3.1_meds_70-10-20/ventiles_5-10-5_fused_time_tokens_first_24h-tokenized/test/reg_ridge_regression-preds-checkpoint-37000.pkl,/gpfs/data/bbj-lab/users/daniel/input-representation-benchmark/outputs/runs/tokenized/mimiciv-3.1_meds_70-10-20/ventiles_5-10-5_fused_time_tokens_first_24h-tokenized/test/tokens_timelines_extended_outcomes.parquet
exp1_extended_regression,regression,min_sodium,ventiles_5_10_5_fused,rmse,False,47942,3.831507001473635,3.751551210759029,3.9522478796411553,/gpfs/data/bbj-lab/users/daniel/input-representation-benchmark/outputs/runs/tokenized/mimiciv-3.1_meds_70-10-20/ventiles_5-10-5_fused_time_tokens_first_24h-tokenized/test/reg_ridge_regression-preds-checkpoint-37000.pkl,/gpfs/data/bbj-lab/users/daniel/input-representation-benchmark/outputs/runs/tokenized/mimiciv-3.1_meds_70-10-20/ventiles_5-10-5_fused_time_tokens_first_24h-tokenized/test/tokens_timelines_extended_outcomes.parquet
exp1_extended_regression,regression,min_sodium,trentiles_unfused,spearman_rho,True,47942,0.4296136447626171,0.4219217571213076,0.4373721624175634,/gpfs/data/bbj-lab/users/daniel/input-representation-benchmark/outputs/runs/tokenized/mimiciv-3.1_meds_70-10-20/trentiles_none_unfused_time_tokens_first_24h-tokenized/test/reg_ridge_regression-preds-checkpoint-37000.pkl,/gpfs/data/bbj-lab/users/daniel/input-representation-benchmark/outputs/runs/tokenized/mimiciv-3.1_meds_70-10-20/trentiles_none_unfused_time_tokens_first_24h-tokenized/test/tokens_timelines_extended_outcomes.parquet
exp1_extended_regression,regression,min_sodium,trentiles_unfused,r2,True,47942,0.2057183679794471,0.1947182304497962,0.215842121055983,/gpfs/data/bbj-lab/users/daniel/input-representation-benchmark/outputs/runs/tokenized/mimiciv-3.1_meds_70-10-20/trentiles_none_unfused_time_tokens_first_24h-tokenized/test/reg_ridge_regression-preds-checkpoint-37000.pkl,/gpfs/data/bbj-lab/users/daniel/input-representation-benchmark/outputs/runs/tokenized/mimiciv-3.1_meds_70-10-20/trentiles_none_unfused_time_tokens_first_24h-tokenized/test/tokens_timelines_extended_outcomes.parquet
exp1_extended_regression,regression,min_sodium,trentiles_unfused,mae,False,47942,2.970365205084799,2.9454729002472413,2.9943741294208306,/gpfs/data/bbj-lab/users/daniel/input-representation-benchmark/outputs/runs/tokenized/mimiciv-3.1_meds_70-10-20/trentiles_none_unfused_time_tokens_first_24h-tokenized/test/reg_ridge_regression-preds-checkpoint-37000.pkl,/gpfs/data/bbj-lab/users/daniel/input-representation-benchmark/outputs/runs/tokenized/mimiciv-3.1_meds_70-10-20/trentiles_none_unfused_time_tokens_first_24h-tokenized/test/tokens_timelines_extended_outcomes.parquet
exp1_extended_regression,regression,min_sodium,trentiles_unfused,rmse,False,47942,3.9898956575931104,3.90712853976934,4.105423283990466,/gpfs/data/bbj-lab/users/daniel/input-representation-benchmark/outputs/runs/tokenized/mimiciv-3.1_meds_70-10-20/trentiles_none_unfused_time_tokens_first_24h-tokenized/test/reg_ridge_regression-preds-checkpoint-37000.pkl,/gpfs/data/bbj-lab/users/daniel/input-representation-benchmark/outputs/runs/tokenized/mimiciv-3.1_meds_70-10-20/trentiles_none_unfused_time_tokens_first_24h-tokenized/test/tokens_timelines_extended_outcomes.parquet
exp1_extended_regression,regression,min_sodium,trentiles_fused,spearman_rho,True,47942,0.4946211500274326,0.4871295974424801,0.5016038280056264,/gpfs/data/bbj-lab/users/daniel/input-representation-benchmark/outputs/runs/tokenized/mimiciv-3.1_meds_70-10-20/trentiles_none_fused_time_tokens_first_24h-tokenized/test/reg_ridge_regression-preds-checkpoint-37000.pkl,/gpfs/data/bbj-lab/users/daniel/input-representation-benchmark/outputs/runs/tokenized/mimiciv-3.1_meds_70-10-20/trentiles_none_fused_time_tokens_first_24h-tokenized/test/tokens_timelines_extended_outcomes.parquet
exp1_extended_regression,regression,min_sodium,trentiles_fused,r2,True,47942,0.2668567042766688,0.2536133948885481,0.2782202574917736,/gpfs/data/bbj-lab/users/daniel/input-representation-benchmark/outputs/runs/tokenized/mimiciv-3.1_meds_70-10-20/trentiles_none_fused_time_tokens_first_24h-tokenized/test/reg_ridge_regression-preds-checkpoint-37000.pkl,/gpfs/data/bbj-lab/users/daniel/input-representation-benchmark/outputs/runs/tokenized/mimiciv-3.1_meds_70-10-20/trentiles_none_fused_time_tokens_first_24h-tokenized/test/tokens_timelines_extended_outcomes.parquet
exp1_extended_regression,regression,min_sodium,trentiles_fused,mae,False,47942,2.837282845079297,2.8146135227614715,2.860840449926429,/gpfs/data/bbj-lab/users/daniel/input-representation-benchmark/outputs/runs/tokenized/mimiciv-3.1_meds_70-10-20/trentiles_none_fused_time_tokens_first_24h-tokenized/test/reg_ridge_regression-preds-checkpoint-37000.pkl,/gpfs/data/bbj-lab/users/daniel/input-representation-benchmark/outputs/runs/tokenized/mimiciv-3.1_meds_70-10-20/trentiles_none_fused_time_tokens_first_24h-tokenized/test/tokens_timelines_extended_outcomes.parquet
exp1_extended_regression,regression,min_sodium,trentiles_fused,rmse,False,47942,3.833263839511543,3.7528824063675543,3.9532031415084368,/gpfs/data/bbj-lab/users/daniel/input-representation-benchmark/outputs/runs/tokenized/mimiciv-3.1_meds_70-10-20/trentiles_none_fused_time_tokens_first_24h-tokenized/test/reg_ridge_regression-preds-checkpoint-37000.pkl,/gpfs/data/bbj-lab/users/daniel/input-representation-benchmark/outputs/runs/tokenized/mimiciv-3.1_meds_70-10-20/trentiles_none_fused_time_tokens_first_24h-tokenized/test/tokens_timelines_extended_outcomes.parquet
exp1_extended_regression,regression,min_sodium,trentiles_10_10_10_unfused,spearman_rho,True,47942,0.3786684622681766,0.3705904231889749,0.3862586915582734,/gpfs/data/bbj-lab/users/daniel/input-representation-benchmark/outputs/runs/tokenized/mimiciv-3.1_meds_70-10-20/trentiles_10-10-10_unfused_time_tokens_first_24h-tokenized/test/reg_ridge_regression-preds-checkpoint-10000.pkl,/gpfs/data/bbj-lab/users/daniel/input-representation-benchmark/outputs/runs/tokenized/mimiciv-3.1_meds_70-10-20/trentiles_10-10-10_unfused_time_tokens_first_24h-tokenized/test/tokens_timelines_extended_outcomes.parquet
exp1_extended_regression,regression,min_sodium,trentiles_10_10_10_unfused,r2,True,47942,0.1560839216496431,0.1469053705720247,0.1648640309379598,/gpfs/data/bbj-lab/users/daniel/input-representation-benchmark/outputs/runs/tokenized/mimiciv-3.1_meds_70-10-20/trentiles_10-10-10_unfused_time_tokens_first_24h-tokenized/test/reg_ridge_regression-preds-checkpoint-10000.pkl,/gpfs/data/bbj-lab/users/daniel/input-representation-benchmark/outputs/runs/tokenized/mimiciv-3.1_meds_70-10-20/trentiles_10-10-10_unfused_time_tokens_first_24h-tokenized/test/tokens_timelines_extended_outcomes.parquet
exp1_extended_regression,regression,min_sodium,trentiles_10_10_10_unfused,mae,False,47942,3.064634583507424,3.0392349766859077,3.089193786514231,/gpfs/data/bbj-lab/users/daniel/input-representation-benchmark/outputs/runs/tokenized/mimiciv-3.1_meds_70-10-20/trentiles_10-10-10_unfused_time_tokens_first_24h-tokenized/test/reg_ridge_regression-preds-checkpoint-10000.pkl,/gpfs/data/bbj-lab/users/daniel/input-representation-benchmark/outputs/runs/tokenized/mimiciv-3.1_meds_70-10-20/trentiles_10-10-10_unfused_time_tokens_first_24h-tokenized/test/tokens_timelines_extended_outcomes.parquet
exp1_extended_regression,regression,min_sodium,trentiles_10_10_10_unfused,rmse,False,47942,4.11267043532484,4.031334767081336,4.222656142400613,/gpfs/data/bbj-lab/users/daniel/input-representation-benchmark/outputs/runs/tokenized/mimiciv-3.1_meds_70-10-20/trentiles_10-10-10_unfused_time_tokens_first_24h-tokenized/test/reg_ridge_regression-preds-checkpoint-10000.pkl,/gpfs/data/bbj-lab/users/daniel/input-representation-benchmark/outputs/runs/tokenized/mimiciv-3.1_meds_70-10-20/trentiles_10-10-10_unfused_time_tokens_first_24h-tokenized/test/tokens_timelines_extended_outcomes.parquet
exp1_extended_regression,regression,min_sodium,trentiles_10_10_10_fused,spearman_rho,True,47942,0.4400334494932629,0.432612971944935,0.4474795087293334,/gpfs/data/bbj-lab/users/daniel/input-representation-benchmark/outputs/runs/tokenized/mimiciv-3.1_meds_70-10-20/trentiles_10-10-10_fused_time_tokens_first_24h-tokenized/test/reg_ridge_regression-preds-checkpoint-37000.pkl,/gpfs/data/bbj-lab/users/daniel/input-representation-benchmark/outputs/runs/tokenized/mimiciv-3.1_meds_70-10-20/trentiles_10-10-10_fused_time_tokens_first_24h-tokenized/test/tokens_timelines_extended_outcomes.parquet
exp1_extended_regression,regression,min_sodium,trentiles_10_10_10_fused,r2,True,47942,0.2145183331281682,0.2024460314360574,0.2251326895372758,/gpfs/data/bbj-lab/users/daniel/input-representation-benchmark/outputs/runs/tokenized/mimiciv-3.1_meds_70-10-20/trentiles_10-10-10_fused_time_tokens_first_24h-tokenized/test/reg_ridge_regression-preds-checkpoint-37000.pkl,/gpfs/data/bbj-lab/users/daniel/input-representation-benchmark/outputs/runs/tokenized/mimiciv-3.1_meds_70-10-20/trentiles_10-10-10_fused_time_tokens_first_24h-tokenized/test/tokens_timelines_extended_outcomes.parquet
exp1_extended_regression,regression,min_sodium,trentiles_10_10_10_fused,mae,False,47942,2.9502672699334447,2.927530922560829,2.97452171224685,/gpfs/data/bbj-lab/users/daniel/input-representation-benchmark/outputs/runs/tokenized/mimiciv-3.1_meds_70-10-20/trentiles_10-10-10_fused_time_tokens_first_24h-tokenized/test/reg_ridge_regression-preds-checkpoint-37000.pkl,/gpfs/data/bbj-lab/users/daniel/input-representation-benchmark/outputs/runs/tokenized/mimiciv-3.1_meds_70-10-20/trentiles_10-10-10_fused_time_tokens_first_24h-tokenized/test/tokens_timelines_extended_outcomes.parquet
exp1_extended_regression,regression,min_sodium,trentiles_10_10_10_fused,rmse,False,47942,3.967731771607991,3.889047057101256,4.085944741478944,/gpfs/data/bbj-lab/users/daniel/input-representation-benchmark/outputs/runs/tokenized/mimiciv-3.1_meds_70-10-20/trentiles_10-10-10_fused_time_tokens_first_24h-tokenized/test/reg_ridge_regression-preds-checkpoint-37000.pkl,/gpfs/data/bbj-lab/users/daniel/input-representation-benchmark/outputs/runs/tokenized/mimiciv-3.1_meds_70-10-20/trentiles_10-10-10_fused_time_tokens_first_24h-tokenized/test/tokens_timelines_extended_outcomes.parquet
exp1_extended_regression,regression,min_sodium,centiles_unfused,spearman_rho,True,47942,0.4013115011273068,0.3938857870744514,0.4086806754685513,/gpfs/data/bbj-lab/users/daniel/input-representation-benchmark/outputs/runs/tokenized/mimiciv-3.1_meds_70-10-20/centiles_none_unfused_time_tokens_first_24h-tokenized/test/reg_ridge_regression-preds-checkpoint-37000.pkl,/gpfs/data/bbj-lab/users/daniel/input-representation-benchmark/outputs/runs/tokenized/mimiciv-3.1_meds_70-10-20/centiles_none_unfused_time_tokens_first_24h-tokenized/test/tokens_timelines_extended_outcomes.parquet
exp1_extended_regression,regression,min_sodium,centiles_unfused,r2,True,47942,0.1797787585167357,0.1691593021860404,0.1895782555977896,/gpfs/data/bbj-lab/users/daniel/input-representation-benchmark/outputs/runs/tokenized/mimiciv-3.1_meds_70-10-20/centiles_none_unfused_time_tokens_first_24h-tokenized/test/reg_ridge_regression-preds-checkpoint-37000.pkl,/gpfs/data/bbj-lab/users/daniel/input-representation-benchmark/outputs/runs/tokenized/mimiciv-3.1_meds_70-10-20/centiles_none_unfused_time_tokens_first_24h-tokenized/test/tokens_timelines_extended_outcomes.parquet
exp1_extended_regression,regression,min_sodium,centiles_unfused,mae,False,47942,3.022525260622536,2.997200335512716,3.046322191960714,/gpfs/data/bbj-lab/users/daniel/input-representation-benchmark/outputs/runs/tokenized/mimiciv-3.1_meds_70-10-20/centiles_none_unfused_time_tokens_first_24h-tokenized/test/reg_ridge_regression-preds-checkpoint-37000.pkl,/gpfs/data/bbj-lab/users/daniel/input-representation-benchmark/outputs/runs/tokenized/mimiciv-3.1_meds_70-10-20/centiles_none_unfused_time_tokens_first_24h-tokenized/test/tokens_timelines_extended_outcomes.parquet
exp1_extended_regression,regression,min_sodium,centiles_unfused,rmse,False,47942,4.054523151821955,3.971111568277035,4.1714645082159,/gpfs/data/bbj-lab/users/daniel/input-representation-benchmark/outputs/runs/tokenized/mimiciv-3.1_meds_70-10-20/centiles_none_unfused_time_tokens_first_24h-tokenized/test/reg_ridge_regression-preds-checkpoint-37000.pkl,/gpfs/data/bbj-lab/users/daniel/input-representation-benchmark/outputs/runs/tokenized/mimiciv-3.1_meds_70-10-20/centiles_none_unfused_time_tokens_first_24h-tokenized/test/tokens_timelines_extended_outcomes.parquet
exp1_extended_regression,regression,min_sodium,centiles_fused,spearman_rho,True,47942,0.5080859028370023,0.5014134007073162,0.5151460714111034,/gpfs/data/bbj-lab/users/daniel/input-representation-benchmark/outputs/runs/tokenized/mimiciv-3.1_meds_70-10-20/centiles_none_fused_time_tokens_first_24h-tokenized/test/reg_ridge_regression-preds-checkpoint-16500.pkl,/gpfs/data/bbj-lab/users/daniel/input-representation-benchmark/outputs/runs/tokenized/mimiciv-3.1_meds_70-10-20/centiles_none_fused_time_tokens_first_24h-tokenized/test/tokens_timelines_extended_outcomes.parquet
exp1_extended_regression,regression,min_sodium,centiles_fused,r2,True,47942,0.2800940156926559,0.2663857021335898,0.2919427232348611,/gpfs/data/bbj-lab/users/daniel/input-representation-benchmark/outputs/runs/tokenized/mimiciv-3.1_meds_70-10-20/centiles_none_fused_time_tokens_first_24h-tokenized/test/reg_ridge_regression-preds-checkpoint-16500.pkl,/gpfs/data/bbj-lab/users/daniel/input-representation-benchmark/outputs/runs/tokenized/mimiciv-3.1_meds_70-10-20/centiles_none_fused_time_tokens_first_24h-tokenized/test/tokens_timelines_extended_outcomes.parquet
exp1_extended_regression,regression,min_sodium,centiles_fused,mae,False,47942,2.805928455026624,2.783605511689163,2.8281388719084317,/gpfs/data/bbj-lab/users/daniel/input-representation-benchmark/outputs/runs/tokenized/mimiciv-3.1_meds_70-10-20/centiles_none_fused_time_tokens_first_24h-tokenized/test/reg_ridge_regression-preds-checkpoint-16500.pkl,/gpfs/data/bbj-lab/users/daniel/input-representation-benchmark/outputs/runs/tokenized/mimiciv-3.1_meds_70-10-20/centiles_none_fused_time_tokens_first_24h-tokenized/test/tokens_timelines_extended_outcomes.parquet
exp1_extended_regression,regression,min_sodium,centiles_fused,rmse,False,47942,3.7985003470663536,3.718427516355198,3.916951538887986,/gpfs/data/bbj-lab/users/daniel/input-representation-benchmark/outputs/runs/tokenized/mimiciv-3.1_meds_70-10-20/centiles_none_fused_time_tokens_first_24h-tokenized/test/reg_ridge_regression-preds-checkpoint-16500.pkl,/gpfs/data/bbj-lab/users/daniel/input-representation-benchmark/outputs/runs/tokenized/mimiciv-3.1_meds_70-10-20/centiles_none_fused_time_tokens_first_24h-tokenized/test/tokens_timelines_extended_outcomes.parquet
exp1_extended_regression,regression,peak_bnp,deciles_unfused,spearman_rho,True,2864,0.3384352692910435,0.3055907443043046,0.3711877582192488,/gpfs/data/bbj-lab/users/daniel/input-representation-benchmark/outputs/runs/tokenized/mimiciv-3.1_meds_70-10-20/deciles_none_unfused_time_tokens_first_24h-tokenized/test/reg_ridge_regression-preds-checkpoint-10000.pkl,/gpfs/data/bbj-lab/users/daniel/input-representation-benchmark/outputs/runs/tokenized/mimiciv-3.1_meds_70-10-20/deciles_none_unfused_time_tokens_first_24h-tokenized/test/tokens_timelines_extended_outcomes.parquet
exp1_extended_regression,regression,peak_bnp,deciles_unfused,r2,True,2864,0.0314420555682559,-0.0055166051772755,0.0637869748114356,/gpfs/data/bbj-lab/users/daniel/input-representation-benchmark/outputs/runs/tokenized/mimiciv-3.1_meds_70-10-20/deciles_none_unfused_time_tokens_first_24h-tokenized/test/reg_ridge_regression-preds-checkpoint-10000.pkl,/gpfs/data/bbj-lab/users/daniel/input-representation-benchmark/outputs/runs/tokenized/mimiciv-3.1_meds_70-10-20/deciles_none_unfused_time_tokens_first_24h-tokenized/test/tokens_timelines_extended_outcomes.parquet
exp1_extended_regression,regression,peak_bnp,deciles_unfused,mae,False,2864,4281.572110901894,4064.539201023691,4504.514340786281,/gpfs/data/bbj-lab/users/daniel/input-representation-benchmark/outputs/runs/tokenized/mimiciv-3.1_meds_70-10-20/deciles_none_unfused_time_tokens_first_24h-tokenized/test/reg_ridge_regression-preds-checkpoint-10000.pkl,/gpfs/data/bbj-lab/users/daniel/input-representation-benchmark/outputs/runs/tokenized/mimiciv-3.1_meds_70-10-20/deciles_none_unfused_time_tokens_first_24h-tokenized/test/tokens_timelines_extended_outcomes.parquet
exp1_extended_regression,regression,peak_bnp,deciles_unfused,rmse,False,2864,7356.202302169094,6736.366971390403,7955.143943200997,/gpfs/data/bbj-lab/users/daniel/input-representation-benchmark/outputs/runs/tokenized/mimiciv-3.1_meds_70-10-20/deciles_none_unfused_time_tokens_first_24h-tokenized/test/reg_ridge_regression-preds-checkpoint-10000.pkl,/gpfs/data/bbj-lab/users/daniel/input-representation-benchmark/outputs/runs/tokenized/mimiciv-3.1_meds_70-10-20/deciles_none_unfused_time_tokens_first_24h-tokenized/test/tokens_timelines_extended_outcomes.parquet
exp1_extended_regression,regression,peak_bnp,deciles_fused,spearman_rho,True,2864,0.3831919418158103,0.3517602529902819,0.4137635312493788,/gpfs/data/bbj-lab/users/daniel/input-representation-benchmark/outputs/runs/tokenized/mimiciv-3.1_meds_70-10-20/deciles_none_fused_time_tokens_first_24h-tokenized/test/reg_ridge_regression-preds-checkpoint-17000.pkl,/gpfs/data/bbj-lab/users/daniel/input-representation-benchmark/outputs/runs/tokenized/mimiciv-3.1_meds_70-10-20/deciles_none_fused_time_tokens_first_24h-tokenized/test/tokens_timelines_extended_outcomes.parquet
exp1_extended_regression,regression,peak_bnp,deciles_fused,r2,True,2864,0.0714468857818332,0.0287961446256783,0.1095279649933242,/gpfs/data/bbj-lab/users/daniel/input-representation-benchmark/outputs/runs/tokenized/mimiciv-3.1_meds_70-10-20/deciles_none_fused_time_tokens_first_24h-tokenized/test/reg_ridge_regression-preds-checkpoint-17000.pkl,/gpfs/data/bbj-lab/users/daniel/input-representation-benchmark/outputs/runs/tokenized/mimiciv-3.1_meds_70-10-20/deciles_none_fused_time_tokens_first_24h-tokenized/test/tokens_timelines_extended_outcomes.parquet
exp1_extended_regression,regression,peak_bnp,deciles_fused,mae,False,2864,4261.519897321518,4046.886867982341,4476.005744786534,/gpfs/data/bbj-lab/users/daniel/input-representation-benchmark/outputs/runs/tokenized/mimiciv-3.1_meds_70-10-20/deciles_none_fused_time_tokens_first_24h-tokenized/test/reg_ridge_regression-preds-checkpoint-17000.pkl,/gpfs/data/bbj-lab/users/daniel/input-representation-benchmark/outputs/runs/tokenized/mimiciv-3.1_meds_70-10-20/deciles_none_fused_time_tokens_first_24h-tokenized/test/tokens_timelines_extended_outcomes.parquet
exp1_extended_regression,regression,peak_bnp,deciles_fused,rmse,False,2864,7202.681913907734,6633.205409616678,7782.587519373129,/gpfs/data/bbj-lab/users/daniel/input-representation-benchmark/outputs/runs/tokenized/mimiciv-3.1_meds_70-10-20/deciles_none_fused_time_tokens_first_24h-tokenized/test/reg_ridge_regression-preds-checkpoint-17000.pkl,/gpfs/data/bbj-lab/users/daniel/input-representation-benchmark/outputs/runs/tokenized/mimiciv-3.1_meds_70-10-20/deciles_none_fused_time_tokens_first_24h-tokenized/test/tokens_timelines_extended_outcomes.parquet
exp1_extended_regression,regression,peak_bnp,ventiles_unfused,spearman_rho,True,2864,0.3625848532178829,0.3299768663961468,0.3936593777023728,/gpfs/data/bbj-lab/users/daniel/input-representation-benchmark/outputs/runs/tokenized/mimiciv-3.1_meds_70-10-20/ventiles_none_unfused_time_tokens_first_24h-tokenized/test/reg_ridge_regression-preds-checkpoint-37000.pkl,/gpfs/data/bbj-lab/users/daniel/input-representation-benchmark/outputs/runs/tokenized/mimiciv-3.1_meds_70-10-20/ventiles_none_unfused_time_tokens_first_24h-tokenized/test/tokens_timelines_extended_outcomes.parquet
exp1_extended_regression,regression,peak_bnp,ventiles_unfused,r2,True,2864,0.0501059975955635,0.0110530057395998,0.0841912501178083,/gpfs/data/bbj-lab/users/daniel/input-representation-benchmark/outputs/runs/tokenized/mimiciv-3.1_meds_70-10-20/ventiles_none_unfused_time_tokens_first_24h-tokenized/test/reg_ridge_regression-preds-checkpoint-37000.pkl,/gpfs/data/bbj-lab/users/daniel/input-representation-benchmark/outputs/runs/tokenized/mimiciv-3.1_meds_70-10-20/ventiles_none_unfused_time_tokens_first_24h-tokenized/test/tokens_timelines_extended_outcomes.parquet
exp1_extended_regression,regression,peak_bnp,ventiles_unfused,mae,False,2864,4287.363137919987,4062.94217488832,4500.685558326331,/gpfs/data/bbj-lab/users/daniel/input-representation-benchmark/outputs/runs/tokenized/mimiciv-3.1_meds_70-10-20/ventiles_none_unfused_time_tokens_first_24h-tokenized/test/reg_ridge_regression-preds-checkpoint-37000.pkl,/gpfs/data/bbj-lab/users/daniel/input-representation-benchmark/outputs/runs/tokenized/mimiciv-3.1_meds_70-10-20/ventiles_none_unfused_time_tokens_first_24h-tokenized/test/tokens_timelines_extended_outcomes.parquet
exp1_extended_regression,regression,peak_bnp,ventiles_unfused,rmse,False,2864,7284.981163167491,6684.601372144002,7871.7056084424385,/gpfs/data/bbj-lab/users/daniel/input-representation-benchmark/outputs/runs/tokenized/mimiciv-3.1_meds_70-10-20/ventiles_none_unfused_time_tokens_first_24h-tokenized/test/reg_ridge_regression-preds-checkpoint-37000.pkl,/gpfs/data/bbj-lab/users/daniel/input-representation-benchmark/outputs/runs/tokenized/mimiciv-3.1_meds_70-10-20/ventiles_none_unfused_time_tokens_first_24h-tokenized/test/tokens_timelines_extended_outcomes.parquet
exp1_extended_regression,regression,peak_bnp,ventiles_fused,spearman_rho,True,2864,0.365458737557841,0.3319926157299389,0.3967089932112077,/gpfs/data/bbj-lab/users/daniel/input-representation-benchmark/outputs/runs/tokenized/mimiciv-3.1_meds_70-10-20/ventiles_none_fused_time_tokens_first_24h-tokenized/test/reg_ridge_regression-preds-checkpoint-37000.pkl,/gpfs/data/bbj-lab/users/daniel/input-representation-benchmark/outputs/runs/tokenized/mimiciv-3.1_meds_70-10-20/ventiles_none_fused_time_tokens_first_24h-tokenized/test/tokens_timelines_extended_outcomes.parquet
exp1_extended_regression,regression,peak_bnp,ventiles_fused,r2,True,2864,0.058101989204059,0.0151527872925135,0.0967482212876549,/gpfs/data/bbj-lab/users/daniel/input-representation-benchmark/outputs/runs/tokenized/mimiciv-3.1_meds_70-10-20/ventiles_none_fused_time_tokens_first_24h-tokenized/test/reg_ridge_regression-preds-checkpoint-37000.pkl,/gpfs/data/bbj-lab/users/daniel/input-representation-benchmark/outputs/runs/tokenized/mimiciv-3.1_meds_70-10-20/ventiles_none_fused_time_tokens_first_24h-tokenized/test/tokens_timelines_extended_outcomes.parquet
exp1_extended_regression,regression,peak_bnp,ventiles_fused,mae,False,2864,4257.641419903744,4041.8223519677854,4471.664047380043,/gpfs/data/bbj-lab/users/daniel/input-representation-benchmark/outputs/runs/tokenized/mimiciv-3.1_meds_70-10-20/ventiles_none_fused_time_tokens_first_24h-tokenized/test/reg_ridge_regression-preds-checkpoint-37000.pkl,/gpfs/data/bbj-lab/users/daniel/input-representation-benchmark/outputs/runs/tokenized/mimiciv-3.1_meds_70-10-20/ventiles_none_fused_time_tokens_first_24h-tokenized/test/tokens_timelines_extended_outcomes.parquet
exp1_extended_regression,regression,peak_bnp,ventiles_fused,rmse,False,2864,7254.25470739728,6658.725248480392,7856.361169096807,/gpfs/data/bbj-lab/users/daniel/input-representation-benchmark/outputs/runs/tokenized/mimiciv-3.1_meds_70-10-20/ventiles_none_fused_time_tokens_first_24h-tokenized/test/reg_ridge_regression-preds-checkpoint-37000.pkl,/gpfs/data/bbj-lab/users/daniel/input-representation-benchmark/outputs/runs/tokenized/mimiciv-3.1_meds_70-10-20/ventiles_none_fused_time_tokens_first_24h-tokenized/test/tokens_timelines_extended_outcomes.parquet
exp1_extended_regression,regression,peak_bnp,ventiles_5_10_5_unfused,spearman_rho,True,2864,0.3710395104404961,0.3397474247052702,0.4015975480280788,/gpfs/data/bbj-lab/users/daniel/input-representation-benchmark/outputs/runs/tokenized/mimiciv-3.1_meds_70-10-20/ventiles_5-10-5_unfused_time_tokens_first_24h-tokenized/test/reg_ridge_regression-preds-checkpoint-37000.pkl,/gpfs/data/bbj-lab/users/daniel/input-representation-benchmark/outputs/runs/tokenized/mimiciv-3.1_meds_70-10-20/ventiles_5-10-5_unfused_time_tokens_first_24h-tokenized/test/tokens_timelines_extended_outcomes.parquet
exp1_extended_regression,regression,peak_bnp,ventiles_5_10_5_unfused,r2,True,2864,0.0641820166741686,0.0237465243528343,0.0972509272158494,/gpfs/data/bbj-lab/users/daniel/input-representation-benchmark/outputs/runs/tokenized/mimiciv-3.1_meds_70-10-20/ventiles_5-10-5_unfused_time_tokens_first_24h-tokenized/test/reg_ridge_regression-preds-checkpoint-37000.pkl,/gpfs/data/bbj-lab/users/daniel/input-representation-benchmark/outputs/runs/tokenized/mimiciv-3.1_meds_70-10-20/ventiles_5-10-5_unfused_time_tokens_first_24h-tokenized/test/tokens_timelines_extended_outcomes.parquet
exp1_extended_regression,regression,peak_bnp,ventiles_5_10_5_unfused,mae,False,2864,4293.729320072871,4073.159792585392,4508.886209019766,/gpfs/data/bbj-lab/users/daniel/input-representation-benchmark/outputs/runs/tokenized/mimiciv-3.1_meds_70-10-20/ventiles_5-10-5_unfused_time_tokens_first_24h-tokenized/test/reg_ridge_regression-preds-checkpoint-37000.pkl,/gpfs/data/bbj-lab/users/daniel/input-representation-benchmark/outputs/runs/tokenized/mimiciv-3.1_meds_70-10-20/ventiles_5-10-5_unfused_time_tokens_first_24h-tokenized/test/tokens_timelines_extended_outcomes.parquet
exp1_extended_regression,regression,peak_bnp,ventiles_5_10_5_unfused,rmse,False,2864,7230.803402106167,6651.657063070037,7791.896240603063,/gpfs/data/bbj-lab/users/daniel/input-representation-benchmark/outputs/runs/tokenized/mimiciv-3.1_meds_70-10-20/ventiles_5-10-5_unfused_time_tokens_first_24h-tokenized/test/reg_ridge_regression-preds-checkpoint-37000.pkl,/gpfs/data/bbj-lab/users/daniel/input-representation-benchmark/outputs/runs/tokenized/mimiciv-3.1_meds_70-10-20/ventiles_5-10-5_unfused_time_tokens_first_24h-tokenized/test/tokens_timelines_extended_outcomes.parquet
exp1_extended_regression,regression,peak_bnp,ventiles_5_10_5_fused,spearman_rho,True,2864,0.3786087534593496,0.3466038809411418,0.4095100145132448,/gpfs/data/bbj-lab/users/daniel/input-representation-benchmark/outputs/runs/tokenized/mimiciv-3.1_meds_70-10-20/ventiles_5-10-5_fused_time_tokens_first_24h-tokenized/test/reg_ridge_regression-preds-checkpoint-37000.pkl,/gpfs/data/bbj-lab/users/daniel/input-representation-benchmark/outputs/runs/tokenized/mimiciv-3.1_meds_70-10-20/ventiles_5-10-5_fused_time_tokens_first_24h-tokenized/test/tokens_timelines_extended_outcomes.parquet
exp1_extended_regression,regression,peak_bnp,ventiles_5_10_5_fused,r2,True,2864,0.0673972370332988,0.0251491761423508,0.1032931156115624,/gpfs/data/bbj-lab/users/daniel/input-representation-benchmark/outputs/runs/tokenized/mimiciv-3.1_meds_70-10-20/ventiles_5-10-5_fused_time_tokens_first_24h-tokenized/test/reg_ridge_regression-preds-checkpoint-37000.pkl,/gpfs/data/bbj-lab/users/daniel/input-representation-benchmark/outputs/runs/tokenized/mimiciv-3.1_meds_70-10-20/ventiles_5-10-5_fused_time_tokens_first_24h-tokenized/test/tokens_timelines_extended_outcomes.parquet
exp1_extended_regression,regression,peak_bnp,ventiles_5_10_5_fused,mae,False,2864,4316.661864521629,4107.356527647007,4535.52812953897,/gpfs/data/bbj-lab/users/daniel/input-representation-benchmark/outputs/runs/tokenized/mimiciv-3.1_meds_70-10-20/ventiles_5-10-5_fused_time_tokens_first_24h-tokenized/test/reg_ridge_regression-preds-checkpoint-37000.pkl,/gpfs/data/bbj-lab/users/daniel/input-representation-benchmark/outputs/runs/tokenized/mimiciv-3.1_meds_70-10-20/ventiles_5-10-5_fused_time_tokens_first_24h-tokenized/test/tokens_timelines_extended_outcomes.parquet
exp1_extended_regression,regression,peak_bnp,ventiles_5_10_5_fused,rmse,False,2864,7218.371160944038,6659.150589846845,7782.283932011024,/gpfs/data/bbj-lab/users/daniel/input-representation-benchmark/outputs/runs/tokenized/mimiciv-3.1_meds_70-10-20/ventiles_5-10-5_fused_time_tokens_first_24h-tokenized/test/reg_ridge_regression-preds-checkpoint-37000.pkl,/gpfs/data/bbj-lab/users/daniel/input-representation-benchmark/outputs/runs/tokenized/mimiciv-3.1_meds_70-10-20/ventiles_5-10-5_fused_time_tokens_first_24h-tokenized/test/tokens_timelines_extended_outcomes.parquet
exp1_extended_regression,regression,peak_bnp,trentiles_unfused,spearman_rho,True,2864,0.3746931621107051,0.3442938861056086,0.4064651421000855,/gpfs/data/bbj-lab/users/daniel/input-representation-benchmark/outputs/runs/tokenized/mimiciv-3.1_meds_70-10-20/trentiles_none_unfused_time_tokens_first_24h-tokenized/test/reg_ridge_regression-preds-checkpoint-37000.pkl,/gpfs/data/bbj-lab/users/daniel/input-representation-benchmark/outputs/runs/tokenized/mimiciv-3.1_meds_70-10-20/trentiles_none_unfused_time_tokens_first_24h-tokenized/test/tokens_timelines_extended_outcomes.parquet
exp1_extended_regression,regression,peak_bnp,trentiles_unfused,r2,True,2864,0.0708158027201183,0.026815489158778,0.1077057741217172,/gpfs/data/bbj-lab/users/daniel/input-representation-benchmark/outputs/runs/tokenized/mimiciv-3.1_meds_70-10-20/trentiles_none_unfused_time_tokens_first_24h-tokenized/test/reg_ridge_regression-preds-checkpoint-37000.pkl,/gpfs/data/bbj-lab/users/daniel/input-representation-benchmark/outputs/runs/tokenized/mimiciv-3.1_meds_70-10-20/trentiles_none_unfused_time_tokens_first_24h-tokenized/test/tokens_timelines_extended_outcomes.parquet
exp1_extended_regression,regression,peak_bnp,trentiles_unfused,mae,False,2864,4319.6309166332685,4098.560110291183,4529.113470265504,/gpfs/data/bbj-lab/users/daniel/input-representation-benchmark/outputs/runs/tokenized/mimiciv-3.1_meds_70-10-20/trentiles_none_unfused_time_tokens_first_24h-tokenized/test/reg_ridge_regression-preds-checkpoint-37000.pkl,/gpfs/data/bbj-lab/users/daniel/input-representation-benchmark/outputs/runs/tokenized/mimiciv-3.1_meds_70-10-20/trentiles_none_unfused_time_tokens_first_24h-tokenized/test/tokens_timelines_extended_outcomes.parquet
exp1_extended_regression,regression,peak_bnp,trentiles_unfused,rmse,False,2864,7205.12911828503,6637.579474256236,7751.927062288116,/gpfs/data/bbj-lab/users/daniel/input-representation-benchmark/outputs/runs/tokenized/mimiciv-3.1_meds_70-10-20/trentiles_none_unfused_time_tokens_first_24h-tokenized/test/reg_ridge_regression-preds-checkpoint-37000.pkl,/gpfs/data/bbj-lab/users/daniel/input-representation-benchmark/outputs/runs/tokenized/mimiciv-3.1_meds_70-10-20/trentiles_none_unfused_time_tokens_first_24h-tokenized/test/tokens_timelines_extended_outcomes.parquet
exp1_extended_regression,regression,peak_bnp,trentiles_fused,spearman_rho,True,2864,0.3655590815909527,0.3334998077541299,0.3967618612426691,/gpfs/data/bbj-lab/users/daniel/input-representation-benchmark/outputs/runs/tokenized/mimiciv-3.1_meds_70-10-20/trentiles_none_fused_time_tokens_first_24h-tokenized/test/reg_ridge_regression-preds-checkpoint-37000.pkl,/gpfs/data/bbj-lab/users/daniel/input-representation-benchmark/outputs/runs/tokenized/mimiciv-3.1_meds_70-10-20/trentiles_none_fused_time_tokens_first_24h-tokenized/test/tokens_timelines_extended_outcomes.parquet
exp1_extended_regression,regression,peak_bnp,trentiles_fused,r2,True,2864,0.0637658137651704,0.0232885300186514,0.0986740815211849,/gpfs/data/bbj-lab/users/daniel/input-representation-benchmark/outputs/runs/tokenized/mimiciv-3.1_meds_70-10-20/trentiles_none_fused_time_tokens_first_24h-tokenized/test/reg_ridge_regression-preds-checkpoint-37000.pkl,/gpfs/data/bbj-lab/users/daniel/input-representation-benchmark/outputs/runs/tokenized/mimiciv-3.1_meds_70-10-20/trentiles_none_fused_time_tokens_first_24h-tokenized/test/tokens_timelines_extended_outcomes.parquet
exp1_extended_regression,regression,peak_bnp,trentiles_fused,mae,False,2864,4292.350032187248,4072.082541600198,4509.654225371212,/gpfs/data/bbj-lab/users/daniel/input-representation-benchmark/outputs/runs/tokenized/mimiciv-3.1_meds_70-10-20/trentiles_none_fused_time_tokens_first_24h-tokenized/test/reg_ridge_regression-preds-checkpoint-37000.pkl,/gpfs/data/bbj-lab/users/daniel/input-representation-benchmark/outputs/runs/tokenized/mimiciv-3.1_meds_70-10-20/trentiles_none_fused_time_tokens_first_24h-tokenized/test/tokens_timelines_extended_outcomes.parquet
exp1_extended_regression,regression,peak_bnp,trentiles_fused,rmse,False,2864,7232.411165006303,6646.38156830792,7801.960477462363,/gpfs/data/bbj-lab/users/daniel/input-representation-benchmark/outputs/runs/tokenized/mimiciv-3.1_meds_70-10-20/trentiles_none_fused_time_tokens_first_24h-tokenized/test/reg_ridge_regression-preds-checkpoint-37000.pkl,/gpfs/data/bbj-lab/users/daniel/input-representation-benchmark/outputs/runs/tokenized/mimiciv-3.1_meds_70-10-20/trentiles_none_fused_time_tokens_first_24h-tokenized/test/tokens_timelines_extended_outcomes.parquet
exp1_extended_regression,regression,peak_bnp,trentiles_10_10_10_unfused,spearman_rho,True,2864,0.3363188482720619,0.3029336824052838,0.3689325480257056,/gpfs/data/bbj-lab/users/daniel/input-representation-benchmark/outputs/runs/tokenized/mimiciv-3.1_meds_70-10-20/trentiles_10-10-10_unfused_time_tokens_first_24h-tokenized/test/reg_ridge_regression-preds-checkpoint-10000.pkl,/gpfs/data/bbj-lab/users/daniel/input-representation-benchmark/outputs/runs/tokenized/mimiciv-3.1_meds_70-10-20/trentiles_10-10-10_unfused_time_tokens_first_24h-tokenized/test/tokens_timelines_extended_outcomes.parquet
exp1_extended_regression,regression,peak_bnp,trentiles_10_10_10_unfused,r2,True,2864,0.0513554979517522,0.0138540131010271,0.0849780424327279,/gpfs/data/bbj-lab/users/daniel/input-representation-benchmark/outputs/runs/tokenized/mimiciv-3.1_meds_70-10-20/trentiles_10-10-10_unfused_time_tokens_first_24h-tokenized/test/reg_ridge_regression-preds-checkpoint-10000.pkl,/gpfs/data/bbj-lab/users/daniel/input-representation-benchmark/outputs/runs/tokenized/mimiciv-3.1_meds_70-10-20/trentiles_10-10-10_unfused_time_tokens_first_24h-tokenized/test/tokens_timelines_extended_outcomes.parquet
exp1_extended_regression,regression,peak_bnp,trentiles_10_10_10_unfused,mae,False,2864,4263.415680201279,4040.794496423495,4478.902101209658,/gpfs/data/bbj-lab/users/daniel/input-representation-benchmark/outputs/runs/tokenized/mimiciv-3.1_meds_70-10-20/trentiles_10-10-10_unfused_time_tokens_first_24h-tokenized/test/reg_ridge_regression-preds-checkpoint-10000.pkl,/gpfs/data/bbj-lab/users/daniel/input-representation-benchmark/outputs/runs/tokenized/mimiciv-3.1_meds_70-10-20/trentiles_10-10-10_unfused_time_tokens_first_24h-tokenized/test/tokens_timelines_extended_outcomes.parquet
exp1_extended_regression,regression,peak_bnp,trentiles_10_10_10_unfused,rmse,False,2864,7280.1882168415905,6682.658298754143,7846.022338406739,/gpfs/data/bbj-lab/users/daniel/input-representation-benchmark/outputs/runs/tokenized/mimiciv-3.1_meds_70-10-20/trentiles_10-10-10_unfused_time_tokens_first_24h-tokenized/test/reg_ridge_regression-preds-checkpoint-10000.pkl,/gpfs/data/bbj-lab/users/daniel/input-representation-benchmark/outputs/runs/tokenized/mimiciv-3.1_meds_70-10-20/trentiles_10-10-10_unfused_time_tokens_first_24h-tokenized/test/tokens_timelines_extended_outcomes.parquet
exp1_extended_regression,regression,peak_bnp,trentiles_10_10_10_fused,spearman_rho,True,2864,0.3193970848458214,0.2843263756154607,0.351793363762222,/gpfs/data/bbj-lab/users/daniel/input-representation-benchmark/outputs/runs/tokenized/mimiciv-3.1_meds_70-10-20/trentiles_10-10-10_fused_time_tokens_first_24h-tokenized/test/reg_ridge_regression-preds-checkpoint-37000.pkl,/gpfs/data/bbj-lab/users/daniel/input-representation-benchmark/outputs/runs/tokenized/mimiciv-3.1_meds_70-10-20/trentiles_10-10-10_fused_time_tokens_first_24h-tokenized/test/tokens_timelines_extended_outcomes.parquet
exp1_extended_regression,regression,peak_bnp,trentiles_10_10_10_fused,r2,True,2864,0.0443862343645813,0.0053138234918395,0.0776328358186142,/gpfs/data/bbj-lab/users/daniel/input-representation-benchmark/outputs/runs/tokenized/mimiciv-3.1_meds_70-10-20/trentiles_10-10-10_fused_time_tokens_first_24h-tokenized/test/reg_ridge_regression-preds-checkpoint-37000.pkl,/gpfs/data/bbj-lab/users/daniel/input-representation-benchmark/outputs/runs/tokenized/mimiciv-3.1_meds_70-10-20/trentiles_10-10-10_fused_time_tokens_first_24h-tokenized/test/tokens_timelines_extended_outcomes.parquet
exp1_extended_regression,regression,peak_bnp,trentiles_10_10_10_fused,mae,False,2864,4295.053170635625,4090.835923258619,4519.380804642439,/gpfs/data/bbj-lab/users/daniel/input-representation-benchmark/outputs/runs/tokenized/mimiciv-3.1_meds_70-10-20/trentiles_10-10-10_fused_time_tokens_first_24h-tokenized/test/reg_ridge_regression-preds-checkpoint-37000.pkl,/gpfs/data/bbj-lab/users/daniel/input-representation-benchmark/outputs/runs/tokenized/mimiciv-3.1_meds_70-10-20/trentiles_10-10-10_fused_time_tokens_first_24h-tokenized/test/tokens_timelines_extended_outcomes.parquet
exp1_extended_regression,regression,peak_bnp,trentiles_10_10_10_fused,rmse,False,2864,7306.881411602542,6721.859320925494,7880.642735327996,/gpfs/data/bbj-lab/users/daniel/input-representation-benchmark/outputs/runs/tokenized/mimiciv-3.1_meds_70-10-20/trentiles_10-10-10_fused_time_tokens_first_24h-tokenized/test/reg_ridge_regression-preds-checkpoint-37000.pkl,/gpfs/data/bbj-lab/users/daniel/input-representation-benchmark/outputs/runs/tokenized/mimiciv-3.1_meds_70-10-20/trentiles_10-10-10_fused_time_tokens_first_24h-tokenized/test/tokens_timelines_extended_outcomes.parquet
exp1_extended_regression,regression,peak_bnp,centiles_unfused,spearman_rho,True,2864,0.3451739179619249,0.312442204491256,0.3772826328996408,/gpfs/data/bbj-lab/users/daniel/input-representation-benchmark/outputs/runs/tokenized/mimiciv-3.1_meds_70-10-20/centiles_none_unfused_time_tokens_first_24h-tokenized/test/reg_ridge_regression-preds-checkpoint-37000.pkl,/gpfs/data/bbj-lab/users/daniel/input-representation-benchmark/outputs/runs/tokenized/mimiciv-3.1_meds_70-10-20/centiles_none_unfused_time_tokens_first_24h-tokenized/test/tokens_timelines_extended_outcomes.parquet
exp1_extended_regression,regression,peak_bnp,centiles_unfused,r2,True,2864,0.0595474591983637,0.0203049936761537,0.0941944355342832,/gpfs/data/bbj-lab/users/daniel/input-representation-benchmark/outputs/runs/tokenized/mimiciv-3.1_meds_70-10-20/centiles_none_unfused_time_tokens_first_24h-tokenized/test/reg_ridge_regression-preds-checkpoint-37000.pkl,/gpfs/data/bbj-lab/users/daniel/input-representation-benchmark/outputs/runs/tokenized/mimiciv-3.1_meds_70-10-20/centiles_none_unfused_time_tokens_first_24h-tokenized/test/tokens_timelines_extended_outcomes.parquet
exp1_extended_regression,regression,peak_bnp,centiles_unfused,mae,False,2864,4309.6940455046815,4092.0658406969055,4521.155685963757,/gpfs/data/bbj-lab/users/daniel/input-representation-benchmark/outputs/runs/tokenized/mimiciv-3.1_meds_70-10-20/centiles_none_unfused_time_tokens_first_24h-tokenized/test/reg_ridge_regression-preds-checkpoint-37000.pkl,/gpfs/data/bbj-lab/users/daniel/input-representation-benchmark/outputs/runs/tokenized/mimiciv-3.1_meds_70-10-20/centiles_none_unfused_time_tokens_first_24h-tokenized/test/tokens_timelines_extended_outcomes.parquet
exp1_extended_regression,regression,peak_bnp,centiles_unfused,rmse,False,2864,7248.686252292287,6669.154403369396,7815.701542733328,/gpfs/data/bbj-lab/users/daniel/input-representation-benchmark/outputs/runs/tokenized/mimiciv-3.1_meds_70-10-20/centiles_none_unfused_time_tokens_first_24h-tokenized/test/reg_ridge_regression-preds-checkpoint-37000.pkl,/gpfs/data/bbj-lab/users/daniel/input-representation-benchmark/outputs/runs/tokenized/mimiciv-3.1_meds_70-10-20/centiles_none_unfused_time_tokens_first_24h-tokenized/test/tokens_timelines_extended_outcomes.parquet
exp1_extended_regression,regression,peak_bnp,centiles_fused,spearman_rho,True,2864,0.3680670770949917,0.3365910783055243,0.3982130367249941,/gpfs/data/bbj-lab/users/daniel/input-representation-benchmark/outputs/runs/tokenized/mimiciv-3.1_meds_70-10-20/centiles_none_fused_time_tokens_first_24h-tokenized/test/reg_ridge_regression-preds-checkpoint-16500.pkl,/gpfs/data/bbj-lab/users/daniel/input-representation-benchmark/outputs/runs/tokenized/mimiciv-3.1_meds_70-10-20/centiles_none_fused_time_tokens_first_24h-tokenized/test/tokens_timelines_extended_outcomes.parquet
exp1_extended_regression,regression,peak_bnp,centiles_fused,r2,True,2864,0.0694955715855288,0.0315464747900763,0.1053230740579717,/gpfs/data/bbj-lab/users/daniel/input-representation-benchmark/outputs/runs/tokenized/mimiciv-3.1_meds_70-10-20/centiles_none_fused_time_tokens_first_24h-tokenized/test/reg_ridge_regression-preds-checkpoint-16500.pkl,/gpfs/data/bbj-lab/users/daniel/input-representation-benchmark/outputs/runs/tokenized/mimiciv-3.1_meds_70-10-20/centiles_none_fused_time_tokens_first_24h-tokenized/test/tokens_timelines_extended_outcomes.parquet
exp1_extended_regression,regression,peak_bnp,centiles_fused,mae,False,2864,4258.738680063206,4050.450346588852,4476.769035893984,/gpfs/data/bbj-lab/users/daniel/input-representation-benchmark/outputs/runs/tokenized/mimiciv-3.1_meds_70-10-20/centiles_none_fused_time_tokens_first_24h-tokenized/test/reg_ridge_regression-preds-checkpoint-16500.pkl,/gpfs/data/bbj-lab/users/daniel/input-representation-benchmark/outputs/runs/tokenized/mimiciv-3.1_meds_70-10-20/centiles_none_fused_time_tokens_first_24h-tokenized/test/tokens_timelines_extended_outcomes.parquet
exp1_extended_regression,regression,peak_bnp,centiles_fused,rmse,False,2864,7210.24600430256,6637.387973713896,7791.564468432028,/gpfs/data/bbj-lab/users/daniel/input-representation-benchmark/outputs/runs/tokenized/mimiciv-3.1_meds_70-10-20/centiles_none_fused_time_tokens_first_24h-tokenized/test/reg_ridge_regression-preds-checkpoint-16500.pkl,/gpfs/data/bbj-lab/users/daniel/input-representation-benchmark/outputs/runs/tokenized/mimiciv-3.1_meds_70-10-20/centiles_none_fused_time_tokens_first_24h-tokenized/test/tokens_timelines_extended_outcomes.parquet
exp1_extended_regression,regression,peak_creatinine,deciles_unfused,spearman_rho,True,48407,0.5049703573021048,0.4979929438016459,0.5126962417520347,/gpfs/data/bbj-lab/users/daniel/input-representation-benchmark/outputs/runs/tokenized/mimiciv-3.1_meds_70-10-20/deciles_none_unfused_time_tokens_first_24h-tokenized/test/reg_ridge_regression-preds-checkpoint-10000.pkl,/gpfs/data/bbj-lab/users/daniel/input-representation-benchmark/outputs/runs/tokenized/mimiciv-3.1_meds_70-10-20/deciles_none_unfused_time_tokens_first_24h-tokenized/test/tokens_timelines_extended_outcomes.parquet
exp1_extended_regression,regression,peak_creatinine,deciles_unfused,r2,True,48407,0.4126601702707658,0.4013534141683022,0.4251956354228135,/gpfs/data/bbj-lab/users/daniel/input-representation-benchmark/outputs/runs/tokenized/mimiciv-3.1_meds_70-10-20/deciles_none_unfused_time_tokens_first_24h-tokenized/test/reg_ridge_regression-preds-checkpoint-10000.pkl,/gpfs/data/bbj-lab/users/daniel/input-representation-benchmark/outputs/runs/tokenized/mimiciv-3.1_meds_70-10-20/deciles_none_unfused_time_tokens_first_24h-tokenized/test/tokens_timelines_extended_outcomes.parquet
exp1_extended_regression,regression,peak_creatinine,deciles_unfused,mae,False,48407,0.7416273119026049,0.7321363138788801,0.7509401905935812,/gpfs/data/bbj-lab/users/daniel/input-representation-benchmark/outputs/runs/tokenized/mimiciv-3.1_meds_70-10-20/deciles_none_unfused_time_tokens_first_24h-tokenized/test/reg_ridge_regression-preds-checkpoint-10000.pkl,/gpfs/data/bbj-lab/users/daniel/input-representation-benchmark/outputs/runs/tokenized/mimiciv-3.1_meds_70-10-20/deciles_none_unfused_time_tokens_first_24h-tokenized/test/tokens_timelines_extended_outcomes.parquet
exp1_extended_regression,regression,peak_creatinine,deciles_unfused,rmse,False,48407,1.2909119475592004,1.2567208282515134,1.3246403742790795,/gpfs/data/bbj-lab/users/daniel/input-representation-benchmark/outputs/runs/tokenized/mimiciv-3.1_meds_70-10-20/deciles_none_unfused_time_tokens_first_24h-tokenized/test/reg_ridge_regression-preds-checkpoint-10000.pkl,/gpfs/data/bbj-lab/users/daniel/input-representation-benchmark/outputs/runs/tokenized/mimiciv-3.1_meds_70-10-20/deciles_none_unfused_time_tokens_first_24h-tokenized/test/tokens_timelines_extended_outcomes.parquet
exp1_extended_regression,regression,peak_creatinine,deciles_fused,spearman_rho,True,48407,0.5697843829054566,0.5629045786688999,0.5767915861863174,/gpfs/data/bbj-lab/users/daniel/input-representation-benchmark/outputs/runs/tokenized/mimiciv-3.1_meds_70-10-20/deciles_none_fused_time_tokens_first_24h-tokenized/test/reg_ridge_regression-preds-checkpoint-17000.pkl,/gpfs/data/bbj-lab/users/daniel/input-representation-benchmark/outputs/runs/tokenized/mimiciv-3.1_meds_70-10-20/deciles_none_fused_time_tokens_first_24h-tokenized/test/tokens_timelines_extended_outcomes.parquet
exp1_extended_regression,regression,peak_creatinine,deciles_fused,r2,True,48407,0.5497235325197272,0.5366476372517356,0.5619424492760083,/gpfs/data/bbj-lab/users/daniel/input-representation-benchmark/outputs/runs/tokenized/mimiciv-3.1_meds_70-10-20/deciles_none_fused_time_tokens_first_24h-tokenized/test/reg_ridge_regression-preds-checkpoint-17000.pkl,/gpfs/data/bbj-lab/users/daniel/input-representation-benchmark/outputs/runs/tokenized/mimiciv-3.1_meds_70-10-20/deciles_none_fused_time_tokens_first_24h-tokenized/test/tokens_timelines_extended_outcomes.parquet
exp1_extended_regression,regression,peak_creatinine,deciles_fused,mae,False,48407,0.6359341600481947,0.6275111334907483,0.6439785498550717,/gpfs/data/bbj-lab/users/daniel/input-representation-benchmark/outputs/runs/tokenized/mimiciv-3.1_meds_70-10-20/deciles_none_fused_time_tokens_first_24h-tokenized/test/reg_ridge_regression-preds-checkpoint-17000.pkl,/gpfs/data/bbj-lab/users/daniel/input-representation-benchmark/outputs/runs/tokenized/mimiciv-3.1_meds_70-10-20/deciles_none_fused_time_tokens_first_24h-tokenized/test/tokens_timelines_extended_outcomes.parquet
exp1_extended_regression,regression,peak_creatinine,deciles_fused,rmse,False,48407,1.1302942516893018,1.096689605913122,1.1651137951581805,/gpfs/data/bbj-lab/users/daniel/input-representation-benchmark/outputs/runs/tokenized/mimiciv-3.1_meds_70-10-20/deciles_none_fused_time_tokens_first_24h-tokenized/test/reg_ridge_regression-preds-checkpoint-17000.pkl,/gpfs/data/bbj-lab/users/daniel/input-representation-benchmark/outputs/runs/tokenized/mimiciv-3.1_meds_70-10-20/deciles_none_fused_time_tokens_first_24h-tokenized/test/tokens_timelines_extended_outcomes.parquet
exp1_extended_regression,regression,peak_creatinine,ventiles_unfused,spearman_rho,True,48407,0.5476493310763596,0.5408753313724405,0.5547748030512907,/gpfs/data/bbj-lab/users/daniel/input-representation-benchmark/outputs/runs/tokenized/mimiciv-3.1_meds_70-10-20/ventiles_none_unfused_time_tokens_first_24h-tokenized/test/reg_ridge_regression-preds-checkpoint-37000.pkl,/gpfs/data/bbj-lab/users/daniel/input-representation-benchmark/outputs/runs/tokenized/mimiciv-3.1_meds_70-10-20/ventiles_none_unfused_time_tokens_first_24h-tokenized/test/tokens_timelines_extended_outcomes.parquet
exp1_extended_regression,regression,peak_creatinine,ventiles_unfused,r2,True,48407,0.519249419466714,0.5085125596744438,0.5317816045357975,/gpfs/data/bbj-lab/users/daniel/input-representation-benchmark/outputs/runs/tokenized/mimiciv-3.1_meds_70-10-20/ventiles_none_unfused_time_tokens_first_24h-tokenized/test/reg_ridge_regression-preds-checkpoint-37000.pkl,/gpfs/data/bbj-lab/users/daniel/input-representation-benchmark/outputs/runs/tokenized/mimiciv-3.1_meds_70-10-20/ventiles_none_unfused_time_tokens_first_24h-tokenized/test/tokens_timelines_extended_outcomes.parquet
exp1_extended_regression,regression,peak_creatinine,ventiles_unfused,mae,False,48407,0.6745655345662527,0.6658179189093653,0.6832380589698804,/gpfs/data/bbj-lab/users/daniel/input-representation-benchmark/outputs/runs/tokenized/mimiciv-3.1_meds_70-10-20/ventiles_none_unfused_time_tokens_first_24h-tokenized/test/reg_ridge_regression-preds-checkpoint-37000.pkl,/gpfs/data/bbj-lab/users/daniel/input-representation-benchmark/outputs/runs/tokenized/mimiciv-3.1_meds_70-10-20/ventiles_none_unfused_time_tokens_first_24h-tokenized/test/tokens_timelines_extended_outcomes.parquet
exp1_extended_regression,regression,peak_creatinine,ventiles_unfused,rmse,False,48407,1.1679165225323926,1.134018170840657,1.2009494272284478,/gpfs/data/bbj-lab/users/daniel/input-representation-benchmark/outputs/runs/tokenized/mimiciv-3.1_meds_70-10-20/ventiles_none_unfused_time_tokens_first_24h-tokenized/test/reg_ridge_regression-preds-checkpoint-37000.pkl,/gpfs/data/bbj-lab/users/daniel/input-representation-benchmark/outputs/runs/tokenized/mimiciv-3.1_meds_70-10-20/ventiles_none_unfused_time_tokens_first_24h-tokenized/test/tokens_timelines_extended_outcomes.parquet
exp1_extended_regression,regression,peak_creatinine,ventiles_fused,spearman_rho,True,48407,0.5507292221701469,0.5435067215162078,0.5576946449868986,/gpfs/data/bbj-lab/users/daniel/input-representation-benchmark/outputs/runs/tokenized/mimiciv-3.1_meds_70-10-20/ventiles_none_fused_time_tokens_first_24h-tokenized/test/reg_ridge_regression-preds-checkpoint-37000.pkl,/gpfs/data/bbj-lab/users/daniel/input-representation-benchmark/outputs/runs/tokenized/mimiciv-3.1_meds_70-10-20/ventiles_none_fused_time_tokens_first_24h-tokenized/test/tokens_timelines_extended_outcomes.parquet
exp1_extended_regression,regression,peak_creatinine,ventiles_fused,r2,True,48407,0.5482600829542399,0.5361030966678159,0.5596498481821143,/gpfs/data/bbj-lab/users/daniel/input-representation-benchmark/outputs/runs/tokenized/mimiciv-3.1_meds_70-10-20/ventiles_none_fused_time_tokens_first_24h-tokenized/test/reg_ridge_regression-preds-checkpoint-37000.pkl,/gpfs/data/bbj-lab/users/daniel/input-representation-benchmark/outputs/runs/tokenized/mimiciv-3.1_meds_70-10-20/ventiles_none_fused_time_tokens_first_24h-tokenized/test/tokens_timelines_extended_outcomes.parquet
exp1_extended_regression,regression,peak_creatinine,ventiles_fused,mae,False,48407,0.6557677915486703,0.6477665435029872,0.6640453445688917,/gpfs/data/bbj-lab/users/daniel/input-representation-benchmark/outputs/runs/tokenized/mimiciv-3.1_meds_70-10-20/ventiles_none_fused_time_tokens_first_24h-tokenized/test/reg_ridge_regression-preds-checkpoint-37000.pkl,/gpfs/data/bbj-lab/users/daniel/input-representation-benchmark/outputs/runs/tokenized/mimiciv-3.1_meds_70-10-20/ventiles_none_fused_time_tokens_first_24h-tokenized/test/tokens_timelines_extended_outcomes.parquet
exp1_extended_regression,regression,peak_creatinine,ventiles_fused,rmse,False,48407,1.1321295538915854,1.0990467014536132,1.1653771578494907,/gpfs/data/bbj-lab/users/daniel/input-representation-benchmark/outputs/runs/tokenized/mimiciv-3.1_meds_70-10-20/ventiles_none_fused_time_tokens_first_24h-tokenized/test/reg_ridge_regression-preds-checkpoint-37000.pkl,/gpfs/data/bbj-lab/users/daniel/input-representation-benchmark/outputs/runs/tokenized/mimiciv-3.1_meds_70-10-20/ventiles_none_fused_time_tokens_first_24h-tokenized/test/tokens_timelines_extended_outcomes.parquet
exp1_extended_regression,regression,peak_creatinine,ventiles_5_10_5_unfused,spearman_rho,True,48407,0.544602836729409,0.5374637091757236,0.5517703988442562,/gpfs/data/bbj-lab/users/daniel/input-representation-benchmark/outputs/runs/tokenized/mimiciv-3.1_meds_70-10-20/ventiles_5-10-5_unfused_time_tokens_first_24h-tokenized/test/reg_ridge_regression-preds-checkpoint-37000.pkl,/gpfs/data/bbj-lab/users/daniel/input-representation-benchmark/outputs/runs/tokenized/mimiciv-3.1_meds_70-10-20/ventiles_5-10-5_unfused_time_tokens_first_24h-tokenized/test/tokens_timelines_extended_outcomes.parquet
exp1_extended_regression,regression,peak_creatinine,ventiles_5_10_5_unfused,r2,True,48407,0.5210795432088339,0.5093629781513391,0.5339647731445564,/gpfs/data/bbj-lab/users/daniel/input-representation-benchmark/outputs/runs/tokenized/mimiciv-3.1_meds_70-10-20/ventiles_5-10-5_unfused_time_tokens_first_24h-tokenized/test/reg_ridge_regression-preds-checkpoint-37000.pkl,/gpfs/data/bbj-lab/users/daniel/input-representation-benchmark/outputs/runs/tokenized/mimiciv-3.1_meds_70-10-20/ventiles_5-10-5_unfused_time_tokens_first_24h-tokenized/test/tokens_timelines_extended_outcomes.parquet
exp1_extended_regression,regression,peak_creatinine,ventiles_5_10_5_unfused,mae,False,48407,0.6684153947063304,0.6596576594899966,0.6768949423960876,/gpfs/data/bbj-lab/users/daniel/input-representation-benchmark/outputs/runs/tokenized/mimiciv-3.1_meds_70-10-20/ventiles_5-10-5_unfused_time_tokens_first_24h-tokenized/test/reg_ridge_regression-preds-checkpoint-37000.pkl,/gpfs/data/bbj-lab/users/daniel/input-representation-benchmark/outputs/runs/tokenized/mimiciv-3.1_meds_70-10-20/ventiles_5-10-5_unfused_time_tokens_first_24h-tokenized/test/tokens_timelines_extended_outcomes.parquet
exp1_extended_regression,regression,peak_creatinine,ventiles_5_10_5_unfused,rmse,False,48407,1.165691387586154,1.1325193849075137,1.2002227041226186,/gpfs/data/bbj-lab/users/daniel/input-representation-benchmark/outputs/runs/tokenized/mimiciv-3.1_meds_70-10-20/ventiles_5-10-5_unfused_time_tokens_first_24h-tokenized/test/reg_ridge_regression-preds-checkpoint-37000.pkl,/gpfs/data/bbj-lab/users/daniel/input-representation-benchmark/outputs/runs/tokenized/mimiciv-3.1_meds_70-10-20/ventiles_5-10-5_unfused_time_tokens_first_24h-tokenized/test/tokens_timelines_extended_outcomes.parquet
exp1_extended_regression,regression,peak_creatinine,ventiles_5_10_5_fused,spearman_rho,True,48407,0.5401049714465779,0.5329385656869257,0.5477533193806086,/gpfs/data/bbj-lab/users/daniel/input-representation-benchmark/outputs/runs/tokenized/mimiciv-3.1_meds_70-10-20/ventiles_5-10-5_fused_time_tokens_first_24h-tokenized/test/reg_ridge_regression-preds-checkpoint-37000.pkl,/gpfs/data/bbj-lab/users/daniel/input-representation-benchmark/outputs/runs/tokenized/mimiciv-3.1_meds_70-10-20/ventiles_5-10-5_fused_time_tokens_first_24h-tokenized/test/tokens_timelines_extended_outcomes.parquet
exp1_extended_regression,regression,peak_creatinine,ventiles_5_10_5_fused,r2,True,48407,0.553025007197226,0.5408297592998608,0.565183819961696,/gpfs/data/bbj-lab/users/daniel/input-representation-benchmark/outputs/runs/tokenized/mimiciv-3.1_meds_70-10-20/ventiles_5-10-5_fused_time_tokens_first_24h-tokenized/test/reg_ridge_regression-preds-checkpoint-37000.pkl,/gpfs/data/bbj-lab/users/daniel/input-representation-benchmark/outputs/runs/tokenized/mimiciv-3.1_meds_70-10-20/ventiles_5-10-5_fused_time_tokens_first_24h-tokenized/test/tokens_timelines_extended_outcomes.parquet
exp1_extended_regression,regression,peak_creatinine,ventiles_5_10_5_fused,mae,False,48407,0.6434951421261731,0.6353431519621675,0.651851801776092,/gpfs/data/bbj-lab/users/daniel/input-representation-benchmark/outputs/runs/tokenized/mimiciv-3.1_meds_70-10-20/ventiles_5-10-5_fused_time_tokens_first_24h-tokenized/test/reg_ridge_regression-preds-checkpoint-37000.pkl,/gpfs/data/bbj-lab/users/daniel/input-representation-benchmark/outputs/runs/tokenized/mimiciv-3.1_meds_70-10-20/ventiles_5-10-5_fused_time_tokens_first_24h-tokenized/test/tokens_timelines_extended_outcomes.parquet
exp1_extended_regression,regression,peak_creatinine,ventiles_5_10_5_fused,rmse,False,48407,1.126142909677314,1.0926304620407836,1.1605308852095828,/gpfs/data/bbj-lab/users/daniel/input-representation-benchmark/outputs/runs/tokenized/mimiciv-3.1_meds_70-10-20/ventiles_5-10-5_fused_time_tokens_first_24h-tokenized/test/reg_ridge_regression-preds-checkpoint-37000.pkl,/gpfs/data/bbj-lab/users/daniel/input-representation-benchmark/outputs/runs/tokenized/mimiciv-3.1_meds_70-10-20/ventiles_5-10-5_fused_time_tokens_first_24h-tokenized/test/tokens_timelines_extended_outcomes.parquet
exp1_extended_regression,regression,peak_creatinine,trentiles_unfused,spearman_rho,True,48407,0.5549569942335704,0.5482438828526272,0.5620887818479066,/gpfs/data/bbj-lab/users/daniel/input-representation-benchmark/outputs/runs/tokenized/mimiciv-3.1_meds_70-10-20/trentiles_none_unfused_time_tokens_first_24h-tokenized/test/reg_ridge_regression-preds-checkpoint-37000.pkl,/gpfs/data/bbj-lab/users/daniel/input-representation-benchmark/outputs/runs/tokenized/mimiciv-3.1_meds_70-10-20/trentiles_none_unfused_time_tokens_first_24h-tokenized/test/tokens_timelines_extended_outcomes.parquet
exp1_extended_regression,regression,peak_creatinine,trentiles_unfused,r2,True,48407,0.5124469610880071,0.5007399841968551,0.524945000344915,/gpfs/data/bbj-lab/users/daniel/input-representation-benchmark/outputs/runs/tokenized/mimiciv-3.1_meds_70-10-20/trentiles_none_unfused_time_tokens_first_24h-tokenized/test/reg_ridge_regression-preds-checkpoint-37000.pkl,/gpfs/data/bbj-lab/users/daniel/input-representation-benchmark/outputs/runs/tokenized/mimiciv-3.1_meds_70-10-20/trentiles_none_unfused_time_tokens_first_24h-tokenized/test/tokens_timelines_extended_outcomes.parquet
exp1_extended_regression,regression,peak_creatinine,trentiles_unfused,mae,False,48407,0.6747373661698315,0.665997995798085,0.6835329200462864,/gpfs/data/bbj-lab/users/daniel/input-representation-benchmark/outputs/runs/tokenized/mimiciv-3.1_meds_70-10-20/trentiles_none_unfused_time_tokens_first_24h-tokenized/test/reg_ridge_regression-preds-checkpoint-37000.pkl,/gpfs/data/bbj-lab/users/daniel/input-representation-benchmark/outputs/runs/tokenized/mimiciv-3.1_meds_70-10-20/trentiles_none_unfused_time_tokens_first_24h-tokenized/test/tokens_timelines_extended_outcomes.parquet
exp1_extended_regression,regression,peak_creatinine,trentiles_unfused,rmse,False,48407,1.1761503107219071,1.1421781610010704,1.2100218357681083,/gpfs/data/bbj-lab/users/daniel/input-representation-benchmark/outputs/runs/tokenized/mimiciv-3.1_meds_70-10-20/trentiles_none_unfused_time_tokens_first_24h-tokenized/test/reg_ridge_regression-preds-checkpoint-37000.pkl,/gpfs/data/bbj-lab/users/daniel/input-representation-benchmark/outputs/runs/tokenized/mimiciv-3.1_meds_70-10-20/trentiles_none_unfused_time_tokens_first_24h-tokenized/test/tokens_timelines_extended_outcomes.parquet
exp1_extended_regression,regression,peak_creatinine,trentiles_fused,spearman_rho,True,48407,0.5240715068329921,0.5167370641192609,0.5318639466619965,/gpfs/data/bbj-lab/users/daniel/input-representation-benchmark/outputs/runs/tokenized/mimiciv-3.1_meds_70-10-20/trentiles_none_fused_time_tokens_first_24h-tokenized/test/reg_ridge_regression-preds-checkpoint-37000.pkl,/gpfs/data/bbj-lab/users/daniel/input-representation-benchmark/outputs/runs/tokenized/mimiciv-3.1_meds_70-10-20/trentiles_none_fused_time_tokens_first_24h-tokenized/test/tokens_timelines_extended_outcomes.parquet
exp1_extended_regression,regression,peak_creatinine,trentiles_fused,r2,True,48407,0.5505367833789465,0.5365492658199353,0.5631803599454159,/gpfs/data/bbj-lab/users/daniel/input-representation-benchmark/outputs/runs/tokenized/mimiciv-3.1_meds_70-10-20/trentiles_none_fused_time_tokens_first_24h-tokenized/test/reg_ridge_regression-preds-checkpoint-37000.pkl,/gpfs/data/bbj-lab/users/daniel/input-representation-benchmark/outputs/runs/tokenized/mimiciv-3.1_meds_70-10-20/trentiles_none_fused_time_tokens_first_24h-tokenized/test/tokens_timelines_extended_outcomes.parquet
exp1_extended_regression,regression,peak_creatinine,trentiles_fused,mae,False,48407,0.6517611824952352,0.6432297812500818,0.6600097642560221,/gpfs/data/bbj-lab/users/daniel/input-representation-benchmark/outputs/runs/tokenized/mimiciv-3.1_meds_70-10-20/trentiles_none_fused_time_tokens_first_24h-tokenized/test/reg_ridge_regression-preds-checkpoint-37000.pkl,/gpfs/data/bbj-lab/users/daniel/input-representation-benchmark/outputs/runs/tokenized/mimiciv-3.1_meds_70-10-20/trentiles_none_fused_time_tokens_first_24h-tokenized/test/tokens_timelines_extended_outcomes.parquet
exp1_extended_regression,regression,peak_creatinine,trentiles_fused,rmse,False,48407,1.1292730699666351,1.09472281486973,1.1638478013772835,/gpfs/data/bbj-lab/users/daniel/input-representation-benchmark/outputs/runs/tokenized/mimiciv-3.1_meds_70-10-20/trentiles_none_fused_time_tokens_first_24h-tokenized/test/reg_ridge_regression-preds-checkpoint-37000.pkl,/gpfs/data/bbj-lab/users/daniel/input-representation-benchmark/outputs/runs/tokenized/mimiciv-3.1_meds_70-10-20/trentiles_none_fused_time_tokens_first_24h-tokenized/test/tokens_timelines_extended_outcomes.parquet
exp1_extended_regression,regression,peak_creatinine,trentiles_10_10_10_unfused,spearman_rho,True,48407,0.4875850734835084,0.4802330381487195,0.495095327616637,/gpfs/data/bbj-lab/users/daniel/input-representation-benchmark/outputs/runs/tokenized/mimiciv-3.1_meds_70-10-20/trentiles_10-10-10_unfused_time_tokens_first_24h-tokenized/test/reg_ridge_regression-preds-checkpoint-10000.pkl,/gpfs/data/bbj-lab/users/daniel/input-representation-benchmark/outputs/runs/tokenized/mimiciv-3.1_meds_70-10-20/trentiles_10-10-10_unfused_time_tokens_first_24h-tokenized/test/tokens_timelines_extended_outcomes.parquet
exp1_extended_regression,regression,peak_creatinine,trentiles_10_10_10_unfused,r2,True,48407,0.4047356498195136,0.3926562711517856,0.4172329990545571,/gpfs/data/bbj-lab/users/daniel/input-representation-benchmark/outputs/runs/tokenized/mimiciv-3.1_meds_70-10-20/trentiles_10-10-10_unfused_time_tokens_first_24h-tokenized/test/reg_ridge_regression-preds-checkpoint-10000.pkl,/gpfs/data/bbj-lab/users/daniel/input-representation-benchmark/outputs/runs/tokenized/mimiciv-3.1_meds_70-10-20/trentiles_10-10-10_unfused_time_tokens_first_24h-tokenized/test/tokens_timelines_extended_outcomes.parquet
exp1_extended_regression,regression,peak_creatinine,trentiles_10_10_10_unfused,mae,False,48407,0.7550319969698178,0.7454339219555939,0.7649663652397994,/gpfs/data/bbj-lab/users/daniel/input-representation-benchmark/outputs/runs/tokenized/mimiciv-3.1_meds_70-10-20/trentiles_10-10-10_unfused_time_tokens_first_24h-tokenized/test/reg_ridge_regression-preds-checkpoint-10000.pkl,/gpfs/data/bbj-lab/users/daniel/input-representation-benchmark/outputs/runs/tokenized/mimiciv-3.1_meds_70-10-20/trentiles_10-10-10_unfused_time_tokens_first_24h-tokenized/test/tokens_timelines_extended_outcomes.parquet
exp1_extended_regression,regression,peak_creatinine,trentiles_10_10_10_unfused,rmse,False,48407,1.2995914058260838,1.265347785909548,1.3348229945877994,/gpfs/data/bbj-lab/users/daniel/input-representation-benchmark/outputs/runs/tokenized/mimiciv-3.1_meds_70-10-20/trentiles_10-10-10_unfused_time_tokens_first_24h-tokenized/test/reg_ridge_regression-preds-checkpoint-10000.pkl,/gpfs/data/bbj-lab/users/daniel/input-representation-benchmark/outputs/runs/tokenized/mimiciv-3.1_meds_70-10-20/trentiles_10-10-10_unfused_time_tokens_first_24h-tokenized/test/tokens_timelines_extended_outcomes.parquet
exp1_extended_regression,regression,peak_creatinine,trentiles_10_10_10_fused,spearman_rho,True,48407,0.5087315736263786,0.5008410269963289,0.5160276058632799,/gpfs/data/bbj-lab/users/daniel/input-representation-benchmark/outputs/runs/tokenized/mimiciv-3.1_meds_70-10-20/trentiles_10-10-10_fused_time_tokens_first_24h-tokenized/test/reg_ridge_regression-preds-checkpoint-37000.pkl,/gpfs/data/bbj-lab/users/daniel/input-representation-benchmark/outputs/runs/tokenized/mimiciv-3.1_meds_70-10-20/trentiles_10-10-10_fused_time_tokens_first_24h-tokenized/test/tokens_timelines_extended_outcomes.parquet
exp1_extended_regression,regression,peak_creatinine,trentiles_10_10_10_fused,r2,True,48407,0.5147823584910263,0.5019270112014725,0.5266163780232704,/gpfs/data/bbj-lab/users/daniel/input-representation-benchmark/outputs/runs/tokenized/mimiciv-3.1_meds_70-10-20/trentiles_10-10-10_fused_time_tokens_first_24h-tokenized/test/reg_ridge_regression-preds-checkpoint-37000.pkl,/gpfs/data/bbj-lab/users/daniel/input-representation-benchmark/outputs/runs/tokenized/mimiciv-3.1_meds_70-10-20/trentiles_10-10-10_fused_time_tokens_first_24h-tokenized/test/tokens_timelines_extended_outcomes.parquet
exp1_extended_regression,regression,peak_creatinine,trentiles_10_10_10_fused,mae,False,48407,0.6883017880883486,0.6798846592794617,0.6967443649167568,/gpfs/data/bbj-lab/users/daniel/input-representation-benchmark/outputs/runs/tokenized/mimiciv-3.1_meds_70-10-20/trentiles_10-10-10_fused_time_tokens_first_24h-tokenized/test/reg_ridge_regression-preds-checkpoint-37000.pkl,/gpfs/data/bbj-lab/users/daniel/input-representation-benchmark/outputs/runs/tokenized/mimiciv-3.1_meds_70-10-20/trentiles_10-10-10_fused_time_tokens_first_24h-tokenized/test/tokens_timelines_extended_outcomes.parquet
exp1_extended_regression,regression,peak_creatinine,trentiles_10_10_10_fused,rmse,False,48407,1.1733300272283498,1.1397825726686208,1.2078400273578036,/gpfs/data/bbj-lab/users/daniel/input-representation-benchmark/outputs/runs/tokenized/mimiciv-3.1_meds_70-10-20/trentiles_10-10-10_fused_time_tokens_first_24h-tokenized/test/reg_ridge_regression-preds-checkpoint-37000.pkl,/gpfs/data/bbj-lab/users/daniel/input-representation-benchmark/outputs/runs/tokenized/mimiciv-3.1_meds_70-10-20/trentiles_10-10-10_fused_time_tokens_first_24h-tokenized/test/tokens_timelines_extended_outcomes.parquet
exp1_extended_regression,regression,peak_creatinine,centiles_unfused,spearman_rho,True,48407,0.5139394240946099,0.5068903714838056,0.5211827958989893,/gpfs/data/bbj-lab/users/daniel/input-representation-benchmark/outputs/runs/tokenized/mimiciv-3.1_meds_70-10-20/centiles_none_unfused_time_tokens_first_24h-tokenized/test/reg_ridge_regression-preds-checkpoint-37000.pkl,/gpfs/data/bbj-lab/users/daniel/input-representation-benchmark/outputs/runs/tokenized/mimiciv-3.1_meds_70-10-20/centiles_none_unfused_time_tokens_first_24h-tokenized/test/tokens_timelines_extended_outcomes.parquet
exp1_extended_regression,regression,peak_creatinine,centiles_unfused,r2,True,48407,0.5203768176912276,0.5092539878215169,0.5328717145753609,/gpfs/data/bbj-lab/users/daniel/input-representation-benchmark/outputs/runs/tokenized/mimiciv-3.1_meds_70-10-20/centiles_none_unfused_time_tokens_first_24h-tokenized/test/reg_ridge_regression-preds-checkpoint-37000.pkl,/gpfs/data/bbj-lab/users/daniel/input-representation-benchmark/outputs/runs/tokenized/mimiciv-3.1_meds_70-10-20/centiles_none_unfused_time_tokens_first_24h-tokenized/test/tokens_timelines_extended_outcomes.parquet
exp1_extended_regression,regression,peak_creatinine,centiles_unfused,mae,False,48407,0.6848695103630974,0.6762972825107706,0.693592203132855,/gpfs/data/bbj-lab/users/daniel/input-representation-benchmark/outputs/runs/tokenized/mimiciv-3.1_meds_70-10-20/centiles_none_unfused_time_tokens_first_24h-tokenized/test/reg_ridge_regression-preds-checkpoint-37000.pkl,/gpfs/data/bbj-lab/users/daniel/input-representation-benchmark/outputs/runs/tokenized/mimiciv-3.1_meds_70-10-20/centiles_none_unfused_time_tokens_first_24h-tokenized/test/tokens_timelines_extended_outcomes.parquet
exp1_extended_regression,regression,peak_creatinine,centiles_unfused,rmse,False,48407,1.1665462903171029,1.1345534405230873,1.1996917790842776,/gpfs/data/bbj-lab/users/daniel/input-representation-benchmark/outputs/runs/tokenized/mimiciv-3.1_meds_70-10-20/centiles_none_unfused_time_tokens_first_24h-tokenized/test/reg_ridge_regression-preds-checkpoint-37000.pkl,/gpfs/data/bbj-lab/users/daniel/input-representation-benchmark/outputs/runs/tokenized/mimiciv-3.1_meds_70-10-20/centiles_none_unfused_time_tokens_first_24h-tokenized/test/tokens_timelines_extended_outcomes.parquet
exp1_extended_regression,regression,peak_creatinine,centiles_fused,spearman_rho,True,48407,0.5461851471435423,0.5385758250221092,0.5537284286477555,/gpfs/data/bbj-lab/users/daniel/input-representation-benchmark/outputs/runs/tokenized/mimiciv-3.1_meds_70-10-20/centiles_none_fused_time_tokens_first_24h-tokenized/test/reg_ridge_regression-preds-checkpoint-16500.pkl,/gpfs/data/bbj-lab/users/daniel/input-representation-benchmark/outputs/runs/tokenized/mimiciv-3.1_meds_70-10-20/centiles_none_fused_time_tokens_first_24h-tokenized/test/tokens_timelines_extended_outcomes.parquet
exp1_extended_regression,regression,peak_creatinine,centiles_fused,r2,True,48407,0.5660942714155375,0.5530227247347325,0.5780233582438531,/gpfs/data/bbj-lab/users/daniel/input-representation-benchmark/outputs/runs/tokenized/mimiciv-3.1_meds_70-10-20/centiles_none_fused_time_tokens_first_24h-tokenized/test/reg_ridge_regression-preds-checkpoint-16500.pkl,/gpfs/data/bbj-lab/users/daniel/input-representation-benchmark/outputs/runs/tokenized/mimiciv-3.1_meds_70-10-20/centiles_none_fused_time_tokens_first_24h-tokenized/test/tokens_timelines_extended_outcomes.parquet
exp1_extended_regression,regression,peak_creatinine,centiles_fused,mae,False,48407,0.6449533816107942,0.6369309826050024,0.6534474793127711,/gpfs/data/bbj-lab/users/daniel/input-representation-benchmark/outputs/runs/tokenized/mimiciv-3.1_meds_70-10-20/centiles_none_fused_time_tokens_first_24h-tokenized/test/reg_ridge_regression-preds-checkpoint-16500.pkl,/gpfs/data/bbj-lab/users/daniel/input-representation-benchmark/outputs/runs/tokenized/mimiciv-3.1_meds_70-10-20/centiles_none_fused_time_tokens_first_24h-tokenized/test/tokens_timelines_extended_outcomes.parquet
exp1_extended_regression,regression,peak_creatinine,centiles_fused,rmse,False,48407,1.1095569184163268,1.0769086692719665,1.143665190693114,/gpfs/data/bbj-lab/users/daniel/input-representation-benchmark/outputs/runs/tokenized/mimiciv-3.1_meds_70-10-20/centiles_none_fused_time_tokens_first_24h-tokenized/test/reg_ridge_regression-preds-checkpoint-16500.pkl,/gpfs/data/bbj-lab/users/daniel/input-representation-benchmark/outputs/runs/tokenized/mimiciv-3.1_meds_70-10-20/centiles_none_fused_time_tokens_first_24h-tokenized/test/tokens_timelines_extended_outcomes.parquet
exp1_extended_regression,regression,peak_potassium,deciles_unfused,spearman_rho,True,48074,0.4086779050111518,0.4010972041523269,0.4165511284540588,/gpfs/data/bbj-lab/users/daniel/input-representation-benchmark/outputs/runs/tokenized/mimiciv-3.1_meds_70-10-20/deciles_none_unfused_time_tokens_first_24h-tokenized/test/reg_ridge_regression-preds-checkpoint-10000.pkl,/gpfs/data/bbj-lab/users/daniel/input-representation-benchmark/outputs/runs/tokenized/mimiciv-3.1_meds_70-10-20/deciles_none_unfused_time_tokens_first_24h-tokenized/test/tokens_timelines_extended_outcomes.parquet
exp1_extended_regression,regression,peak_potassium,deciles_unfused,r2,True,48074,0.0926599660918965,0.0527758470260904,0.1586910778193149,/gpfs/data/bbj-lab/users/daniel/input-representation-benchmark/outputs/runs/tokenized/mimiciv-3.1_meds_70-10-20/deciles_none_unfused_time_tokens_first_24h-tokenized/test/reg_ridge_regression-preds-checkpoint-10000.pkl,/gpfs/data/bbj-lab/users/daniel/input-representation-benchmark/outputs/runs/tokenized/mimiciv-3.1_meds_70-10-20/deciles_none_unfused_time_tokens_first_24h-tokenized/test/tokens_timelines_extended_outcomes.parquet
exp1_extended_regression,regression,peak_potassium,deciles_unfused,mae,False,48074,0.4335337497234102,0.4278203040985371,0.4404798184169519,/gpfs/data/bbj-lab/users/daniel/input-representation-benchmark/outputs/runs/tokenized/mimiciv-3.1_meds_70-10-20/deciles_none_unfused_time_tokens_first_24h-tokenized/test/reg_ridge_regression-preds-checkpoint-10000.pkl,/gpfs/data/bbj-lab/users/daniel/input-representation-benchmark/outputs/runs/tokenized/mimiciv-3.1_meds_70-10-20/deciles_none_unfused_time_tokens_first_24h-tokenized/test/tokens_timelines_extended_outcomes.parquet
exp1_extended_regression,regression,peak_potassium,deciles_unfused,rmse,False,48074,0.8425287307111279,0.610414627928574,1.1718489224334558,/gpfs/data/bbj-lab/users/daniel/input-representation-benchmark/outputs/runs/tokenized/mimiciv-3.1_meds_70-10-20/deciles_none_unfused_time_tokens_first_24h-tokenized/test/reg_ridge_regression-preds-checkpoint-10000.pkl,/gpfs/data/bbj-lab/users/daniel/input-representation-benchmark/outputs/runs/tokenized/mimiciv-3.1_meds_70-10-20/deciles_none_unfused_time_tokens_first_24h-tokenized/test/tokens_timelines_extended_outcomes.parquet
exp1_extended_regression,regression,peak_potassium,deciles_fused,spearman_rho,True,48074,0.4731411610931693,0.4659022405495139,0.4804912012215616,/gpfs/data/bbj-lab/users/daniel/input-representation-benchmark/outputs/runs/tokenized/mimiciv-3.1_meds_70-10-20/deciles_none_fused_time_tokens_first_24h-tokenized/test/reg_ridge_regression-preds-checkpoint-17000.pkl,/gpfs/data/bbj-lab/users/daniel/input-representation-benchmark/outputs/runs/tokenized/mimiciv-3.1_meds_70-10-20/deciles_none_fused_time_tokens_first_24h-tokenized/test/tokens_timelines_extended_outcomes.parquet
exp1_extended_regression,regression,peak_potassium,deciles_fused,r2,True,48074,0.1187019064646183,0.0670534809953835,0.2054554966504667,/gpfs/data/bbj-lab/users/daniel/input-representation-benchmark/outputs/runs/tokenized/mimiciv-3.1_meds_70-10-20/deciles_none_fused_time_tokens_first_24h-tokenized/test/reg_ridge_regression-preds-checkpoint-17000.pkl,/gpfs/data/bbj-lab/users/daniel/input-representation-benchmark/outputs/runs/tokenized/mimiciv-3.1_meds_70-10-20/deciles_none_fused_time_tokens_first_24h-tokenized/test/tokens_timelines_extended_outcomes.parquet
exp1_extended_regression,regression,peak_potassium,deciles_fused,mae,False,48074,0.4175399801483739,0.4115736572433869,0.4248305664329899,/gpfs/data/bbj-lab/users/daniel/input-representation-benchmark/outputs/runs/tokenized/mimiciv-3.1_meds_70-10-20/deciles_none_fused_time_tokens_first_24h-tokenized/test/reg_ridge_regression-preds-checkpoint-17000.pkl,/gpfs/data/bbj-lab/users/daniel/input-representation-benchmark/outputs/runs/tokenized/mimiciv-3.1_meds_70-10-20/deciles_none_fused_time_tokens_first_24h-tokenized/test/tokens_timelines_extended_outcomes.parquet
exp1_extended_regression,regression,peak_potassium,deciles_fused,rmse,False,48074,0.8303498243350311,0.5928365775935477,1.1618113020190677,/gpfs/data/bbj-lab/users/daniel/input-representation-benchmark/outputs/runs/tokenized/mimiciv-3.1_meds_70-10-20/deciles_none_fused_time_tokens_first_24h-tokenized/test/reg_ridge_regression-preds-checkpoint-17000.pkl,/gpfs/data/bbj-lab/users/daniel/input-representation-benchmark/outputs/runs/tokenized/mimiciv-3.1_meds_70-10-20/deciles_none_fused_time_tokens_first_24h-tokenized/test/tokens_timelines_extended_outcomes.parquet
exp1_extended_regression,regression,peak_potassium,ventiles_unfused,spearman_rho,True,48074,0.4395410597017027,0.4319385839916718,0.4475033873525424,/gpfs/data/bbj-lab/users/daniel/input-representation-benchmark/outputs/runs/tokenized/mimiciv-3.1_meds_70-10-20/ventiles_none_unfused_time_tokens_first_24h-tokenized/test/reg_ridge_regression-preds-checkpoint-37000.pkl,/gpfs/data/bbj-lab/users/daniel/input-representation-benchmark/outputs/runs/tokenized/mimiciv-3.1_meds_70-10-20/ventiles_none_unfused_time_tokens_first_24h-tokenized/test/tokens_timelines_extended_outcomes.parquet
exp1_extended_regression,regression,peak_potassium,ventiles_unfused,r2,True,48074,0.1056345592818769,0.059185092564058,0.1833291821457231,/gpfs/data/bbj-lab/users/daniel/input-representation-benchmark/outputs/runs/tokenized/mimiciv-3.1_meds_70-10-20/ventiles_none_unfused_time_tokens_first_24h-tokenized/test/reg_ridge_regression-preds-checkpoint-37000.pkl,/gpfs/data/bbj-lab/users/daniel/input-representation-benchmark/outputs/runs/tokenized/mimiciv-3.1_meds_70-10-20/ventiles_none_unfused_time_tokens_first_24h-tokenized/test/tokens_timelines_extended_outcomes.parquet
exp1_extended_regression,regression,peak_potassium,ventiles_unfused,mae,False,48074,0.4253028708473991,0.4194989025527734,0.4323499755602945,/gpfs/data/bbj-lab/users/daniel/input-representation-benchmark/outputs/runs/tokenized/mimiciv-3.1_meds_70-10-20/ventiles_none_unfused_time_tokens_first_24h-tokenized/test/reg_ridge_regression-preds-checkpoint-37000.pkl,/gpfs/data/bbj-lab/users/daniel/input-representation-benchmark/outputs/runs/tokenized/mimiciv-3.1_meds_70-10-20/ventiles_none_unfused_time_tokens_first_24h-tokenized/test/tokens_timelines_extended_outcomes.parquet
exp1_extended_regression,regression,peak_potassium,ventiles_unfused,rmse,False,48074,0.8364831315231493,0.6010555936209535,1.1676364288200394,/gpfs/data/bbj-lab/users/daniel/input-representation-benchmark/outputs/runs/tokenized/mimiciv-3.1_meds_70-10-20/ventiles_none_unfused_time_tokens_first_24h-tokenized/test/reg_ridge_regression-preds-checkpoint-37000.pkl,/gpfs/data/bbj-lab/users/daniel/input-representation-benchmark/outputs/runs/tokenized/mimiciv-3.1_meds_70-10-20/ventiles_none_unfused_time_tokens_first_24h-tokenized/test/tokens_timelines_extended_outcomes.parquet
exp1_extended_regression,regression,peak_potassium,ventiles_fused,spearman_rho,True,48074,0.4704274203336136,0.4629783240727398,0.4775787862547829,/gpfs/data/bbj-lab/users/daniel/input-representation-benchmark/outputs/runs/tokenized/mimiciv-3.1_meds_70-10-20/ventiles_none_fused_time_tokens_first_24h-tokenized/test/reg_ridge_regression-preds-checkpoint-37000.pkl,/gpfs/data/bbj-lab/users/daniel/input-representation-benchmark/outputs/runs/tokenized/mimiciv-3.1_meds_70-10-20/ventiles_none_fused_time_tokens_first_24h-tokenized/test/tokens_timelines_extended_outcomes.parquet
exp1_extended_regression,regression,peak_potassium,ventiles_fused,r2,True,48074,0.1186850761683431,0.0672741959648754,0.2059330790450358,/gpfs/data/bbj-lab/users/daniel/input-representation-benchmark/outputs/runs/tokenized/mimiciv-3.1_meds_70-10-20/ventiles_none_fused_time_tokens_first_24h-tokenized/test/reg_ridge_regression-preds-checkpoint-37000.pkl,/gpfs/data/bbj-lab/users/daniel/input-representation-benchmark/outputs/runs/tokenized/mimiciv-3.1_meds_70-10-20/ventiles_none_fused_time_tokens_first_24h-tokenized/test/tokens_timelines_extended_outcomes.parquet
exp1_extended_regression,regression,peak_potassium,ventiles_fused,mae,False,48074,0.4181548693658792,0.4122231248244537,0.4254447309905826,/gpfs/data/bbj-lab/users/daniel/input-representation-benchmark/outputs/runs/tokenized/mimiciv-3.1_meds_70-10-20/ventiles_none_fused_time_tokens_first_24h-tokenized/test/reg_ridge_regression-preds-checkpoint-37000.pkl,/gpfs/data/bbj-lab/users/daniel/input-representation-benchmark/outputs/runs/tokenized/mimiciv-3.1_meds_70-10-20/ventiles_none_fused_time_tokens_first_24h-tokenized/test/tokens_timelines_extended_outcomes.parquet
exp1_extended_regression,regression,peak_potassium,ventiles_fused,rmse,False,48074,0.8303577529615298,0.5929959882060182,1.162034387490658,/gpfs/data/bbj-lab/users/daniel/input-representation-benchmark/outputs/runs/tokenized/mimiciv-3.1_meds_70-10-20/ventiles_none_fused_time_tokens_first_24h-tokenized/test/reg_ridge_regression-preds-checkpoint-37000.pkl,/gpfs/data/bbj-lab/users/daniel/input-representation-benchmark/outputs/runs/tokenized/mimiciv-3.1_meds_70-10-20/ventiles_none_fused_time_tokens_first_24h-tokenized/test/tokens_timelines_extended_outcomes.parquet
exp1_extended_regression,regression,peak_potassium,ventiles_5_10_5_unfused,spearman_rho,True,48074,0.4677649363147648,0.4601706611066137,0.4752005829569573,/gpfs/data/bbj-lab/users/daniel/input-representation-benchmark/outputs/runs/tokenized/mimiciv-3.1_meds_70-10-20/ventiles_5-10-5_unfused_time_tokens_first_24h-tokenized/test/reg_ridge_regression-preds-checkpoint-37000.pkl,/gpfs/data/bbj-lab/users/daniel/input-representation-benchmark/outputs/runs/tokenized/mimiciv-3.1_meds_70-10-20/ventiles_5-10-5_unfused_time_tokens_first_24h-tokenized/test/tokens_timelines_extended_outcomes.parquet
exp1_extended_regression,regression,peak_potassium,ventiles_5_10_5_unfused,r2,True,48074,0.1162040066145784,0.0651004090657545,0.2012717193420261,/gpfs/data/bbj-lab/users/daniel/input-representation-benchmark/outputs/runs/tokenized/mimiciv-3.1_meds_70-10-20/ventiles_5-10-5_unfused_time_tokens_first_24h-tokenized/test/reg_ridge_regression-preds-checkpoint-37000.pkl,/gpfs/data/bbj-lab/users/daniel/input-representation-benchmark/outputs/runs/tokenized/mimiciv-3.1_meds_70-10-20/ventiles_5-10-5_unfused_time_tokens_first_24h-tokenized/test/tokens_timelines_extended_outcomes.parquet
exp1_extended_regression,regression,peak_potassium,ventiles_5_10_5_unfused,mae,False,48074,0.4188853254461563,0.4132492065126216,0.4257087473840185,/gpfs/data/bbj-lab/users/daniel/input-representation-benchmark/outputs/runs/tokenized/mimiciv-3.1_meds_70-10-20/ventiles_5-10-5_unfused_time_tokens_first_24h-tokenized/test/reg_ridge_regression-preds-checkpoint-37000.pkl,/gpfs/data/bbj-lab/users/daniel/input-representation-benchmark/outputs/runs/tokenized/mimiciv-3.1_meds_70-10-20/ventiles_5-10-5_unfused_time_tokens_first_24h-tokenized/test/tokens_timelines_extended_outcomes.parquet
exp1_extended_regression,regression,peak_potassium,ventiles_5_10_5_unfused,rmse,False,48074,0.8315257392140538,0.594539258910586,1.1638155189167558,/gpfs/data/bbj-lab/users/daniel/input-representation-benchmark/outputs/runs/tokenized/mimiciv-3.1_meds_70-10-20/ventiles_5-10-5_unfused_time_tokens_first_24h-tokenized/test/reg_ridge_regression-preds-checkpoint-37000.pkl,/gpfs/data/bbj-lab/users/daniel/input-representation-benchmark/outputs/runs/tokenized/mimiciv-3.1_meds_70-10-20/ventiles_5-10-5_unfused_time_tokens_first_24h-tokenized/test/tokens_timelines_extended_outcomes.parquet
exp1_extended_regression,regression,peak_potassium,ventiles_5_10_5_fused,spearman_rho,True,48074,0.4702690256744354,0.4630069718452742,0.4775052950845107,/gpfs/data/bbj-lab/users/daniel/input-representation-benchmark/outputs/runs/tokenized/mimiciv-3.1_meds_70-10-20/ventiles_5-10-5_fused_time_tokens_first_24h-tokenized/test/reg_ridge_regression-preds-checkpoint-37000.pkl,/gpfs/data/bbj-lab/users/daniel/input-representation-benchmark/outputs/runs/tokenized/mimiciv-3.1_meds_70-10-20/ventiles_5-10-5_fused_time_tokens_first_24h-tokenized/test/tokens_timelines_extended_outcomes.parquet
exp1_extended_regression,regression,peak_potassium,ventiles_5_10_5_fused,r2,True,48074,0.117482590399127,0.0659818841275334,0.2047147622621332,/gpfs/data/bbj-lab/users/daniel/input-representation-benchmark/outputs/runs/tokenized/mimiciv-3.1_meds_70-10-20/ventiles_5-10-5_fused_time_tokens_first_24h-tokenized/test/reg_ridge_regression-preds-checkpoint-37000.pkl,/gpfs/data/bbj-lab/users/daniel/input-representation-benchmark/outputs/runs/tokenized/mimiciv-3.1_meds_70-10-20/ventiles_5-10-5_fused_time_tokens_first_24h-tokenized/test/tokens_timelines_extended_outcomes.parquet
exp1_extended_regression,regression,peak_potassium,ventiles_5_10_5_fused,mae,False,48074,0.4183729150629912,0.412575949340463,0.4258325785162944,/gpfs/data/bbj-lab/users/daniel/input-representation-benchmark/outputs/runs/tokenized/mimiciv-3.1_meds_70-10-20/ventiles_5-10-5_fused_time_tokens_first_24h-tokenized/test/reg_ridge_regression-preds-checkpoint-37000.pkl,/gpfs/data/bbj-lab/users/daniel/input-representation-benchmark/outputs/runs/tokenized/mimiciv-3.1_meds_70-10-20/ventiles_5-10-5_fused_time_tokens_first_24h-tokenized/test/tokens_timelines_extended_outcomes.parquet
exp1_extended_regression,regression,peak_potassium,ventiles_5_10_5_fused,rmse,False,48074,0.8309240391974668,0.593556380684696,1.1627253718203523,/gpfs/data/bbj-lab/users/daniel/input-representation-benchmark/outputs/runs/tokenized/mimiciv-3.1_meds_70-10-20/ventiles_5-10-5_fused_time_tokens_first_24h-tokenized/test/reg_ridge_regression-preds-checkpoint-37000.pkl,/gpfs/data/bbj-lab/users/daniel/input-representation-benchmark/outputs/runs/tokenized/mimiciv-3.1_meds_70-10-20/ventiles_5-10-5_fused_time_tokens_first_24h-tokenized/test/tokens_timelines_extended_outcomes.parquet
exp1_extended_regression,regression,peak_potassium,trentiles_unfused,spearman_rho,True,48074,0.4683461056744603,0.4610467333944858,0.4757697415961765,/gpfs/data/bbj-lab/users/daniel/input-representation-benchmark/outputs/runs/tokenized/mimiciv-3.1_meds_70-10-20/trentiles_none_unfused_time_tokens_first_24h-tokenized/test/reg_ridge_regression-preds-checkpoint-37000.pkl,/gpfs/data/bbj-lab/users/daniel/input-representation-benchmark/outputs/runs/tokenized/mimiciv-3.1_meds_70-10-20/trentiles_none_unfused_time_tokens_first_24h-tokenized/test/tokens_timelines_extended_outcomes.parquet
exp1_extended_regression,regression,peak_potassium,trentiles_unfused,r2,True,48074,0.1176645577131705,0.0660147883128428,0.2033849354439139,/gpfs/data/bbj-lab/users/daniel/input-representation-benchmark/outputs/runs/tokenized/mimiciv-3.1_meds_70-10-20/trentiles_none_unfused_time_tokens_first_24h-tokenized/test/reg_ridge_regression-preds-checkpoint-37000.pkl,/gpfs/data/bbj-lab/users/daniel/input-representation-benchmark/outputs/runs/tokenized/mimiciv-3.1_meds_70-10-20/trentiles_none_unfused_time_tokens_first_24h-tokenized/test/tokens_timelines_extended_outcomes.parquet
exp1_extended_regression,regression,peak_potassium,trentiles_unfused,mae,False,48074,0.4179384644884097,0.4122694079080505,0.4248278529749912,/gpfs/data/bbj-lab/users/daniel/input-representation-benchmark/outputs/runs/tokenized/mimiciv-3.1_meds_70-10-20/trentiles_none_unfused_time_tokens_first_24h-tokenized/test/reg_ridge_regression-preds-checkpoint-37000.pkl,/gpfs/data/bbj-lab/users/daniel/input-representation-benchmark/outputs/runs/tokenized/mimiciv-3.1_meds_70-10-20/trentiles_none_unfused_time_tokens_first_24h-tokenized/test/tokens_timelines_extended_outcomes.parquet
exp1_extended_regression,regression,peak_potassium,trentiles_unfused,rmse,False,48074,0.8308383701733631,0.5939321760425845,1.163206763463951,/gpfs/data/bbj-lab/users/daniel/input-representation-benchmark/outputs/runs/tokenized/mimiciv-3.1_meds_70-10-20/trentiles_none_unfused_time_tokens_first_24h-tokenized/test/reg_ridge_regression-preds-checkpoint-37000.pkl,/gpfs/data/bbj-lab/users/daniel/input-representation-benchmark/outputs/runs/tokenized/mimiciv-3.1_meds_70-10-20/trentiles_none_unfused_time_tokens_first_24h-tokenized/test/tokens_timelines_extended_outcomes.parquet
exp1_extended_regression,regression,peak_potassium,trentiles_fused,spearman_rho,True,48074,0.4518088780574746,0.4440696195195361,0.4592811358351903,/gpfs/data/bbj-lab/users/daniel/input-representation-benchmark/outputs/runs/tokenized/mimiciv-3.1_meds_70-10-20/trentiles_none_fused_time_tokens_first_24h-tokenized/test/reg_ridge_regression-preds-checkpoint-37000.pkl,/gpfs/data/bbj-lab/users/daniel/input-representation-benchmark/outputs/runs/tokenized/mimiciv-3.1_meds_70-10-20/trentiles_none_fused_time_tokens_first_24h-tokenized/test/tokens_timelines_extended_outcomes.parquet
exp1_extended_regression,regression,peak_potassium,trentiles_fused,r2,True,48074,0.109842262961368,0.0610677935806806,0.1931654446817514,/gpfs/data/bbj-lab/users/daniel/input-representation-benchmark/outputs/runs/tokenized/mimiciv-3.1_meds_70-10-20/trentiles_none_fused_time_tokens_first_24h-tokenized/test/reg_ridge_regression-preds-checkpoint-37000.pkl,/gpfs/data/bbj-lab/users/daniel/input-representation-benchmark/outputs/runs/tokenized/mimiciv-3.1_meds_70-10-20/trentiles_none_fused_time_tokens_first_24h-tokenized/test/tokens_timelines_extended_outcomes.parquet
exp1_extended_regression,regression,peak_potassium,trentiles_fused,mae,False,48074,0.4222756005674571,0.4164158577032882,0.4296546455793553,/gpfs/data/bbj-lab/users/daniel/input-representation-benchmark/outputs/runs/tokenized/mimiciv-3.1_meds_70-10-20/trentiles_none_fused_time_tokens_first_24h-tokenized/test/reg_ridge_regression-preds-checkpoint-37000.pkl,/gpfs/data/bbj-lab/users/daniel/input-representation-benchmark/outputs/runs/tokenized/mimiciv-3.1_meds_70-10-20/trentiles_none_fused_time_tokens_first_24h-tokenized/test/tokens_timelines_extended_outcomes.parquet
exp1_extended_regression,regression,peak_potassium,trentiles_fused,rmse,False,48074,0.8345131187682151,0.5979822991865469,1.165958407054163,/gpfs/data/bbj-lab/users/daniel/input-representation-benchmark/outputs/runs/tokenized/mimiciv-3.1_meds_70-10-20/trentiles_none_fused_time_tokens_first_24h-tokenized/test/reg_ridge_regression-preds-checkpoint-37000.pkl,/gpfs/data/bbj-lab/users/daniel/input-representation-benchmark/outputs/runs/tokenized/mimiciv-3.1_meds_70-10-20/trentiles_none_fused_time_tokens_first_24h-tokenized/test/tokens_timelines_extended_outcomes.parquet
exp1_extended_regression,regression,peak_potassium,trentiles_10_10_10_unfused,spearman_rho,True,48074,0.4090404604057594,0.4014943661078,0.4169594715302878,/gpfs/data/bbj-lab/users/daniel/input-representation-benchmark/outputs/runs/tokenized/mimiciv-3.1_meds_70-10-20/trentiles_10-10-10_unfused_time_tokens_first_24h-tokenized/test/reg_ridge_regression-preds-checkpoint-10000.pkl,/gpfs/data/bbj-lab/users/daniel/input-representation-benchmark/outputs/runs/tokenized/mimiciv-3.1_meds_70-10-20/trentiles_10-10-10_unfused_time_tokens_first_24h-tokenized/test/tokens_timelines_extended_outcomes.parquet
exp1_extended_regression,regression,peak_potassium,trentiles_10_10_10_unfused,r2,True,48074,0.0929058060281844,0.0538779853548688,0.15793707498591,/gpfs/data/bbj-lab/users/daniel/input-representation-benchmark/outputs/runs/tokenized/mimiciv-3.1_meds_70-10-20/trentiles_10-10-10_unfused_time_tokens_first_24h-tokenized/test/reg_ridge_regression-preds-checkpoint-10000.pkl,/gpfs/data/bbj-lab/users/daniel/input-representation-benchmark/outputs/runs/tokenized/mimiciv-3.1_meds_70-10-20/trentiles_10-10-10_unfused_time_tokens_first_24h-tokenized/test/tokens_timelines_extended_outcomes.parquet
exp1_extended_regression,regression,peak_potassium,trentiles_10_10_10_unfused,mae,False,48074,0.4335729875108283,0.4278652103288379,0.4406748168021615,/gpfs/data/bbj-lab/users/daniel/input-representation-benchmark/outputs/runs/tokenized/mimiciv-3.1_meds_70-10-20/trentiles_10-10-10_unfused_time_tokens_first_24h-tokenized/test/reg_ridge_regression-preds-checkpoint-10000.pkl,/gpfs/data/bbj-lab/users/daniel/input-representation-benchmark/outputs/runs/tokenized/mimiciv-3.1_meds_70-10-20/trentiles_10-10-10_unfused_time_tokens_first_24h-tokenized/test/tokens_timelines_extended_outcomes.parquet
exp1_extended_regression,regression,peak_potassium,trentiles_10_10_10_unfused,rmse,False,48074,0.8424145831844573,0.6104547910959625,1.1710243476787718,/gpfs/data/bbj-lab/users/daniel/input-representation-benchmark/outputs/runs/tokenized/mimiciv-3.1_meds_70-10-20/trentiles_10-10-10_unfused_time_tokens_first_24h-tokenized/test/reg_ridge_regression-preds-checkpoint-10000.pkl,/gpfs/data/bbj-lab/users/daniel/input-representation-benchmark/outputs/runs/tokenized/mimiciv-3.1_meds_70-10-20/trentiles_10-10-10_unfused_time_tokens_first_24h-tokenized/test/tokens_timelines_extended_outcomes.parquet
exp1_extended_regression,regression,peak_potassium,trentiles_10_10_10_fused,spearman_rho,True,48074,0.4355997048506257,0.4279530896167961,0.442949386791753,/gpfs/data/bbj-lab/users/daniel/input-representation-benchmark/outputs/runs/tokenized/mimiciv-3.1_meds_70-10-20/trentiles_10-10-10_fused_time_tokens_first_24h-tokenized/test/reg_ridge_regression-preds-checkpoint-37000.pkl,/gpfs/data/bbj-lab/users/daniel/input-representation-benchmark/outputs/runs/tokenized/mimiciv-3.1_meds_70-10-20/trentiles_10-10-10_fused_time_tokens_first_24h-tokenized/test/tokens_timelines_extended_outcomes.parquet
exp1_extended_regression,regression,peak_potassium,trentiles_10_10_10_fused,r2,True,48074,0.1030500425132089,0.0590432223957466,0.1778160688836297,/gpfs/data/bbj-lab/users/daniel/input-representation-benchmark/outputs/runs/tokenized/mimiciv-3.1_meds_70-10-20/trentiles_10-10-10_fused_time_tokens_first_24h-tokenized/test/reg_ridge_regression-preds-checkpoint-37000.pkl,/gpfs/data/bbj-lab/users/daniel/input-representation-benchmark/outputs/runs/tokenized/mimiciv-3.1_meds_70-10-20/trentiles_10-10-10_fused_time_tokens_first_24h-tokenized/test/tokens_timelines_extended_outcomes.parquet
exp1_extended_regression,regression,peak_potassium,trentiles_10_10_10_fused,mae,False,48074,0.427390371295077,0.4214593585835048,0.4348127940653565,/gpfs/data/bbj-lab/users/daniel/input-representation-benchmark/outputs/runs/tokenized/mimiciv-3.1_meds_70-10-20/trentiles_10-10-10_fused_time_tokens_first_24h-tokenized/test/reg_ridge_regression-preds-checkpoint-37000.pkl,/gpfs/data/bbj-lab/users/daniel/input-representation-benchmark/outputs/runs/tokenized/mimiciv-3.1_meds_70-10-20/trentiles_10-10-10_fused_time_tokens_first_24h-tokenized/test/tokens_timelines_extended_outcomes.parquet
exp1_extended_regression,regression,peak_potassium,trentiles_10_10_10_fused,rmse,False,48074,0.8376908845169233,0.6029569493155896,1.1669626018920891,/gpfs/data/bbj-lab/users/daniel/input-representation-benchmark/outputs/runs/tokenized/mimiciv-3.1_meds_70-10-20/trentiles_10-10-10_fused_time_tokens_first_24h-tokenized/test/reg_ridge_regression-preds-checkpoint-37000.pkl,/gpfs/data/bbj-lab/users/daniel/input-representation-benchmark/outputs/runs/tokenized/mimiciv-3.1_meds_70-10-20/trentiles_10-10-10_fused_time_tokens_first_24h-tokenized/test/tokens_timelines_extended_outcomes.parquet
exp1_extended_regression,regression,peak_potassium,centiles_unfused,spearman_rho,True,48074,0.4668851725201577,0.4593622862306321,0.4747236782621749,/gpfs/data/bbj-lab/users/daniel/input-representation-benchmark/outputs/runs/tokenized/mimiciv-3.1_meds_70-10-20/centiles_none_unfused_time_tokens_first_24h-tokenized/test/reg_ridge_regression-preds-checkpoint-37000.pkl,/gpfs/data/bbj-lab/users/daniel/input-representation-benchmark/outputs/runs/tokenized/mimiciv-3.1_meds_70-10-20/centiles_none_unfused_time_tokens_first_24h-tokenized/test/tokens_timelines_extended_outcomes.parquet
exp1_extended_regression,regression,peak_potassium,centiles_unfused,r2,True,48074,0.1161348060708132,0.0652775699714244,0.2005414179433746,/gpfs/data/bbj-lab/users/daniel/input-representation-benchmark/outputs/runs/tokenized/mimiciv-3.1_meds_70-10-20/centiles_none_unfused_time_tokens_first_24h-tokenized/test/reg_ridge_regression-preds-checkpoint-37000.pkl,/gpfs/data/bbj-lab/users/daniel/input-representation-benchmark/outputs/runs/tokenized/mimiciv-3.1_meds_70-10-20/centiles_none_unfused_time_tokens_first_24h-tokenized/test/tokens_timelines_extended_outcomes.parquet
exp1_extended_regression,regression,peak_potassium,centiles_unfused,mae,False,48074,0.419723665340938,0.414105694007407,0.4265536141490209,/gpfs/data/bbj-lab/users/daniel/input-representation-benchmark/outputs/runs/tokenized/mimiciv-3.1_meds_70-10-20/centiles_none_unfused_time_tokens_first_24h-tokenized/test/reg_ridge_regression-preds-checkpoint-37000.pkl,/gpfs/data/bbj-lab/users/daniel/input-representation-benchmark/outputs/runs/tokenized/mimiciv-3.1_meds_70-10-20/centiles_none_unfused_time_tokens_first_24h-tokenized/test/tokens_timelines_extended_outcomes.parquet
exp1_extended_regression,regression,peak_potassium,centiles_unfused,rmse,False,48074,0.8315582924884569,0.5943497941480133,1.1640209934965375,/gpfs/data/bbj-lab/users/daniel/input-representation-benchmark/outputs/runs/tokenized/mimiciv-3.1_meds_70-10-20/centiles_none_unfused_time_tokens_first_24h-tokenized/test/reg_ridge_regression-preds-checkpoint-37000.pkl,/gpfs/data/bbj-lab/users/daniel/input-representation-benchmark/outputs/runs/tokenized/mimiciv-3.1_meds_70-10-20/centiles_none_unfused_time_tokens_first_24h-tokenized/test/tokens_timelines_extended_outcomes.parquet
exp1_extended_regression,regression,peak_potassium,centiles_fused,spearman_rho,True,48074,0.4773680404387451,0.4699542687810119,0.484536099319716,/gpfs/data/bbj-lab/users/daniel/input-representation-benchmark/outputs/runs/tokenized/mimiciv-3.1_meds_70-10-20/centiles_none_fused_time_tokens_first_24h-tokenized/test/reg_ridge_regression-preds-checkpoint-16500.pkl,/gpfs/data/bbj-lab/users/daniel/input-representation-benchmark/outputs/runs/tokenized/mimiciv-3.1_meds_70-10-20/centiles_none_fused_time_tokens_first_24h-tokenized/test/tokens_timelines_extended_outcomes.parquet
exp1_extended_regression,regression,peak_potassium,centiles_fused,r2,True,48074,0.120307584988514,0.0680280408363072,0.2086348002409535,/gpfs/data/bbj-lab/users/daniel/input-representation-benchmark/outputs/runs/tokenized/mimiciv-3.1_meds_70-10-20/centiles_none_fused_time_tokens_first_24h-tokenized/test/reg_ridge_regression-preds-checkpoint-16500.pkl,/gpfs/data/bbj-lab/users/daniel/input-representation-benchmark/outputs/runs/tokenized/mimiciv-3.1_meds_70-10-20/centiles_none_fused_time_tokens_first_24h-tokenized/test/tokens_timelines_extended_outcomes.parquet
exp1_extended_regression,regression,peak_potassium,centiles_fused,mae,False,48074,0.4159784582770743,0.4100427403328961,0.4232597648708576,/gpfs/data/bbj-lab/users/daniel/input-representation-benchmark/outputs/runs/tokenized/mimiciv-3.1_meds_70-10-20/centiles_none_fused_time_tokens_first_24h-tokenized/test/reg_ridge_regression-preds-checkpoint-16500.pkl,/gpfs/data/bbj-lab/users/daniel/input-representation-benchmark/outputs/runs/tokenized/mimiciv-3.1_meds_70-10-20/centiles_none_fused_time_tokens_first_24h-tokenized/test/tokens_timelines_extended_outcomes.parquet
exp1_extended_regression,regression,peak_potassium,centiles_fused,rmse,False,48074,0.8295930527426624,0.591982983738708,1.1612402034745566,/gpfs/data/bbj-lab/users/daniel/input-representation-benchmark/outputs/runs/tokenized/mimiciv-3.1_meds_70-10-20/centiles_none_fused_time_tokens_first_24h-tokenized/test/reg_ridge_regression-preds-checkpoint-16500.pkl,/gpfs/data/bbj-lab/users/daniel/input-representation-benchmark/outputs/runs/tokenized/mimiciv-3.1_meds_70-10-20/centiles_none_fused_time_tokens_first_24h-tokenized/test/tokens_timelines_extended_outcomes.parquet
exp1_extended_regression,regression,peak_troponin,deciles_unfused,spearman_rho,True,3545,0.3568480258700106,0.3258591844437883,0.3858830781520554,/gpfs/data/bbj-lab/users/daniel/input-representation-benchmark/outputs/runs/tokenized/mimiciv-3.1_meds_70-10-20/deciles_none_unfused_time_tokens_first_24h-tokenized/test/reg_ridge_regression-preds-checkpoint-10000.pkl,/gpfs/data/bbj-lab/users/daniel/input-representation-benchmark/outputs/runs/tokenized/mimiciv-3.1_meds_70-10-20/deciles_none_unfused_time_tokens_first_24h-tokenized/test/tokens_timelines_extended_outcomes.parquet
exp1_extended_regression,regression,peak_troponin,deciles_unfused,r2,True,3545,0.109182936448573,0.0698477130022812,0.1432994784513086,/gpfs/data/bbj-lab/users/daniel/input-representation-benchmark/outputs/runs/tokenized/mimiciv-3.1_meds_70-10-20/deciles_none_unfused_time_tokens_first_24h-tokenized/test/reg_ridge_regression-preds-checkpoint-10000.pkl,/gpfs/data/bbj-lab/users/daniel/input-representation-benchmark/outputs/runs/tokenized/mimiciv-3.1_meds_70-10-20/deciles_none_unfused_time_tokens_first_24h-tokenized/test/tokens_timelines_extended_outcomes.parquet
exp1_extended_regression,regression,peak_troponin,deciles_unfused,mae,False,3545,0.7884024123064631,0.7410787190302929,0.8428130051370495,/gpfs/data/bbj-lab/users/daniel/input-representation-benchmark/outputs/runs/tokenized/mimiciv-3.1_meds_70-10-20/deciles_none_unfused_time_tokens_first_24h-tokenized/test/reg_ridge_regression-preds-checkpoint-10000.pkl,/gpfs/data/bbj-lab/users/daniel/input-representation-benchmark/outputs/runs/tokenized/mimiciv-3.1_meds_70-10-20/deciles_none_unfused_time_tokens_first_24h-tokenized/test/tokens_timelines_extended_outcomes.parquet
exp1_extended_regression,regression,peak_troponin,deciles_unfused,rmse,False,3545,1.7402434180356467,1.410288954975839,2.176365711042368,/gpfs/data/bbj-lab/users/daniel/input-representation-benchmark/outputs/runs/tokenized/mimiciv-3.1_meds_70-10-20/deciles_none_unfused_time_tokens_first_24h-tokenized/test/reg_ridge_regression-preds-checkpoint-10000.pkl,/gpfs/data/bbj-lab/users/daniel/input-representation-benchmark/outputs/runs/tokenized/mimiciv-3.1_meds_70-10-20/deciles_none_unfused_time_tokens_first_24h-tokenized/test/tokens_timelines_extended_outcomes.parquet
exp1_extended_regression,regression,peak_troponin,deciles_fused,spearman_rho,True,3545,0.3569530034254809,0.3269666111327168,0.3867881505079334,/gpfs/data/bbj-lab/users/daniel/input-representation-benchmark/outputs/runs/tokenized/mimiciv-3.1_meds_70-10-20/deciles_none_fused_time_tokens_first_24h-tokenized/test/reg_ridge_regression-preds-checkpoint-17000.pkl,/gpfs/data/bbj-lab/users/daniel/input-representation-benchmark/outputs/runs/tokenized/mimiciv-3.1_meds_70-10-20/deciles_none_fused_time_tokens_first_24h-tokenized/test/tokens_timelines_extended_outcomes.parquet
exp1_extended_regression,regression,peak_troponin,deciles_fused,r2,True,3545,0.1361866179672246,0.0982178512880959,0.1725561282181435,/gpfs/data/bbj-lab/users/daniel/input-representation-benchmark/outputs/runs/tokenized/mimiciv-3.1_meds_70-10-20/deciles_none_fused_time_tokens_first_24h-tokenized/test/reg_ridge_regression-preds-checkpoint-17000.pkl,/gpfs/data/bbj-lab/users/daniel/input-representation-benchmark/outputs/runs/tokenized/mimiciv-3.1_meds_70-10-20/deciles_none_fused_time_tokens_first_24h-tokenized/test/tokens_timelines_extended_outcomes.parquet
exp1_extended_regression,regression,peak_troponin,deciles_fused,mae,False,3545,0.774094139710299,0.7276150794854013,0.8248580466909269,/gpfs/data/bbj-lab/users/daniel/input-representation-benchmark/outputs/runs/tokenized/mimiciv-3.1_meds_70-10-20/deciles_none_fused_time_tokens_first_24h-tokenized/test/reg_ridge_regression-preds-checkpoint-17000.pkl,/gpfs/data/bbj-lab/users/daniel/input-representation-benchmark/outputs/runs/tokenized/mimiciv-3.1_meds_70-10-20/deciles_none_fused_time_tokens_first_24h-tokenized/test/tokens_timelines_extended_outcomes.parquet
exp1_extended_regression,regression,peak_troponin,deciles_fused,rmse,False,3545,1.713664105477579,1.3766816767192904,2.10266679736313,/gpfs/data/bbj-lab/users/daniel/input-representation-benchmark/outputs/runs/tokenized/mimiciv-3.1_meds_70-10-20/deciles_none_fused_time_tokens_first_24h-tokenized/test/reg_ridge_regression-preds-checkpoint-17000.pkl,/gpfs/data/bbj-lab/users/daniel/input-representation-benchmark/outputs/runs/tokenized/mimiciv-3.1_meds_70-10-20/deciles_none_fused_time_tokens_first_24h-tokenized/test/tokens_timelines_extended_outcomes.parquet
exp1_extended_regression,regression,peak_troponin,ventiles_unfused,spearman_rho,True,3545,0.3849187691316653,0.3551289456391502,0.4150820317316772,/gpfs/data/bbj-lab/users/daniel/input-representation-benchmark/outputs/runs/tokenized/mimiciv-3.1_meds_70-10-20/ventiles_none_unfused_time_tokens_first_24h-tokenized/test/reg_ridge_regression-preds-checkpoint-37000.pkl,/gpfs/data/bbj-lab/users/daniel/input-representation-benchmark/outputs/runs/tokenized/mimiciv-3.1_meds_70-10-20/ventiles_none_unfused_time_tokens_first_24h-tokenized/test/tokens_timelines_extended_outcomes.parquet
exp1_extended_regression,regression,peak_troponin,ventiles_unfused,r2,True,3545,0.1402889479761475,0.0951841943210395,0.180410316709125,/gpfs/data/bbj-lab/users/daniel/input-representation-benchmark/outputs/runs/tokenized/mimiciv-3.1_meds_70-10-20/ventiles_none_unfused_time_tokens_first_24h-tokenized/test/reg_ridge_regression-preds-checkpoint-37000.pkl,/gpfs/data/bbj-lab/users/daniel/input-representation-benchmark/outputs/runs/tokenized/mimiciv-3.1_meds_70-10-20/ventiles_none_unfused_time_tokens_first_24h-tokenized/test/tokens_timelines_extended_outcomes.parquet
exp1_extended_regression,regression,peak_troponin,ventiles_unfused,mae,False,3545,0.7788088113742132,0.732015433863041,0.8305740202241811,/gpfs/data/bbj-lab/users/daniel/input-representation-benchmark/outputs/runs/tokenized/mimiciv-3.1_meds_70-10-20/ventiles_none_unfused_time_tokens_first_24h-tokenized/test/reg_ridge_regression-preds-checkpoint-37000.pkl,/gpfs/data/bbj-lab/users/daniel/input-representation-benchmark/outputs/runs/tokenized/mimiciv-3.1_meds_70-10-20/ventiles_none_unfused_time_tokens_first_24h-tokenized/test/tokens_timelines_extended_outcomes.parquet
exp1_extended_regression,regression,peak_troponin,ventiles_unfused,rmse,False,3545,1.709590087721419,1.3832233325441865,2.139950030327481,/gpfs/data/bbj-lab/users/daniel/input-representation-benchmark/outputs/runs/tokenized/mimiciv-3.1_meds_70-10-20/ventiles_none_unfused_time_tokens_first_24h-tokenized/test/reg_ridge_regression-preds-checkpoint-37000.pkl,/gpfs/data/bbj-lab/users/daniel/input-representation-benchmark/outputs/runs/tokenized/mimiciv-3.1_meds_70-10-20/ventiles_none_unfused_time_tokens_first_24h-tokenized/test/tokens_timelines_extended_outcomes.parquet
exp1_extended_regression,regression,peak_troponin,ventiles_fused,spearman_rho,True,3545,0.3912806370746862,0.3608686692374599,0.4203598141360191,/gpfs/data/bbj-lab/users/daniel/input-representation-benchmark/outputs/runs/tokenized/mimiciv-3.1_meds_70-10-20/ventiles_none_fused_time_tokens_first_24h-tokenized/test/reg_ridge_regression-preds-checkpoint-37000.pkl,/gpfs/data/bbj-lab/users/daniel/input-representation-benchmark/outputs/runs/tokenized/mimiciv-3.1_meds_70-10-20/ventiles_none_fused_time_tokens_first_24h-tokenized/test/tokens_timelines_extended_outcomes.parquet
exp1_extended_regression,regression,peak_troponin,ventiles_fused,r2,True,3545,0.1413133807013907,0.1022355661135471,0.1799265571755936,/gpfs/data/bbj-lab/users/daniel/input-representation-benchmark/outputs/runs/tokenized/mimiciv-3.1_meds_70-10-20/ventiles_none_fused_time_tokens_first_24h-tokenized/test/reg_ridge_regression-preds-checkpoint-37000.pkl,/gpfs/data/bbj-lab/users/daniel/input-representation-benchmark/outputs/runs/tokenized/mimiciv-3.1_meds_70-10-20/ventiles_none_fused_time_tokens_first_24h-tokenized/test/tokens_timelines_extended_outcomes.parquet
exp1_extended_regression,regression,peak_troponin,ventiles_fused,mae,False,3545,0.7730476363947968,0.7256664247219015,0.8238852708897839,/gpfs/data/bbj-lab/users/daniel/input-representation-benchmark/outputs/runs/tokenized/mimiciv-3.1_meds_70-10-20/ventiles_none_fused_time_tokens_first_24h-tokenized/test/reg_ridge_regression-preds-checkpoint-37000.pkl,/gpfs/data/bbj-lab/users/daniel/input-representation-benchmark/outputs/runs/tokenized/mimiciv-3.1_meds_70-10-20/ventiles_none_fused_time_tokens_first_24h-tokenized/test/tokens_timelines_extended_outcomes.parquet
exp1_extended_regression,regression,peak_troponin,ventiles_fused,rmse,False,3545,1.708571209302763,1.3723114126242688,2.0958958630152984,/gpfs/data/bbj-lab/users/daniel/input-representation-benchmark/outputs/runs/tokenized/mimiciv-3.1_meds_70-10-20/ventiles_none_fused_time_tokens_first_24h-tokenized/test/reg_ridge_regression-preds-checkpoint-37000.pkl,/gpfs/data/bbj-lab/users/daniel/input-representation-benchmark/outputs/runs/tokenized/mimiciv-3.1_meds_70-10-20/ventiles_none_fused_time_tokens_first_24h-tokenized/test/tokens_timelines_extended_outcomes.parquet
exp1_extended_regression,regression,peak_troponin,ventiles_5_10_5_unfused,spearman_rho,True,3545,0.3896909234078323,0.3594122592737723,0.4170094548130599,/gpfs/data/bbj-lab/users/daniel/input-representation-benchmark/outputs/runs/tokenized/mimiciv-3.1_meds_70-10-20/ventiles_5-10-5_unfused_time_tokens_first_24h-tokenized/test/reg_ridge_regression-preds-checkpoint-37000.pkl,/gpfs/data/bbj-lab/users/daniel/input-representation-benchmark/outputs/runs/tokenized/mimiciv-3.1_meds_70-10-20/ventiles_5-10-5_unfused_time_tokens_first_24h-tokenized/test/tokens_timelines_extended_outcomes.parquet
exp1_extended_regression,regression,peak_troponin,ventiles_5_10_5_unfused,r2,True,3545,0.1254414139988997,0.0873843817660937,0.1622491905944004,/gpfs/data/bbj-lab/users/daniel/input-representation-benchmark/outputs/runs/tokenized/mimiciv-3.1_meds_70-10-20/ventiles_5-10-5_unfused_time_tokens_first_24h-tokenized/test/reg_ridge_regression-preds-checkpoint-37000.pkl,/gpfs/data/bbj-lab/users/daniel/input-representation-benchmark/outputs/runs/tokenized/mimiciv-3.1_meds_70-10-20/ventiles_5-10-5_unfused_time_tokens_first_24h-tokenized/test/tokens_timelines_extended_outcomes.parquet
exp1_extended_regression,regression,peak_troponin,ventiles_5_10_5_unfused,mae,False,3545,0.78159249356452,0.7340586391215348,0.8340558112137837,/gpfs/data/bbj-lab/users/daniel/input-representation-benchmark/outputs/runs/tokenized/mimiciv-3.1_meds_70-10-20/ventiles_5-10-5_unfused_time_tokens_first_24h-tokenized/test/reg_ridge_regression-preds-checkpoint-37000.pkl,/gpfs/data/bbj-lab/users/daniel/input-representation-benchmark/outputs/runs/tokenized/mimiciv-3.1_meds_70-10-20/ventiles_5-10-5_unfused_time_tokens_first_24h-tokenized/test/tokens_timelines_extended_outcomes.parquet
exp1_extended_regression,regression,peak_troponin,ventiles_5_10_5_unfused,rmse,False,3545,1.724289525855164,1.3951201099012958,2.1585908303521806,/gpfs/data/bbj-lab/users/daniel/input-representation-benchmark/outputs/runs/tokenized/mimiciv-3.1_meds_70-10-20/ventiles_5-10-5_unfused_time_tokens_first_24h-tokenized/test/reg_ridge_regression-preds-checkpoint-37000.pkl,/gpfs/data/bbj-lab/users/daniel/input-representation-benchmark/outputs/runs/tokenized/mimiciv-3.1_meds_70-10-20/ventiles_5-10-5_unfused_time_tokens_first_24h-tokenized/test/tokens_timelines_extended_outcomes.parquet
exp1_extended_regression,regression,peak_troponin,ventiles_5_10_5_fused,spearman_rho,True,3545,0.3753923787232241,0.3444970005467194,0.4067539900690051,/gpfs/data/bbj-lab/users/daniel/input-representation-benchmark/outputs/runs/tokenized/mimiciv-3.1_meds_70-10-20/ventiles_5-10-5_fused_time_tokens_first_24h-tokenized/test/reg_ridge_regression-preds-checkpoint-37000.pkl,/gpfs/data/bbj-lab/users/daniel/input-representation-benchmark/outputs/runs/tokenized/mimiciv-3.1_meds_70-10-20/ventiles_5-10-5_fused_time_tokens_first_24h-tokenized/test/tokens_timelines_extended_outcomes.parquet
exp1_extended_regression,regression,peak_troponin,ventiles_5_10_5_fused,r2,True,3545,0.1434203113035982,0.1025148403762519,0.1820479315245401,/gpfs/data/bbj-lab/users/daniel/input-representation-benchmark/outputs/runs/tokenized/mimiciv-3.1_meds_70-10-20/ventiles_5-10-5_fused_time_tokens_first_24h-tokenized/test/reg_ridge_regression-preds-checkpoint-37000.pkl,/gpfs/data/bbj-lab/users/daniel/input-representation-benchmark/outputs/runs/tokenized/mimiciv-3.1_meds_70-10-20/ventiles_5-10-5_fused_time_tokens_first_24h-tokenized/test/tokens_timelines_extended_outcomes.parquet
exp1_extended_regression,regression,peak_troponin,ventiles_5_10_5_fused,mae,False,3545,0.7700676320473584,0.7214942439810117,0.8203264868934804,/gpfs/data/bbj-lab/users/daniel/input-representation-benchmark/outputs/runs/tokenized/mimiciv-3.1_meds_70-10-20/ventiles_5-10-5_fused_time_tokens_first_24h-tokenized/test/reg_ridge_regression-preds-checkpoint-37000.pkl,/gpfs/data/bbj-lab/users/daniel/input-representation-benchmark/outputs/runs/tokenized/mimiciv-3.1_meds_70-10-20/ventiles_5-10-5_fused_time_tokens_first_24h-tokenized/test/tokens_timelines_extended_outcomes.parquet
exp1_extended_regression,regression,peak_troponin,ventiles_5_10_5_fused,rmse,False,3545,1.706473789940716,1.373655496084886,2.0877795404133668,/gpfs/data/bbj-lab/users/daniel/input-representation-benchmark/outputs/runs/tokenized/mimiciv-3.1_meds_70-10-20/ventiles_5-10-5_fused_time_tokens_first_24h-tokenized/test/reg_ridge_regression-preds-checkpoint-37000.pkl,/gpfs/data/bbj-lab/users/daniel/input-representation-benchmark/outputs/runs/tokenized/mimiciv-3.1_meds_70-10-20/ventiles_5-10-5_fused_time_tokens_first_24h-tokenized/test/tokens_timelines_extended_outcomes.parquet
exp1_extended_regression,regression,peak_troponin,trentiles_unfused,spearman_rho,True,3545,0.3939195892151862,0.3648422452871725,0.4213523659918748,/gpfs/data/bbj-lab/users/daniel/input-representation-benchmark/outputs/runs/tokenized/mimiciv-3.1_meds_70-10-20/trentiles_none_unfused_time_tokens_first_24h-tokenized/test/reg_ridge_regression-preds-checkpoint-37000.pkl,/gpfs/data/bbj-lab/users/daniel/input-representation-benchmark/outputs/runs/tokenized/mimiciv-3.1_meds_70-10-20/trentiles_none_unfused_time_tokens_first_24h-tokenized/test/tokens_timelines_extended_outcomes.parquet
exp1_extended_regression,regression,peak_troponin,trentiles_unfused,r2,True,3545,0.1305411240667882,0.0910506159164733,0.1636980671283209,/gpfs/data/bbj-lab/users/daniel/input-representation-benchmark/outputs/runs/tokenized/mimiciv-3.1_meds_70-10-20/trentiles_none_unfused_time_tokens_first_24h-tokenized/test/reg_ridge_regression-preds-checkpoint-37000.pkl,/gpfs/data/bbj-lab/users/daniel/input-representation-benchmark/outputs/runs/tokenized/mimiciv-3.1_meds_70-10-20/trentiles_none_unfused_time_tokens_first_24h-tokenized/test/tokens_timelines_extended_outcomes.parquet
exp1_extended_regression,regression,peak_troponin,trentiles_unfused,mae,False,3545,0.780518540493665,0.7336005348153429,0.8344885501497639,/gpfs/data/bbj-lab/users/daniel/input-representation-benchmark/outputs/runs/tokenized/mimiciv-3.1_meds_70-10-20/trentiles_none_unfused_time_tokens_first_24h-tokenized/test/reg_ridge_regression-preds-checkpoint-37000.pkl,/gpfs/data/bbj-lab/users/daniel/input-representation-benchmark/outputs/runs/tokenized/mimiciv-3.1_meds_70-10-20/trentiles_none_unfused_time_tokens_first_24h-tokenized/test/tokens_timelines_extended_outcomes.parquet
exp1_extended_regression,regression,peak_troponin,trentiles_unfused,rmse,False,3545,1.719254852791599,1.3945959638780985,2.1457278128778685,/gpfs/data/bbj-lab/users/daniel/input-representation-benchmark/outputs/runs/tokenized/mimiciv-3.1_meds_70-10-20/trentiles_none_unfused_time_tokens_first_24h-tokenized/test/reg_ridge_regression-preds-checkpoint-37000.pkl,/gpfs/data/bbj-lab/users/daniel/input-representation-benchmark/outputs/runs/tokenized/mimiciv-3.1_meds_70-10-20/trentiles_none_unfused_time_tokens_first_24h-tokenized/test/tokens_timelines_extended_outcomes.parquet
exp1_extended_regression,regression,peak_troponin,trentiles_fused,spearman_rho,True,3545,0.3889951374564037,0.3580330737387249,0.4192713275464898,/gpfs/data/bbj-lab/users/daniel/input-representation-benchmark/outputs/runs/tokenized/mimiciv-3.1_meds_70-10-20/trentiles_none_fused_time_tokens_first_24h-tokenized/test/reg_ridge_regression-preds-checkpoint-37000.pkl,/gpfs/data/bbj-lab/users/daniel/input-representation-benchmark/outputs/runs/tokenized/mimiciv-3.1_meds_70-10-20/trentiles_none_fused_time_tokens_first_24h-tokenized/test/tokens_timelines_extended_outcomes.parquet
exp1_extended_regression,regression,peak_troponin,trentiles_fused,r2,True,3545,0.1456224016165256,0.1052214311305202,0.1814657140552839,/gpfs/data/bbj-lab/users/daniel/input-representation-benchmark/outputs/runs/tokenized/mimiciv-3.1_meds_70-10-20/trentiles_none_fused_time_tokens_first_24h-tokenized/test/reg_ridge_regression-preds-checkpoint-37000.pkl,/gpfs/data/bbj-lab/users/daniel/input-representation-benchmark/outputs/runs/tokenized/mimiciv-3.1_meds_70-10-20/trentiles_none_fused_time_tokens_first_24h-tokenized/test/tokens_timelines_extended_outcomes.parquet
exp1_extended_regression,regression,peak_troponin,trentiles_fused,mae,False,3545,0.7646703195237744,0.717084337478517,0.8153719013128774,/gpfs/data/bbj-lab/users/daniel/input-representation-benchmark/outputs/runs/tokenized/mimiciv-3.1_meds_70-10-20/trentiles_none_fused_time_tokens_first_24h-tokenized/test/reg_ridge_regression-preds-checkpoint-37000.pkl,/gpfs/data/bbj-lab/users/daniel/input-representation-benchmark/outputs/runs/tokenized/mimiciv-3.1_meds_70-10-20/trentiles_none_fused_time_tokens_first_24h-tokenized/test/tokens_timelines_extended_outcomes.parquet
exp1_extended_regression,regression,peak_troponin,trentiles_fused,rmse,False,3545,1.7042788816910714,1.3716971460744396,2.0848743718792835,/gpfs/data/bbj-lab/users/daniel/input-representation-benchmark/outputs/runs/tokenized/mimiciv-3.1_meds_70-10-20/trentiles_none_fused_time_tokens_first_24h-tokenized/test/reg_ridge_regression-preds-checkpoint-37000.pkl,/gpfs/data/bbj-lab/users/daniel/input-representation-benchmark/outputs/runs/tokenized/mimiciv-3.1_meds_70-10-20/trentiles_none_fused_time_tokens_first_24h-tokenized/test/tokens_timelines_extended_outcomes.parquet
exp1_extended_regression,regression,peak_troponin,trentiles_10_10_10_unfused,spearman_rho,True,3545,0.3794388604655422,0.3486133985859511,0.4090371897401862,/gpfs/data/bbj-lab/users/daniel/input-representation-benchmark/outputs/runs/tokenized/mimiciv-3.1_meds_70-10-20/trentiles_10-10-10_unfused_time_tokens_first_24h-tokenized/test/reg_ridge_regression-preds-checkpoint-10000.pkl,/gpfs/data/bbj-lab/users/daniel/input-representation-benchmark/outputs/runs/tokenized/mimiciv-3.1_meds_70-10-20/trentiles_10-10-10_unfused_time_tokens_first_24h-tokenized/test/tokens_timelines_extended_outcomes.parquet
exp1_extended_regression,regression,peak_troponin,trentiles_10_10_10_unfused,r2,True,3545,0.0989301397165366,0.0650650865198152,0.1285128896189101,/gpfs/data/bbj-lab/users/daniel/input-representation-benchmark/outputs/runs/tokenized/mimiciv-3.1_meds_70-10-20/trentiles_10-10-10_unfused_time_tokens_first_24h-tokenized/test/reg_ridge_regression-preds-checkpoint-10000.pkl,/gpfs/data/bbj-lab/users/daniel/input-representation-benchmark/outputs/runs/tokenized/mimiciv-3.1_meds_70-10-20/trentiles_10-10-10_unfused_time_tokens_first_24h-tokenized/test/tokens_timelines_extended_outcomes.parquet
exp1_extended_regression,regression,peak_troponin,trentiles_10_10_10_unfused,mae,False,3545,0.7739510808009455,0.7265652597449539,0.8300418558193629,/gpfs/data/bbj-lab/users/daniel/input-representation-benchmark/outputs/runs/tokenized/mimiciv-3.1_meds_70-10-20/trentiles_10-10-10_unfused_time_tokens_first_24h-tokenized/test/reg_ridge_regression-preds-checkpoint-10000.pkl,/gpfs/data/bbj-lab/users/daniel/input-representation-benchmark/outputs/runs/tokenized/mimiciv-3.1_meds_70-10-20/trentiles_10-10-10_unfused_time_tokens_first_24h-tokenized/test/tokens_timelines_extended_outcomes.parquet
exp1_extended_regression,regression,peak_troponin,trentiles_10_10_10_unfused,rmse,False,3545,1.750229372074294,1.4177700024171012,2.1912995940960176,/gpfs/data/bbj-lab/users/daniel/input-representation-benchmark/outputs/runs/tokenized/mimiciv-3.1_meds_70-10-20/trentiles_10-10-10_unfused_time_tokens_first_24h-tokenized/test/reg_ridge_regression-preds-checkpoint-10000.pkl,/gpfs/data/bbj-lab/users/daniel/input-representation-benchmark/outputs/runs/tokenized/mimiciv-3.1_meds_70-10-20/trentiles_10-10-10_unfused_time_tokens_first_24h-tokenized/test/tokens_timelines_extended_outcomes.parquet
exp1_extended_regression,regression,peak_troponin,trentiles_10_10_10_fused,spearman_rho,True,3545,0.3736916332027353,0.3427174827117661,0.4036477844296744,/gpfs/data/bbj-lab/users/daniel/input-representation-benchmark/outputs/runs/tokenized/mimiciv-3.1_meds_70-10-20/trentiles_10-10-10_fused_time_tokens_first_24h-tokenized/test/reg_ridge_regression-preds-checkpoint-37000.pkl,/gpfs/data/bbj-lab/users/daniel/input-representation-benchmark/outputs/runs/tokenized/mimiciv-3.1_meds_70-10-20/trentiles_10-10-10_fused_time_tokens_first_24h-tokenized/test/tokens_timelines_extended_outcomes.parquet
exp1_extended_regression,regression,peak_troponin,trentiles_10_10_10_fused,r2,True,3545,0.1526320503199298,0.1142725561865216,0.1840407633961324,/gpfs/data/bbj-lab/users/daniel/input-representation-benchmark/outputs/runs/tokenized/mimiciv-3.1_meds_70-10-20/trentiles_10-10-10_fused_time_tokens_first_24h-tokenized/test/reg_ridge_regression-preds-checkpoint-37000.pkl,/gpfs/data/bbj-lab/users/daniel/input-representation-benchmark/outputs/runs/tokenized/mimiciv-3.1_meds_70-10-20/trentiles_10-10-10_fused_time_tokens_first_24h-tokenized/test/tokens_timelines_extended_outcomes.parquet
exp1_extended_regression,regression,peak_troponin,trentiles_10_10_10_fused,mae,False,3545,0.7651576859128084,0.7185158288866911,0.8157916625783709,/gpfs/data/bbj-lab/users/daniel/input-representation-benchmark/outputs/runs/tokenized/mimiciv-3.1_meds_70-10-20/trentiles_10-10-10_fused_time_tokens_first_24h-tokenized/test/reg_ridge_regression-preds-checkpoint-37000.pkl,/gpfs/data/bbj-lab/users/daniel/input-representation-benchmark/outputs/runs/tokenized/mimiciv-3.1_meds_70-10-20/trentiles_10-10-10_fused_time_tokens_first_24h-tokenized/test/tokens_timelines_extended_outcomes.parquet
exp1_extended_regression,regression,peak_troponin,trentiles_10_10_10_fused,rmse,False,3545,1.6972731967686516,1.3640540480958383,2.069686550611016,/gpfs/data/bbj-lab/users/daniel/input-representation-benchmark/outputs/runs/tokenized/mimiciv-3.1_meds_70-10-20/trentiles_10-10-10_fused_time_tokens_first_24h-tokenized/test/reg_ridge_regression-preds-checkpoint-37000.pkl,/gpfs/data/bbj-lab/users/daniel/input-representation-benchmark/outputs/runs/tokenized/mimiciv-3.1_meds_70-10-20/trentiles_10-10-10_fused_time_tokens_first_24h-tokenized/test/tokens_timelines_extended_outcomes.parquet
exp1_extended_regression,regression,peak_troponin,centiles_unfused,spearman_rho,True,3545,0.3728453621858858,0.3426516942913026,0.4026551275300544,/gpfs/data/bbj-lab/users/daniel/input-representation-benchmark/outputs/runs/tokenized/mimiciv-3.1_meds_70-10-20/centiles_none_unfused_time_tokens_first_24h-tokenized/test/reg_ridge_regression-preds-checkpoint-37000.pkl,/gpfs/data/bbj-lab/users/daniel/input-representation-benchmark/outputs/runs/tokenized/mimiciv-3.1_meds_70-10-20/centiles_none_unfused_time_tokens_first_24h-tokenized/test/tokens_timelines_extended_outcomes.parquet
exp1_extended_regression,regression,peak_troponin,centiles_unfused,r2,True,3545,0.1125014702973841,0.0659815885058011,0.1506096841020765,/gpfs/data/bbj-lab/users/daniel/input-representation-benchmark/outputs/runs/tokenized/mimiciv-3.1_meds_70-10-20/centiles_none_unfused_time_tokens_first_24h-tokenized/test/reg_ridge_regression-preds-checkpoint-37000.pkl,/gpfs/data/bbj-lab/users/daniel/input-representation-benchmark/outputs/runs/tokenized/mimiciv-3.1_meds_70-10-20/centiles_none_unfused_time_tokens_first_24h-tokenized/test/tokens_timelines_extended_outcomes.parquet
exp1_extended_regression,regression,peak_troponin,centiles_unfused,mae,False,3545,0.8039903388190037,0.7566089907884984,0.8574024910787755,/gpfs/data/bbj-lab/users/daniel/input-representation-benchmark/outputs/runs/tokenized/mimiciv-3.1_meds_70-10-20/centiles_none_unfused_time_tokens_first_24h-tokenized/test/reg_ridge_regression-preds-checkpoint-37000.pkl,/gpfs/data/bbj-lab/users/daniel/input-representation-benchmark/outputs/runs/tokenized/mimiciv-3.1_meds_70-10-20/centiles_none_unfused_time_tokens_first_24h-tokenized/test/tokens_timelines_extended_outcomes.parquet
exp1_extended_regression,regression,peak_troponin,centiles_unfused,rmse,False,3545,1.736998955520943,1.4134165708816135,2.1674254073020207,/gpfs/data/bbj-lab/users/daniel/input-representation-benchmark/outputs/runs/tokenized/mimiciv-3.1_meds_70-10-20/centiles_none_unfused_time_tokens_first_24h-tokenized/test/reg_ridge_regression-preds-checkpoint-37000.pkl,/gpfs/data/bbj-lab/users/daniel/input-representation-benchmark/outputs/runs/tokenized/mimiciv-3.1_meds_70-10-20/centiles_none_unfused_time_tokens_first_24h-tokenized/test/tokens_timelines_extended_outcomes.parquet
exp1_extended_regression,regression,peak_troponin,centiles_fused,spearman_rho,True,3545,0.4070032654362488,0.3774915924815612,0.4367720897957007,/gpfs/data/bbj-lab/users/daniel/input-representation-benchmark/outputs/runs/tokenized/mimiciv-3.1_meds_70-10-20/centiles_none_fused_time_tokens_first_24h-tokenized/test/reg_ridge_regression-preds-checkpoint-16500.pkl,/gpfs/data/bbj-lab/users/daniel/input-representation-benchmark/outputs/runs/tokenized/mimiciv-3.1_meds_70-10-20/centiles_none_fused_time_tokens_first_24h-tokenized/test/tokens_timelines_extended_outcomes.parquet
exp1_extended_regression,regression,peak_troponin,centiles_fused,r2,True,3545,0.1404636742452518,0.0982696647756057,0.1919610970812572,/gpfs/data/bbj-lab/users/daniel/input-representation-benchmark/outputs/runs/tokenized/mimiciv-3.1_meds_70-10-20/centiles_none_fused_time_tokens_first_24h-tokenized/test/reg_ridge_regression-preds-checkpoint-16500.pkl,/gpfs/data/bbj-lab/users/daniel/input-representation-benchmark/outputs/runs/tokenized/mimiciv-3.1_meds_70-10-20/centiles_none_fused_time_tokens_first_24h-tokenized/test/tokens_timelines_extended_outcomes.parquet
exp1_extended_regression,regression,peak_troponin,centiles_fused,mae,False,3545,0.7648716561281523,0.716546697330041,0.8154363119135437,/gpfs/data/bbj-lab/users/daniel/input-representation-benchmark/outputs/runs/tokenized/mimiciv-3.1_meds_70-10-20/centiles_none_fused_time_tokens_first_24h-tokenized/test/reg_ridge_regression-preds-checkpoint-16500.pkl,/gpfs/data/bbj-lab/users/daniel/input-representation-benchmark/outputs/runs/tokenized/mimiciv-3.1_meds_70-10-20/centiles_none_fused_time_tokens_first_24h-tokenized/test/tokens_timelines_extended_outcomes.parquet
exp1_extended_regression,regression,peak_troponin,centiles_fused,rmse,False,3545,1.7094163517458765,1.35896505491637,2.1131546023052588,/gpfs/data/bbj-lab/users/daniel/input-representation-benchmark/outputs/runs/tokenized/mimiciv-3.1_meds_70-10-20/centiles_none_fused_time_tokens_first_24h-tokenized/test/reg_ridge_regression-preds-checkpoint-16500.pkl,/gpfs/data/bbj-lab/users/daniel/input-representation-benchmark/outputs/runs/tokenized/mimiciv-3.1_meds_70-10-20/centiles_none_fused_time_tokens_first_24h-tokenized/test/tokens_timelines_extended_outcomes.parquet
exp2_primary_binary,classification,icu_admission,discrete_tt,roc_auc,True,53978,0.8055325158956022,0.7969502718221768,0.8141898120728246,/gpfs/data/bbj-lab/users/daniel/input-representation-benchmark/outputs/runs/tokenized/mimiciv-3.1_meds_70-10-20/deciles_none_unfused_time_tokens_first_24h-tokenized/test/logistic_regression-preds-base-primary_binary-model-discrete-time_tokens.pkl,/gpfs/data/bbj-lab/users/daniel/input-representation-benchmark/outputs/runs/tokenized/mimiciv-3.1_meds_70-10-20/deciles_none_unfused_time_tokens_first_24h-tokenized/test/tokens_timelines_outcomes.parquet
exp2_primary_binary,classification,icu_admission,discrete_tt,pr_auc,True,53978,0.3196383294755504,0.3005817280033495,0.3383072746013009,/gpfs/data/bbj-lab/users/daniel/input-representation-benchmark/outputs/runs/tokenized/mimiciv-3.1_meds_70-10-20/deciles_none_unfused_time_tokens_first_24h-tokenized/test/logistic_regression-preds-base-primary_binary-model-discrete-time_tokens.pkl,/gpfs/data/bbj-lab/users/daniel/input-representation-benchmark/outputs/runs/tokenized/mimiciv-3.1_meds_70-10-20/deciles_none_unfused_time_tokens_first_24h-tokenized/test/tokens_timelines_outcomes.parquet
exp2_primary_binary,classification,icu_admission,discrete_tt,brier,False,53978,0.0360296522527789,0.0347058523808176,0.0373738467988522,/gpfs/data/bbj-lab/users/daniel/input-representation-benchmark/outputs/runs/tokenized/mimiciv-3.1_meds_70-10-20/deciles_none_unfused_time_tokens_first_24h-tokenized/test/logistic_regression-preds-base-primary_binary-model-discrete-time_tokens.pkl,/gpfs/data/bbj-lab/users/daniel/input-representation-benchmark/outputs/runs/tokenized/mimiciv-3.1_meds_70-10-20/deciles_none_unfused_time_tokens_first_24h-tokenized/test/tokens_timelines_outcomes.parquet
exp2_primary_binary,classification,icu_admission,discrete_tt,ece_15,False,53978,0.0058626260110392,0.0049374657661382,0.0078149614784257,/gpfs/data/bbj-lab/users/daniel/input-representation-benchmark/outputs/runs/tokenized/mimiciv-3.1_meds_70-10-20/deciles_none_unfused_time_tokens_first_24h-tokenized/test/logistic_regression-preds-base-primary_binary-model-discrete-time_tokens.pkl,/gpfs/data/bbj-lab/users/daniel/input-representation-benchmark/outputs/runs/tokenized/mimiciv-3.1_meds_70-10-20/deciles_none_unfused_time_tokens_first_24h-tokenized/test/tokens_timelines_outcomes.parquet
exp2_primary_binary,classification,icu_admission,soft_tt,roc_auc,True,53978,0.8055910634544936,0.7968914745978408,0.8142604345540592,/gpfs/data/bbj-lab/users/daniel/input-representation-benchmark/outputs/runs/tokenized/mimiciv-3.1_meds_70-10-20/deciles_none_unfused_time_tokens_first_24h-tokenized/test/logistic_regression-preds-base-primary_binary-model-soft-time_tokens.pkl,/gpfs/data/bbj-lab/users/daniel/input-representation-benchmark/outputs/runs/tokenized/mimiciv-3.1_meds_70-10-20/deciles_none_unfused_time_tokens_first_24h-tokenized/test/tokens_timelines_outcomes.parquet
exp2_primary_binary,classification,icu_admission,soft_tt,pr_auc,True,53978,0.3153093210715384,0.2955884330597248,0.3340791317652127,/gpfs/data/bbj-lab/users/daniel/input-representation-benchmark/outputs/runs/tokenized/mimiciv-3.1_meds_70-10-20/deciles_none_unfused_time_tokens_first_24h-tokenized/test/logistic_regression-preds-base-primary_binary-model-soft-time_tokens.pkl,/gpfs/data/bbj-lab/users/daniel/input-representation-benchmark/outputs/runs/tokenized/mimiciv-3.1_meds_70-10-20/deciles_none_unfused_time_tokens_first_24h-tokenized/test/tokens_timelines_outcomes.parquet
exp2_primary_binary,classification,icu_admission,soft_tt,brier,False,53978,0.036164583538819,0.0348207794150541,0.0375041219199246,/gpfs/data/bbj-lab/users/daniel/input-representation-benchmark/outputs/runs/tokenized/mimiciv-3.1_meds_70-10-20/deciles_none_unfused_time_tokens_first_24h-tokenized/test/logistic_regression-preds-base-primary_binary-model-soft-time_tokens.pkl,/gpfs/data/bbj-lab/users/daniel/input-representation-benchmark/outputs/runs/tokenized/mimiciv-3.1_meds_70-10-20/deciles_none_unfused_time_tokens_first_24h-tokenized/test/tokens_timelines_outcomes.parquet
exp2_primary_binary,classification,icu_admission,soft_tt,ece_15,False,53978,0.0044975949167051,0.0035561486276912,0.006344122129909,/gpfs/data/bbj-lab/users/daniel/input-representation-benchmark/outputs/runs/tokenized/mimiciv-3.1_meds_70-10-20/deciles_none_unfused_time_tokens_first_24h-tokenized/test/logistic_regression-preds-base-primary_binary-model-soft-time_tokens.pkl,/gpfs/data/bbj-lab/users/daniel/input-representation-benchmark/outputs/runs/tokenized/mimiciv-3.1_meds_70-10-20/deciles_none_unfused_time_tokens_first_24h-tokenized/test/tokens_timelines_outcomes.parquet
exp2_primary_binary,classification,icu_admission,xval_tt,roc_auc,True,53978,0.7513568927748546,0.7418378068891415,0.7607883083905068,/gpfs/data/bbj-lab/users/daniel/input-representation-benchmark/outputs/runs/tokenized/mimiciv-3.1_meds_70-10-20/deciles_none_unfused_time_tokens_numencxval_first_24h-tokenized/test/logistic_regression-preds-base-primary_binary-model-xval-time_tokens.pkl,/gpfs/data/bbj-lab/users/daniel/input-representation-benchmark/outputs/runs/tokenized/mimiciv-3.1_meds_70-10-20/deciles_none_unfused_time_tokens_numencxval_first_24h-tokenized/test/tokens_timelines_outcomes.parquet
exp2_primary_binary,classification,icu_admission,xval_tt,pr_auc,True,53978,0.2325935561276531,0.2151191328621524,0.2508188864841035,/gpfs/data/bbj-lab/users/daniel/input-representation-benchmark/outputs/runs/tokenized/mimiciv-3.1_meds_70-10-20/deciles_none_unfused_time_tokens_numencxval_first_24h-tokenized/test/logistic_regression-preds-base-primary_binary-model-xval-time_tokens.pkl,/gpfs/data/bbj-lab/users/daniel/input-representation-benchmark/outputs/runs/tokenized/mimiciv-3.1_meds_70-10-20/deciles_none_unfused_time_tokens_numencxval_first_24h-tokenized/test/tokens_timelines_outcomes.parquet
exp2_primary_binary,classification,icu_admission,xval_tt,brier,False,53978,0.0384598376922424,0.0370291266473559,0.0399111218646969,/gpfs/data/bbj-lab/users/daniel/input-representation-benchmark/outputs/runs/tokenized/mimiciv-3.1_meds_70-10-20/deciles_none_unfused_time_tokens_numencxval_first_24h-tokenized/test/logistic_regression-preds-base-primary_binary-model-xval-time_tokens.pkl,/gpfs/data/bbj-lab/users/daniel/input-representation-benchmark/outputs/runs/tokenized/mimiciv-3.1_meds_70-10-20/deciles_none_unfused_time_tokens_numencxval_first_24h-tokenized/test/tokens_timelines_outcomes.parquet
exp2_primary_binary,classification,icu_admission,xval_tt,ece_15,False,53978,0.004832210846258,0.0039754459201667,0.0067567965648354,/gpfs/data/bbj-lab/users/daniel/input-representation-benchmark/outputs/runs/tokenized/mimiciv-3.1_meds_70-10-20/deciles_none_unfused_time_tokens_numencxval_first_24h-tokenized/test/logistic_regression-preds-base-primary_binary-model-xval-time_tokens.pkl,/gpfs/data/bbj-lab/users/daniel/input-representation-benchmark/outputs/runs/tokenized/mimiciv-3.1_meds_70-10-20/deciles_none_unfused_time_tokens_numencxval_first_24h-tokenized/test/tokens_timelines_outcomes.parquet
exp2_primary_binary,classification,icu_admission,xval_affine_tt,roc_auc,True,53978,0.7457333777028455,0.7357088884401203,0.7556333537737536,/gpfs/data/bbj-lab/users/daniel/input-representation-benchmark/outputs/runs/tokenized/mimiciv-3.1_meds_70-10-20/deciles_none_unfused_time_tokens_numencxval_first_24h-tokenized/test/logistic_regression-preds-base-primary_binary-model-xval_affine-time_tokens.pkl,/gpfs/data/bbj-lab/users/daniel/input-representation-benchmark/outputs/runs/tokenized/mimiciv-3.1_meds_70-10-20/deciles_none_unfused_time_tokens_numencxval_first_24h-tokenized/test/tokens_timelines_outcomes.parquet
exp2_primary_binary,classification,icu_admission,xval_affine_tt,pr_auc,True,53978,0.2330546312252485,0.2158160540719242,0.2507295120608585,/gpfs/data/bbj-lab/users/daniel/input-representation-benchmark/outputs/runs/tokenized/mimiciv-3.1_meds_70-10-20/deciles_none_unfused_time_tokens_numencxval_first_24h-tokenized/test/logistic_regression-preds-base-primary_binary-model-xval_affine-time_tokens.pkl,/gpfs/data/bbj-lab/users/daniel/input-representation-benchmark/outputs/runs/tokenized/mimiciv-3.1_meds_70-10-20/deciles_none_unfused_time_tokens_numencxval_first_24h-tokenized/test/tokens_timelines_outcomes.parquet
exp2_primary_binary,classification,icu_admission,xval_affine_tt,brier,False,53978,0.0384396861989165,0.0370027110283015,0.0399023179289796,/gpfs/data/bbj-lab/users/daniel/input-representation-benchmark/outputs/runs/tokenized/mimiciv-3.1_meds_70-10-20/deciles_none_unfused_time_tokens_numencxval_first_24h-tokenized/test/logistic_regression-preds-base-primary_binary-model-xval_affine-time_tokens.pkl,/gpfs/data/bbj-lab/users/daniel/input-representation-benchmark/outputs/runs/tokenized/mimiciv-3.1_meds_70-10-20/deciles_none_unfused_time_tokens_numencxval_first_24h-tokenized/test/tokens_timelines_outcomes.parquet
exp2_primary_binary,classification,icu_admission,xval_affine_tt,ece_15,False,53978,0.0042121144837711,0.0032792809325928,0.0061154745181135,/gpfs/data/bbj-lab/users/daniel/input-representation-benchmark/outputs/runs/tokenized/mimiciv-3.1_meds_70-10-20/deciles_none_unfused_time_tokens_numencxval_first_24h-tokenized/test/logistic_regression-preds-base-primary_binary-model-xval_affine-time_tokens.pkl,/gpfs/data/bbj-lab/users/daniel/input-representation-benchmark/outputs/runs/tokenized/mimiciv-3.1_meds_70-10-20/deciles_none_unfused_time_tokens_numencxval_first_24h-tokenized/test/tokens_timelines_outcomes.parquet
exp2_primary_binary,classification,icu_admission,discrete_rope,roc_auc,True,53978,0.8125284402481486,0.8035917684933378,0.8204478260739313,/gpfs/data/bbj-lab/users/daniel/input-representation-benchmark/outputs/runs/tokenized/mimiciv-3.1_meds_70-10-20/deciles_none_unfused_time_rope_first_24h-tokenized/test/logistic_regression-preds-base-primary_binary-model-discrete-time_rope.pkl,/gpfs/data/bbj-lab/users/daniel/input-representation-benchmark/outputs/runs/tokenized/mimiciv-3.1_meds_70-10-20/deciles_none_unfused_time_rope_first_24h-tokenized/test/tokens_timelines_outcomes.parquet
exp2_primary_binary,classification,icu_admission,discrete_rope,pr_auc,True,53978,0.3162696460038061,0.2965566301362116,0.3356326148428901,/gpfs/data/bbj-lab/users/daniel/input-representation-benchmark/outputs/runs/tokenized/mimiciv-3.1_meds_70-10-20/deciles_none_unfused_time_rope_first_24h-tokenized/test/logistic_regression-preds-base-primary_binary-model-discrete-time_rope.pkl,/gpfs/data/bbj-lab/users/daniel/input-representation-benchmark/outputs/runs/tokenized/mimiciv-3.1_meds_70-10-20/deciles_none_unfused_time_rope_first_24h-tokenized/test/tokens_timelines_outcomes.parquet
exp2_primary_binary,classification,icu_admission,discrete_rope,brier,False,53978,0.0361236979391182,0.0348171004069485,0.0375452907702259,/gpfs/data/bbj-lab/users/daniel/input-representation-benchmark/outputs/runs/tokenized/mimiciv-3.1_meds_70-10-20/deciles_none_unfused_time_rope_first_24h-tokenized/test/logistic_regression-preds-base-primary_binary-model-discrete-time_rope.pkl,/gpfs/data/bbj-lab/users/daniel/input-representation-benchmark/outputs/runs/tokenized/mimiciv-3.1_meds_70-10-20/deciles_none_unfused_time_rope_first_24h-tokenized/test/tokens_timelines_outcomes.parquet
exp2_primary_binary,classification,icu_admission,discrete_rope,ece_15,False,53978,0.0055738127725068,0.0045198844150435,0.0074303490473334,/gpfs/data/bbj-lab/users/daniel/input-representation-benchmark/outputs/runs/tokenized/mimiciv-3.1_meds_70-10-20/deciles_none_unfused_time_rope_first_24h-tokenized/test/logistic_regression-preds-base-primary_binary-model-discrete-time_rope.pkl,/gpfs/data/bbj-lab/users/daniel/input-representation-benchmark/outputs/runs/tokenized/mimiciv-3.1_meds_70-10-20/deciles_none_unfused_time_rope_first_24h-tokenized/test/tokens_timelines_outcomes.parquet
exp2_primary_binary,classification,icu_admission,soft_rope,roc_auc,True,53978,0.808091913816711,0.7990066672716528,0.8165210727892729,/gpfs/data/bbj-lab/users/daniel/input-representation-benchmark/outputs/runs/tokenized/mimiciv-3.1_meds_70-10-20/deciles_none_unfused_time_rope_first_24h-tokenized/test/logistic_regression-preds-base-primary_binary-model-soft-time_rope.pkl,/gpfs/data/bbj-lab/users/daniel/input-representation-benchmark/outputs/runs/tokenized/mimiciv-3.1_meds_70-10-20/deciles_none_unfused_time_rope_first_24h-tokenized/test/tokens_timelines_outcomes.parquet
exp2_primary_binary,classification,icu_admission,soft_rope,pr_auc,True,53978,0.3215480810131191,0.3025073179351,0.3406821225300838,/gpfs/data/bbj-lab/users/daniel/input-representation-benchmark/outputs/runs/tokenized/mimiciv-3.1_meds_70-10-20/deciles_none_unfused_time_rope_first_24h-tokenized/test/logistic_regression-preds-base-primary_binary-model-soft-time_rope.pkl,/gpfs/data/bbj-lab/users/daniel/input-representation-benchmark/outputs/runs/tokenized/mimiciv-3.1_meds_70-10-20/deciles_none_unfused_time_rope_first_24h-tokenized/test/tokens_timelines_outcomes.parquet
exp2_primary_binary,classification,icu_admission,soft_rope,brier,False,53978,0.0359772931620709,0.0346316593846931,0.0373871201129508,/gpfs/data/bbj-lab/users/daniel/input-representation-benchmark/outputs/runs/tokenized/mimiciv-3.1_meds_70-10-20/deciles_none_unfused_time_rope_first_24h-tokenized/test/logistic_regression-preds-base-primary_binary-model-soft-time_rope.pkl,/gpfs/data/bbj-lab/users/daniel/input-representation-benchmark/outputs/runs/tokenized/mimiciv-3.1_meds_70-10-20/deciles_none_unfused_time_rope_first_24h-tokenized/test/tokens_timelines_outcomes.parquet
exp2_primary_binary,classification,icu_admission,soft_rope,ece_15,False,53978,0.0047134688202762,0.0036826793125529,0.0066548527633479,/gpfs/data/bbj-lab/users/daniel/input-representation-benchmark/outputs/runs/tokenized/mimiciv-3.1_meds_70-10-20/deciles_none_unfused_time_rope_first_24h-tokenized/test/logistic_regression-preds-base-primary_binary-model-soft-time_rope.pkl,/gpfs/data/bbj-lab/users/daniel/input-representation-benchmark/outputs/runs/tokenized/mimiciv-3.1_meds_70-10-20/deciles_none_unfused_time_rope_first_24h-tokenized/test/tokens_timelines_outcomes.parquet
exp2_primary_binary,classification,icu_admission,xval_rope,roc_auc,True,53978,0.748705886558314,0.7389355843758437,0.7583293611994113,/gpfs/data/bbj-lab/users/daniel/input-representation-benchmark/outputs/runs/tokenized/mimiciv-3.1_meds_70-10-20/deciles_none_unfused_time_rope_numencxval_first_24h-tokenized/test/logistic_regression-preds-base-primary_binary-model-xval-time_rope.pkl,/gpfs/data/bbj-lab/users/daniel/input-representation-benchmark/outputs/runs/tokenized/mimiciv-3.1_meds_70-10-20/deciles_none_unfused_time_rope_numencxval_first_24h-tokenized/test/tokens_timelines_outcomes.parquet
exp2_primary_binary,classification,icu_admission,xval_rope,pr_auc,True,53978,0.2402592053868738,0.2234769078770392,0.2582916230535111,/gpfs/data/bbj-lab/users/daniel/input-representation-benchmark/outputs/runs/tokenized/mimiciv-3.1_meds_70-10-20/deciles_none_unfused_time_rope_numencxval_first_24h-tokenized/test/logistic_regression-preds-base-primary_binary-model-xval-time_rope.pkl,/gpfs/data/bbj-lab/users/daniel/input-representation-benchmark/outputs/runs/tokenized/mimiciv-3.1_meds_70-10-20/deciles_none_unfused_time_rope_numencxval_first_24h-tokenized/test/tokens_timelines_outcomes.parquet
exp2_primary_binary,classification,icu_admission,xval_rope,brier,False,53978,0.0382319885052293,0.0368328920964538,0.0396669853392136,/gpfs/data/bbj-lab/users/daniel/input-representation-benchmark/outputs/runs/tokenized/mimiciv-3.1_meds_70-10-20/deciles_none_unfused_time_rope_numencxval_first_24h-tokenized/test/logistic_regression-preds-base-primary_binary-model-xval-time_rope.pkl,/gpfs/data/bbj-lab/users/daniel/input-representation-benchmark/outputs/runs/tokenized/mimiciv-3.1_meds_70-10-20/deciles_none_unfused_time_rope_numencxval_first_24h-tokenized/test/tokens_timelines_outcomes.parquet
exp2_primary_binary,classification,icu_admission,xval_rope,ece_15,False,53978,0.0070706703899549,0.0045233367675849,0.007187434052354,/gpfs/data/bbj-lab/users/daniel/input-representation-benchmark/outputs/runs/tokenized/mimiciv-3.1_meds_70-10-20/deciles_none_unfused_time_rope_numencxval_first_24h-tokenized/test/logistic_regression-preds-base-primary_binary-model-xval-time_rope.pkl,/gpfs/data/bbj-lab/users/daniel/input-representation-benchmark/outputs/runs/tokenized/mimiciv-3.1_meds_70-10-20/deciles_none_unfused_time_rope_numencxval_first_24h-tokenized/test/tokens_timelines_outcomes.parquet
exp2_primary_binary,classification,icu_admission,xval_affine_rope,roc_auc,True,53978,0.7411590100405256,0.7318041266118218,0.7506929308157451,/gpfs/data/bbj-lab/users/daniel/input-representation-benchmark/outputs/runs/tokenized/mimiciv-3.1_meds_70-10-20/deciles_none_unfused_time_rope_numencxval_first_24h-tokenized/test/logistic_regression-preds-base-primary_binary-model-xval_affine-time_rope.pkl,/gpfs/data/bbj-lab/users/daniel/input-representation-benchmark/outputs/runs/tokenized/mimiciv-3.1_meds_70-10-20/deciles_none_unfused_time_rope_numencxval_first_24h-tokenized/test/tokens_timelines_outcomes.parquet
exp2_primary_binary,classification,icu_admission,xval_affine_rope,pr_auc,True,53978,0.2208777198916781,0.2044324117724295,0.2368415387788884,/gpfs/data/bbj-lab/users/daniel/input-representation-benchmark/outputs/runs/tokenized/mimiciv-3.1_meds_70-10-20/deciles_none_unfused_time_rope_numencxval_first_24h-tokenized/test/logistic_regression-preds-base-primary_binary-model-xval_affine-time_rope.pkl,/gpfs/data/bbj-lab/users/daniel/input-representation-benchmark/outputs/runs/tokenized/mimiciv-3.1_meds_70-10-20/deciles_none_unfused_time_rope_numencxval_first_24h-tokenized/test/tokens_timelines_outcomes.parquet
exp2_primary_binary,classification,icu_admission,xval_affine_rope,brier,False,53978,0.0387984460006017,0.0373805518281684,0.0402320133625318,/gpfs/data/bbj-lab/users/daniel/input-representation-benchmark/outputs/runs/tokenized/mimiciv-3.1_meds_70-10-20/deciles_none_unfused_time_rope_numencxval_first_24h-tokenized/test/logistic_regression-preds-base-primary_binary-model-xval_affine-time_rope.pkl,/gpfs/data/bbj-lab/users/daniel/input-representation-benchmark/outputs/runs/tokenized/mimiciv-3.1_meds_70-10-20/deciles_none_unfused_time_rope_numencxval_first_24h-tokenized/test/tokens_timelines_outcomes.parquet
exp2_primary_binary,classification,icu_admission,xval_affine_rope,ece_15,False,53978,0.0055296896402316,0.004406192016361,0.0073786284521102,/gpfs/data/bbj-lab/users/daniel/input-representation-benchmark/outputs/runs/tokenized/mimiciv-3.1_meds_70-10-20/deciles_none_unfused_time_rope_numencxval_first_24h-tokenized/test/logistic_regression-preds-base-primary_binary-model-xval_affine-time_rope.pkl,/gpfs/data/bbj-lab/users/daniel/input-representation-benchmark/outputs/runs/tokenized/mimiciv-3.1_meds_70-10-20/deciles_none_unfused_time_rope_numencxval_first_24h-tokenized/test/tokens_timelines_outcomes.parquet
exp2_primary_binary,classification,imv_event,discrete_tt,roc_auc,True,62438,0.9152868367846584,0.9087993606990068,0.9214986609351568,/gpfs/data/bbj-lab/users/daniel/input-representation-benchmark/outputs/runs/tokenized/mimiciv-3.1_meds_70-10-20/deciles_none_unfused_time_tokens_first_24h-tokenized/test/logistic_regression-preds-base-primary_binary-model-discrete-time_tokens.pkl,/gpfs/data/bbj-lab/users/daniel/input-representation-benchmark/outputs/runs/tokenized/mimiciv-3.1_meds_70-10-20/deciles_none_unfused_time_tokens_first_24h-tokenized/test/tokens_timelines_outcomes.parquet
exp2_primary_binary,classification,imv_event,discrete_tt,pr_auc,True,62438,0.6336052063584866,0.6136978612746259,0.6532106357358558,/gpfs/data/bbj-lab/users/daniel/input-representation-benchmark/outputs/runs/tokenized/mimiciv-3.1_meds_70-10-20/deciles_none_unfused_time_tokens_first_24h-tokenized/test/logistic_regression-preds-base-primary_binary-model-discrete-time_tokens.pkl,/gpfs/data/bbj-lab/users/daniel/input-representation-benchmark/outputs/runs/tokenized/mimiciv-3.1_meds_70-10-20/deciles_none_unfused_time_tokens_first_24h-tokenized/test/tokens_timelines_outcomes.parquet
exp2_primary_binary,classification,imv_event,discrete_tt,brier,False,62438,0.0232992922527977,0.0222744773263009,0.0242900789474653,/gpfs/data/bbj-lab/users/daniel/input-representation-benchmark/outputs/runs/tokenized/mimiciv-3.1_meds_70-10-20/deciles_none_unfused_time_tokens_first_24h-tokenized/test/logistic_regression-preds-base-primary_binary-model-discrete-time_tokens.pkl,/gpfs/data/bbj-lab/users/daniel/input-representation-benchmark/outputs/runs/tokenized/mimiciv-3.1_meds_70-10-20/deciles_none_unfused_time_tokens_first_24h-tokenized/test/tokens_timelines_outcomes.parquet
exp2_primary_binary,classification,imv_event,discrete_tt,ece_15,False,62438,0.0029866955909643,0.0022170760702886,0.0043855019003824,/gpfs/data/bbj-lab/users/daniel/input-representation-benchmark/outputs/runs/tokenized/mimiciv-3.1_meds_70-10-20/deciles_none_unfused_time_tokens_first_24h-tokenized/test/logistic_regression-preds-base-primary_binary-model-discrete-time_tokens.pkl,/gpfs/data/bbj-lab/users/daniel/input-representation-benchmark/outputs/runs/tokenized/mimiciv-3.1_meds_70-10-20/deciles_none_unfused_time_tokens_first_24h-tokenized/test/tokens_timelines_outcomes.parquet
exp2_primary_binary,classification,imv_event,soft_tt,roc_auc,True,62438,0.9126768059457564,0.9060730810728228,0.9189374937097532,/gpfs/data/bbj-lab/users/daniel/input-representation-benchmark/outputs/runs/tokenized/mimiciv-3.1_meds_70-10-20/deciles_none_unfused_time_tokens_first_24h-tokenized/test/logistic_regression-preds-base-primary_binary-model-soft-time_tokens.pkl,/gpfs/data/bbj-lab/users/daniel/input-representation-benchmark/outputs/runs/tokenized/mimiciv-3.1_meds_70-10-20/deciles_none_unfused_time_tokens_first_24h-tokenized/test/tokens_timelines_outcomes.parquet
exp2_primary_binary,classification,imv_event,soft_tt,pr_auc,True,62438,0.6227184522497877,0.6026084802674024,0.6418392412015261,/gpfs/data/bbj-lab/users/daniel/input-representation-benchmark/outputs/runs/tokenized/mimiciv-3.1_meds_70-10-20/deciles_none_unfused_time_tokens_first_24h-tokenized/test/logistic_regression-preds-base-primary_binary-model-soft-time_tokens.pkl,/gpfs/data/bbj-lab/users/daniel/input-representation-benchmark/outputs/runs/tokenized/mimiciv-3.1_meds_70-10-20/deciles_none_unfused_time_tokens_first_24h-tokenized/test/tokens_timelines_outcomes.parquet
exp2_primary_binary,classification,imv_event,soft_tt,brier,False,62438,0.023911664530855,0.0228863203342327,0.0249276962423329,/gpfs/data/bbj-lab/users/daniel/input-representation-benchmark/outputs/runs/tokenized/mimiciv-3.1_meds_70-10-20/deciles_none_unfused_time_tokens_first_24h-tokenized/test/logistic_regression-preds-base-primary_binary-model-soft-time_tokens.pkl,/gpfs/data/bbj-lab/users/daniel/input-representation-benchmark/outputs/runs/tokenized/mimiciv-3.1_meds_70-10-20/deciles_none_unfused_time_tokens_first_24h-tokenized/test/tokens_timelines_outcomes.parquet
exp2_primary_binary,classification,imv_event,soft_tt,ece_15,False,62438,0.0026557676265943,0.0020687062035051,0.0041065136144387,/gpfs/data/bbj-lab/users/daniel/input-representation-benchmark/outputs/runs/tokenized/mimiciv-3.1_meds_70-10-20/deciles_none_unfused_time_tokens_first_24h-tokenized/test/logistic_regression-preds-base-primary_binary-model-soft-time_tokens.pkl,/gpfs/data/bbj-lab/users/daniel/input-representation-benchmark/outputs/runs/tokenized/mimiciv-3.1_meds_70-10-20/deciles_none_unfused_time_tokens_first_24h-tokenized/test/tokens_timelines_outcomes.parquet
exp2_primary_binary,classification,imv_event,xval_tt,roc_auc,True,62438,0.8519778624740133,0.8443935535625124,0.8594296184546729,/gpfs/data/bbj-lab/users/daniel/input-representation-benchmark/outputs/runs/tokenized/mimiciv-3.1_meds_70-10-20/deciles_none_unfused_time_tokens_numencxval_first_24h-tokenized/test/logistic_regression-preds-base-primary_binary-model-xval-time_tokens.pkl,/gpfs/data/bbj-lab/users/daniel/input-representation-benchmark/outputs/runs/tokenized/mimiciv-3.1_meds_70-10-20/deciles_none_unfused_time_tokens_numencxval_first_24h-tokenized/test/tokens_timelines_outcomes.parquet
exp2_primary_binary,classification,imv_event,xval_tt,pr_auc,True,62438,0.4663365106082509,0.4471576128127993,0.4873069852579797,/gpfs/data/bbj-lab/users/daniel/input-representation-benchmark/outputs/runs/tokenized/mimiciv-3.1_meds_70-10-20/deciles_none_unfused_time_tokens_numencxval_first_24h-tokenized/test/logistic_regression-preds-base-primary_binary-model-xval-time_tokens.pkl,/gpfs/data/bbj-lab/users/daniel/input-representation-benchmark/outputs/runs/tokenized/mimiciv-3.1_meds_70-10-20/deciles_none_unfused_time_tokens_numencxval_first_24h-tokenized/test/tokens_timelines_outcomes.parquet
exp2_primary_binary,classification,imv_event,xval_tt,brier,False,62438,0.0298001045375949,0.0286699120388246,0.0310104559579296,/gpfs/data/bbj-lab/users/daniel/input-representation-benchmark/outputs/runs/tokenized/mimiciv-3.1_meds_70-10-20/deciles_none_unfused_time_tokens_numencxval_first_24h-tokenized/test/logistic_regression-preds-base-primary_binary-model-xval-time_tokens.pkl,/gpfs/data/bbj-lab/users/daniel/input-representation-benchmark/outputs/runs/tokenized/mimiciv-3.1_meds_70-10-20/deciles_none_unfused_time_tokens_numencxval_first_24h-tokenized/test/tokens_timelines_outcomes.parquet
exp2_primary_binary,classification,imv_event,xval_tt,ece_15,False,62438,0.004392516013317,0.0029786457882445,0.0054454515234769,/gpfs/data/bbj-lab/users/daniel/input-representation-benchmark/outputs/runs/tokenized/mimiciv-3.1_meds_70-10-20/deciles_none_unfused_time_tokens_numencxval_first_24h-tokenized/test/logistic_regression-preds-base-primary_binary-model-xval-time_tokens.pkl,/gpfs/data/bbj-lab/users/daniel/input-representation-benchmark/outputs/runs/tokenized/mimiciv-3.1_meds_70-10-20/deciles_none_unfused_time_tokens_numencxval_first_24h-tokenized/test/tokens_timelines_outcomes.parquet
exp2_primary_binary,classification,imv_event,xval_affine_tt,roc_auc,True,62438,0.8473464567739429,0.8396288714168095,0.8551129912562697,/gpfs/data/bbj-lab/users/daniel/input-representation-benchmark/outputs/runs/tokenized/mimiciv-3.1_meds_70-10-20/deciles_none_unfused_time_tokens_numencxval_first_24h-tokenized/test/logistic_regression-preds-base-primary_binary-model-xval_affine-time_tokens.pkl,/gpfs/data/bbj-lab/users/daniel/input-representation-benchmark/outputs/runs/tokenized/mimiciv-3.1_meds_70-10-20/deciles_none_unfused_time_tokens_numencxval_first_24h-tokenized/test/tokens_timelines_outcomes.parquet
exp2_primary_binary,classification,imv_event,xval_affine_tt,pr_auc,True,62438,0.4591943445523716,0.4401436104420198,0.4787240366962276,/gpfs/data/bbj-lab/users/daniel/input-representation-benchmark/outputs/runs/tokenized/mimiciv-3.1_meds_70-10-20/deciles_none_unfused_time_tokens_numencxval_first_24h-tokenized/test/logistic_regression-preds-base-primary_binary-model-xval_affine-time_tokens.pkl,/gpfs/data/bbj-lab/users/daniel/input-representation-benchmark/outputs/runs/tokenized/mimiciv-3.1_meds_70-10-20/deciles_none_unfused_time_tokens_numencxval_first_24h-tokenized/test/tokens_timelines_outcomes.parquet
exp2_primary_binary,classification,imv_event,xval_affine_tt,brier,False,62438,0.0304419855544311,0.0293332372746128,0.0316052629676171,/gpfs/data/bbj-lab/users/daniel/input-representation-benchmark/outputs/runs/tokenized/mimiciv-3.1_meds_70-10-20/deciles_none_unfused_time_tokens_numencxval_first_24h-tokenized/test/logistic_regression-preds-base-primary_binary-model-xval_affine-time_tokens.pkl,/gpfs/data/bbj-lab/users/daniel/input-representation-benchmark/outputs/runs/tokenized/mimiciv-3.1_meds_70-10-20/deciles_none_unfused_time_tokens_numencxval_first_24h-tokenized/test/tokens_timelines_outcomes.parquet
exp2_primary_binary,classification,imv_event,xval_affine_tt,ece_15,False,62438,0.0052796080633682,0.0039802317317046,0.0064589793073281,/gpfs/data/bbj-lab/users/daniel/input-representation-benchmark/outputs/runs/tokenized/mimiciv-3.1_meds_70-10-20/deciles_none_unfused_time_tokens_numencxval_first_24h-tokenized/test/logistic_regression-preds-base-primary_binary-model-xval_affine-time_tokens.pkl,/gpfs/data/bbj-lab/users/daniel/input-representation-benchmark/outputs/runs/tokenized/mimiciv-3.1_meds_70-10-20/deciles_none_unfused_time_tokens_numencxval_first_24h-tokenized/test/tokens_timelines_outcomes.parquet
exp2_primary_binary,classification,imv_event,discrete_rope,roc_auc,True,62438,0.9164254162531584,0.9103557906928428,0.9224832398342016,/gpfs/data/bbj-lab/users/daniel/input-representation-benchmark/outputs/runs/tokenized/mimiciv-3.1_meds_70-10-20/deciles_none_unfused_time_rope_first_24h-tokenized/test/logistic_regression-preds-base-primary_binary-model-discrete-time_rope.pkl,/gpfs/data/bbj-lab/users/daniel/input-representation-benchmark/outputs/runs/tokenized/mimiciv-3.1_meds_70-10-20/deciles_none_unfused_time_rope_first_24h-tokenized/test/tokens_timelines_outcomes.parquet
exp2_primary_binary,classification,imv_event,discrete_rope,pr_auc,True,62438,0.6402496612553976,0.6223403053165949,0.6593676968712817,/gpfs/data/bbj-lab/users/daniel/input-representation-benchmark/outputs/runs/tokenized/mimiciv-3.1_meds_70-10-20/deciles_none_unfused_time_rope_first_24h-tokenized/test/logistic_regression-preds-base-primary_binary-model-discrete-time_rope.pkl,/gpfs/data/bbj-lab/users/daniel/input-representation-benchmark/outputs/runs/tokenized/mimiciv-3.1_meds_70-10-20/deciles_none_unfused_time_rope_first_24h-tokenized/test/tokens_timelines_outcomes.parquet
exp2_primary_binary,classification,imv_event,discrete_rope,brier,False,62438,0.0231678715990054,0.0221721066959887,0.0241456503597303,/gpfs/data/bbj-lab/users/daniel/input-representation-benchmark/outputs/runs/tokenized/mimiciv-3.1_meds_70-10-20/deciles_none_unfused_time_rope_first_24h-tokenized/test/logistic_regression-preds-base-primary_binary-model-discrete-time_rope.pkl,/gpfs/data/bbj-lab/users/daniel/input-representation-benchmark/outputs/runs/tokenized/mimiciv-3.1_meds_70-10-20/deciles_none_unfused_time_rope_first_24h-tokenized/test/tokens_timelines_outcomes.parquet
exp2_primary_binary,classification,imv_event,discrete_rope,ece_15,False,62438,0.002374017909201,0.001779224283761,0.0038080477854792,/gpfs/data/bbj-lab/users/daniel/input-representation-benchmark/outputs/runs/tokenized/mimiciv-3.1_meds_70-10-20/deciles_none_unfused_time_rope_first_24h-tokenized/test/logistic_regression-preds-base-primary_binary-model-discrete-time_rope.pkl,/gpfs/data/bbj-lab/users/daniel/input-representation-benchmark/outputs/runs/tokenized/mimiciv-3.1_meds_70-10-20/deciles_none_unfused_time_rope_first_24h-tokenized/test/tokens_timelines_outcomes.parquet
exp2_primary_binary,classification,imv_event,soft_rope,roc_auc,True,62438,0.9125547656862038,0.9063675620728894,0.9188691366662856,/gpfs/data/bbj-lab/users/daniel/input-representation-benchmark/outputs/runs/tokenized/mimiciv-3.1_meds_70-10-20/deciles_none_unfused_time_rope_first_24h-tokenized/test/logistic_regression-preds-base-primary_binary-model-soft-time_rope.pkl,/gpfs/data/bbj-lab/users/daniel/input-representation-benchmark/outputs/runs/tokenized/mimiciv-3.1_meds_70-10-20/deciles_none_unfused_time_rope_first_24h-tokenized/test/tokens_timelines_outcomes.parquet
exp2_primary_binary,classification,imv_event,soft_rope,pr_auc,True,62438,0.6266146619752511,0.6081321754995997,0.6463304577202652,/gpfs/data/bbj-lab/users/daniel/input-representation-benchmark/outputs/runs/tokenized/mimiciv-3.1_meds_70-10-20/deciles_none_unfused_time_rope_first_24h-tokenized/test/logistic_regression-preds-base-primary_binary-model-soft-time_rope.pkl,/gpfs/data/bbj-lab/users/daniel/input-representation-benchmark/outputs/runs/tokenized/mimiciv-3.1_meds_70-10-20/deciles_none_unfused_time_rope_first_24h-tokenized/test/tokens_timelines_outcomes.parquet
exp2_primary_binary,classification,imv_event,soft_rope,brier,False,62438,0.0237345924151263,0.0227303700757353,0.0247046846152839,/gpfs/data/bbj-lab/users/daniel/input-representation-benchmark/outputs/runs/tokenized/mimiciv-3.1_meds_70-10-20/deciles_none_unfused_time_rope_first_24h-tokenized/test/logistic_regression-preds-base-primary_binary-model-soft-time_rope.pkl,/gpfs/data/bbj-lab/users/daniel/input-representation-benchmark/outputs/runs/tokenized/mimiciv-3.1_meds_70-10-20/deciles_none_unfused_time_rope_first_24h-tokenized/test/tokens_timelines_outcomes.parquet
exp2_primary_binary,classification,imv_event,soft_rope,ece_15,False,62438,0.0029165039421592,0.0022325188407657,0.0043899938320583,/gpfs/data/bbj-lab/users/daniel/input-representation-benchmark/outputs/runs/tokenized/mimiciv-3.1_meds_70-10-20/deciles_none_unfused_time_rope_first_24h-tokenized/test/logistic_regression-preds-base-primary_binary-model-soft-time_rope.pkl,/gpfs/data/bbj-lab/users/daniel/input-representation-benchmark/outputs/runs/tokenized/mimiciv-3.1_meds_70-10-20/deciles_none_unfused_time_rope_first_24h-tokenized/test/tokens_timelines_outcomes.parquet
exp2_primary_binary,classification,imv_event,xval_rope,roc_auc,True,62438,0.8543180978946188,0.8467600269367935,0.8621258082060138,/gpfs/data/bbj-lab/users/daniel/input-representation-benchmark/outputs/runs/tokenized/mimiciv-3.1_meds_70-10-20/deciles_none_unfused_time_rope_numencxval_first_24h-tokenized/test/logistic_regression-preds-base-primary_binary-model-xval-time_rope.pkl,/gpfs/data/bbj-lab/users/daniel/input-representation-benchmark/outputs/runs/tokenized/mimiciv-3.1_meds_70-10-20/deciles_none_unfused_time_rope_numencxval_first_24h-tokenized/test/tokens_timelines_outcomes.parquet
exp2_primary_binary,classification,imv_event,xval_rope,pr_auc,True,62438,0.4717408345283855,0.4517612287712968,0.4924661272570262,/gpfs/data/bbj-lab/users/daniel/input-representation-benchmark/outputs/runs/tokenized/mimiciv-3.1_meds_70-10-20/deciles_none_unfused_time_rope_numencxval_first_24h-tokenized/test/logistic_regression-preds-base-primary_binary-model-xval-time_rope.pkl,/gpfs/data/bbj-lab/users/daniel/input-representation-benchmark/outputs/runs/tokenized/mimiciv-3.1_meds_70-10-20/deciles_none_unfused_time_rope_numencxval_first_24h-tokenized/test/tokens_timelines_outcomes.parquet
exp2_primary_binary,classification,imv_event,xval_rope,brier,False,62438,0.0298422475627438,0.0286774619669007,0.0309701801997175,/gpfs/data/bbj-lab/users/daniel/input-representation-benchmark/outputs/runs/tokenized/mimiciv-3.1_meds_70-10-20/deciles_none_unfused_time_rope_numencxval_first_24h-tokenized/test/logistic_regression-preds-base-primary_binary-model-xval-time_rope.pkl,/gpfs/data/bbj-lab/users/daniel/input-representation-benchmark/outputs/runs/tokenized/mimiciv-3.1_meds_70-10-20/deciles_none_unfused_time_rope_numencxval_first_24h-tokenized/test/tokens_timelines_outcomes.parquet
exp2_primary_binary,classification,imv_event,xval_rope,ece_15,False,62438,0.0038034124609897,0.0028474880696081,0.0052697066637849,/gpfs/data/bbj-lab/users/daniel/input-representation-benchmark/outputs/runs/tokenized/mimiciv-3.1_meds_70-10-20/deciles_none_unfused_time_rope_numencxval_first_24h-tokenized/test/logistic_regression-preds-base-primary_binary-model-xval-time_rope.pkl,/gpfs/data/bbj-lab/users/daniel/input-representation-benchmark/outputs/runs/tokenized/mimiciv-3.1_meds_70-10-20/deciles_none_unfused_time_rope_numencxval_first_24h-tokenized/test/tokens_timelines_outcomes.parquet
exp2_primary_binary,classification,imv_event,xval_affine_rope,roc_auc,True,62438,0.8463557043018749,0.8385428946115061,0.8543540991413942,/gpfs/data/bbj-lab/users/daniel/input-representation-benchmark/outputs/runs/tokenized/mimiciv-3.1_meds_70-10-20/deciles_none_unfused_time_rope_numencxval_first_24h-tokenized/test/logistic_regression-preds-base-primary_binary-model-xval_affine-time_rope.pkl,/gpfs/data/bbj-lab/users/daniel/input-representation-benchmark/outputs/runs/tokenized/mimiciv-3.1_meds_70-10-20/deciles_none_unfused_time_rope_numencxval_first_24h-tokenized/test/tokens_timelines_outcomes.parquet
exp2_primary_binary,classification,imv_event,xval_affine_rope,pr_auc,True,62438,0.4485764873597985,0.4288538261419988,0.4692194736498388,/gpfs/data/bbj-lab/users/daniel/input-representation-benchmark/outputs/runs/tokenized/mimiciv-3.1_meds_70-10-20/deciles_none_unfused_time_rope_numencxval_first_24h-tokenized/test/logistic_regression-preds-base-primary_binary-model-xval_affine-time_rope.pkl,/gpfs/data/bbj-lab/users/daniel/input-representation-benchmark/outputs/runs/tokenized/mimiciv-3.1_meds_70-10-20/deciles_none_unfused_time_rope_numencxval_first_24h-tokenized/test/tokens_timelines_outcomes.parquet
exp2_primary_binary,classification,imv_event,xval_affine_rope,brier,False,62438,0.0309364459964651,0.0297743389120701,0.032064813981958,/gpfs/data/bbj-lab/users/daniel/input-representation-benchmark/outputs/runs/tokenized/mimiciv-3.1_meds_70-10-20/deciles_none_unfused_time_rope_numencxval_first_24h-tokenized/test/logistic_regression-preds-base-primary_binary-model-xval_affine-time_rope.pkl,/gpfs/data/bbj-lab/users/daniel/input-representation-benchmark/outputs/runs/tokenized/mimiciv-3.1_meds_70-10-20/deciles_none_unfused_time_rope_numencxval_first_24h-tokenized/test/tokens_timelines_outcomes.parquet
exp2_primary_binary,classification,imv_event,xval_affine_rope,ece_15,False,62438,0.0043965712744085,0.0034833577475285,0.0058969966073549,/gpfs/data/bbj-lab/users/daniel/input-representation-benchmark/outputs/runs/tokenized/mimiciv-3.1_meds_70-10-20/deciles_none_unfused_time_rope_numencxval_first_24h-tokenized/test/logistic_regression-preds-base-primary_binary-model-xval_affine-time_rope.pkl,/gpfs/data/bbj-lab/users/daniel/input-representation-benchmark/outputs/runs/tokenized/mimiciv-3.1_meds_70-10-20/deciles_none_unfused_time_rope_numencxval_first_24h-tokenized/test/tokens_timelines_outcomes.parquet
exp2_primary_binary,classification,long_length_of_stay,discrete_tt,roc_auc,True,63750,0.7846911797324656,0.7808021448019211,0.7886657911952516,/gpfs/data/bbj-lab/users/daniel/input-representation-benchmark/outputs/runs/tokenized/mimiciv-3.1_meds_70-10-20/deciles_none_unfused_time_tokens_first_24h-tokenized/test/logistic_regression-preds-base-primary_binary-model-discrete-time_tokens.pkl,/gpfs/data/bbj-lab/users/daniel/input-representation-benchmark/outputs/runs/tokenized/mimiciv-3.1_meds_70-10-20/deciles_none_unfused_time_tokens_first_24h-tokenized/test/tokens_timelines_outcomes.parquet
exp2_primary_binary,classification,long_length_of_stay,discrete_tt,pr_auc,True,63750,0.5088764549943583,0.5003461721775218,0.5176528406747444,/gpfs/data/bbj-lab/users/daniel/input-representation-benchmark/outputs/runs/tokenized/mimiciv-3.1_meds_70-10-20/deciles_none_unfused_time_tokens_first_24h-tokenized/test/logistic_regression-preds-base-primary_binary-model-discrete-time_tokens.pkl,/gpfs/data/bbj-lab/users/daniel/input-representation-benchmark/outputs/runs/tokenized/mimiciv-3.1_meds_70-10-20/deciles_none_unfused_time_tokens_first_24h-tokenized/test/tokens_timelines_outcomes.parquet
exp2_primary_binary,classification,long_length_of_stay,discrete_tt,brier,False,63750,0.1431714433930316,0.1415040771884912,0.1449343087934872,/gpfs/data/bbj-lab/users/daniel/input-representation-benchmark/outputs/runs/tokenized/mimiciv-3.1_meds_70-10-20/deciles_none_unfused_time_tokens_first_24h-tokenized/test/logistic_regression-preds-base-primary_binary-model-discrete-time_tokens.pkl,/gpfs/data/bbj-lab/users/daniel/input-representation-benchmark/outputs/runs/tokenized/mimiciv-3.1_meds_70-10-20/deciles_none_unfused_time_tokens_first_24h-tokenized/test/tokens_timelines_outcomes.parquet
exp2_primary_binary,classification,long_length_of_stay,discrete_tt,ece_15,False,63750,0.0122175820221541,0.0109781478662365,0.0159960460816069,/gpfs/data/bbj-lab/users/daniel/input-representation-benchmark/outputs/runs/tokenized/mimiciv-3.1_meds_70-10-20/deciles_none_unfused_time_tokens_first_24h-tokenized/test/logistic_regression-preds-base-primary_binary-model-discrete-time_tokens.pkl,/gpfs/data/bbj-lab/users/daniel/input-representation-benchmark/outputs/runs/tokenized/mimiciv-3.1_meds_70-10-20/deciles_none_unfused_time_tokens_first_24h-tokenized/test/tokens_timelines_outcomes.parquet
exp2_primary_binary,classification,long_length_of_stay,soft_tt,roc_auc,True,63750,0.7845632581251217,0.7806935658497166,0.7882422800383586,/gpfs/data/bbj-lab/users/daniel/input-representation-benchmark/outputs/runs/tokenized/mimiciv-3.1_meds_70-10-20/deciles_none_unfused_time_tokens_first_24h-tokenized/test/logistic_regression-preds-base-primary_binary-model-soft-time_tokens.pkl,/gpfs/data/bbj-lab/users/daniel/input-representation-benchmark/outputs/runs/tokenized/mimiciv-3.1_meds_70-10-20/deciles_none_unfused_time_tokens_first_24h-tokenized/test/tokens_timelines_outcomes.parquet
exp2_primary_binary,classification,long_length_of_stay,soft_tt,pr_auc,True,63750,0.5097915595546939,0.5013025134595824,0.5183883307159328,/gpfs/data/bbj-lab/users/daniel/input-representation-benchmark/outputs/runs/tokenized/mimiciv-3.1_meds_70-10-20/deciles_none_unfused_time_tokens_first_24h-tokenized/test/logistic_regression-preds-base-primary_binary-model-soft-time_tokens.pkl,/gpfs/data/bbj-lab/users/daniel/input-representation-benchmark/outputs/runs/tokenized/mimiciv-3.1_meds_70-10-20/deciles_none_unfused_time_tokens_first_24h-tokenized/test/tokens_timelines_outcomes.parquet
exp2_primary_binary,classification,long_length_of_stay,soft_tt,brier,False,63750,0.1430584736553869,0.1414397811112699,0.1447556188329551,/gpfs/data/bbj-lab/users/daniel/input-representation-benchmark/outputs/runs/tokenized/mimiciv-3.1_meds_70-10-20/deciles_none_unfused_time_tokens_first_24h-tokenized/test/logistic_regression-preds-base-primary_binary-model-soft-time_tokens.pkl,/gpfs/data/bbj-lab/users/daniel/input-representation-benchmark/outputs/runs/tokenized/mimiciv-3.1_meds_70-10-20/deciles_none_unfused_time_tokens_first_24h-tokenized/test/tokens_timelines_outcomes.parquet
exp2_primary_binary,classification,long_length_of_stay,soft_tt,ece_15,False,63750,0.0102188888587113,0.009195459209081,0.0140531827915524,/gpfs/data/bbj-lab/users/daniel/input-representation-benchmark/outputs/runs/tokenized/mimiciv-3.1_meds_70-10-20/deciles_none_unfused_time_tokens_first_24h-tokenized/test/logistic_regression-preds-base-primary_binary-model-soft-time_tokens.pkl,/gpfs/data/bbj-lab/users/daniel/input-representation-benchmark/outputs/runs/tokenized/mimiciv-3.1_meds_70-10-20/deciles_none_unfused_time_tokens_first_24h-tokenized/test/tokens_timelines_outcomes.parquet
exp2_primary_binary,classification,long_length_of_stay,xval_tt,roc_auc,True,63750,0.7287252005366135,0.7242336476649547,0.7334337708914576,/gpfs/data/bbj-lab/users/daniel/input-representation-benchmark/outputs/runs/tokenized/mimiciv-3.1_meds_70-10-20/deciles_none_unfused_time_tokens_numencxval_first_24h-tokenized/test/logistic_regression-preds-base-primary_binary-model-xval-time_tokens.pkl,/gpfs/data/bbj-lab/users/daniel/input-representation-benchmark/outputs/runs/tokenized/mimiciv-3.1_meds_70-10-20/deciles_none_unfused_time_tokens_numencxval_first_24h-tokenized/test/tokens_timelines_outcomes.parquet
exp2_primary_binary,classification,long_length_of_stay,xval_tt,pr_auc,True,63750,0.442313097202452,0.4339277862699044,0.4508292881225431,/gpfs/data/bbj-lab/users/daniel/input-representation-benchmark/outputs/runs/tokenized/mimiciv-3.1_meds_70-10-20/deciles_none_unfused_time_tokens_numencxval_first_24h-tokenized/test/logistic_regression-preds-base-primary_binary-model-xval-time_tokens.pkl,/gpfs/data/bbj-lab/users/daniel/input-representation-benchmark/outputs/runs/tokenized/mimiciv-3.1_meds_70-10-20/deciles_none_unfused_time_tokens_numencxval_first_24h-tokenized/test/tokens_timelines_outcomes.parquet
exp2_primary_binary,classification,long_length_of_stay,xval_tt,brier,False,63750,0.1535939223350351,0.1519314789887501,0.1552525518033624,/gpfs/data/bbj-lab/users/daniel/input-representation-benchmark/outputs/runs/tokenized/mimiciv-3.1_meds_70-10-20/deciles_none_unfused_time_tokens_numencxval_first_24h-tokenized/test/logistic_regression-preds-base-primary_binary-model-xval-time_tokens.pkl,/gpfs/data/bbj-lab/users/daniel/input-representation-benchmark/outputs/runs/tokenized/mimiciv-3.1_meds_70-10-20/deciles_none_unfused_time_tokens_numencxval_first_24h-tokenized/test/tokens_timelines_outcomes.parquet
exp2_primary_binary,classification,long_length_of_stay,xval_tt,ece_15,False,63750,0.0088661297110891,0.0081275384532081,0.0129535527045274,/gpfs/data/bbj-lab/users/daniel/input-representation-benchmark/outputs/runs/tokenized/mimiciv-3.1_meds_70-10-20/deciles_none_unfused_time_tokens_numencxval_first_24h-tokenized/test/logistic_regression-preds-base-primary_binary-model-xval-time_tokens.pkl,/gpfs/data/bbj-lab/users/daniel/input-representation-benchmark/outputs/runs/tokenized/mimiciv-3.1_meds_70-10-20/deciles_none_unfused_time_tokens_numencxval_first_24h-tokenized/test/tokens_timelines_outcomes.parquet
exp2_primary_binary,classification,long_length_of_stay,xval_affine_tt,roc_auc,True,63750,0.7222330360691847,0.7175519592496477,0.7266175536682704,/gpfs/data/bbj-lab/users/daniel/input-representation-benchmark/outputs/runs/tokenized/mimiciv-3.1_meds_70-10-20/deciles_none_unfused_time_tokens_numencxval_first_24h-tokenized/test/logistic_regression-preds-base-primary_binary-model-xval_affine-time_tokens.pkl,/gpfs/data/bbj-lab/users/daniel/input-representation-benchmark/outputs/runs/tokenized/mimiciv-3.1_meds_70-10-20/deciles_none_unfused_time_tokens_numencxval_first_24h-tokenized/test/tokens_timelines_outcomes.parquet
exp2_primary_binary,classification,long_length_of_stay,xval_affine_tt,pr_auc,True,63750,0.4351426041951676,0.4273776688413966,0.4433059993811352,/gpfs/data/bbj-lab/users/daniel/input-representation-benchmark/outputs/runs/tokenized/mimiciv-3.1_meds_70-10-20/deciles_none_unfused_time_tokens_numencxval_first_24h-tokenized/test/logistic_regression-preds-base-primary_binary-model-xval_affine-time_tokens.pkl,/gpfs/data/bbj-lab/users/daniel/input-representation-benchmark/outputs/runs/tokenized/mimiciv-3.1_meds_70-10-20/deciles_none_unfused_time_tokens_numencxval_first_24h-tokenized/test/tokens_timelines_outcomes.parquet
exp2_primary_binary,classification,long_length_of_stay,xval_affine_tt,brier,False,63750,0.1545146307629013,0.1528265226437006,0.1562638020407334,/gpfs/data/bbj-lab/users/daniel/input-representation-benchmark/outputs/runs/tokenized/mimiciv-3.1_meds_70-10-20/deciles_none_unfused_time_tokens_numencxval_first_24h-tokenized/test/logistic_regression-preds-base-primary_binary-model-xval_affine-time_tokens.pkl,/gpfs/data/bbj-lab/users/daniel/input-representation-benchmark/outputs/runs/tokenized/mimiciv-3.1_meds_70-10-20/deciles_none_unfused_time_tokens_numencxval_first_24h-tokenized/test/tokens_timelines_outcomes.parquet
exp2_primary_binary,classification,long_length_of_stay,xval_affine_tt,ece_15,False,63750,0.0076554487993066,0.0060879787161449,0.0110380768523057,/gpfs/data/bbj-lab/users/daniel/input-representation-benchmark/outputs/runs/tokenized/mimiciv-3.1_meds_70-10-20/deciles_none_unfused_time_tokens_numencxval_first_24h-tokenized/test/logistic_regression-preds-base-primary_binary-model-xval_affine-time_tokens.pkl,/gpfs/data/bbj-lab/users/daniel/input-representation-benchmark/outputs/runs/tokenized/mimiciv-3.1_meds_70-10-20/deciles_none_unfused_time_tokens_numencxval_first_24h-tokenized/test/tokens_timelines_outcomes.parquet
exp2_primary_binary,classification,long_length_of_stay,discrete_rope,roc_auc,True,63750,0.7870838231674921,0.7832460769940977,0.7910276718469552,/gpfs/data/bbj-lab/users/daniel/input-representation-benchmark/outputs/runs/tokenized/mimiciv-3.1_meds_70-10-20/deciles_none_unfused_time_rope_first_24h-tokenized/test/logistic_regression-preds-base-primary_binary-model-discrete-time_rope.pkl,/gpfs/data/bbj-lab/users/daniel/input-representation-benchmark/outputs/runs/tokenized/mimiciv-3.1_meds_70-10-20/deciles_none_unfused_time_rope_first_24h-tokenized/test/tokens_timelines_outcomes.parquet
exp2_primary_binary,classification,long_length_of_stay,discrete_rope,pr_auc,True,63750,0.510350639115471,0.5014661975330406,0.5194770732227655,/gpfs/data/bbj-lab/users/daniel/input-representation-benchmark/outputs/runs/tokenized/mimiciv-3.1_meds_70-10-20/deciles_none_unfused_time_rope_first_24h-tokenized/test/logistic_regression-preds-base-primary_binary-model-discrete-time_rope.pkl,/gpfs/data/bbj-lab/users/daniel/input-representation-benchmark/outputs/runs/tokenized/mimiciv-3.1_meds_70-10-20/deciles_none_unfused_time_rope_first_24h-tokenized/test/tokens_timelines_outcomes.parquet
exp2_primary_binary,classification,long_length_of_stay,discrete_rope,brier,False,63750,0.1426553142033579,0.1410641858419292,0.1442870187142897,/gpfs/data/bbj-lab/users/daniel/input-representation-benchmark/outputs/runs/tokenized/mimiciv-3.1_meds_70-10-20/deciles_none_unfused_time_rope_first_24h-tokenized/test/logistic_regression-preds-base-primary_binary-model-discrete-time_rope.pkl,/gpfs/data/bbj-lab/users/daniel/input-representation-benchmark/outputs/runs/tokenized/mimiciv-3.1_meds_70-10-20/deciles_none_unfused_time_rope_first_24h-tokenized/test/tokens_timelines_outcomes.parquet
exp2_primary_binary,classification,long_length_of_stay,discrete_rope,ece_15,False,63750,0.012373476118617,0.0104697918478653,0.0157697712145845,/gpfs/data/bbj-lab/users/daniel/input-representation-benchmark/outputs/runs/tokenized/mimiciv-3.1_meds_70-10-20/deciles_none_unfused_time_rope_first_24h-tokenized/test/logistic_regression-preds-base-primary_binary-model-discrete-time_rope.pkl,/gpfs/data/bbj-lab/users/daniel/input-representation-benchmark/outputs/runs/tokenized/mimiciv-3.1_meds_70-10-20/deciles_none_unfused_time_rope_first_24h-tokenized/test/tokens_timelines_outcomes.parquet
exp2_primary_binary,classification,long_length_of_stay,soft_rope,roc_auc,True,63750,0.7836930011766162,0.779756644820112,0.7876296862302107,/gpfs/data/bbj-lab/users/daniel/input-representation-benchmark/outputs/runs/tokenized/mimiciv-3.1_meds_70-10-20/deciles_none_unfused_time_rope_first_24h-tokenized/test/logistic_regression-preds-base-primary_binary-model-soft-time_rope.pkl,/gpfs/data/bbj-lab/users/daniel/input-representation-benchmark/outputs/runs/tokenized/mimiciv-3.1_meds_70-10-20/deciles_none_unfused_time_rope_first_24h-tokenized/test/tokens_timelines_outcomes.parquet
exp2_primary_binary,classification,long_length_of_stay,soft_rope,pr_auc,True,63750,0.5061795807071687,0.4974153231291146,0.5149305068635492,/gpfs/data/bbj-lab/users/daniel/input-representation-benchmark/outputs/runs/tokenized/mimiciv-3.1_meds_70-10-20/deciles_none_unfused_time_rope_first_24h-tokenized/test/logistic_regression-preds-base-primary_binary-model-soft-time_rope.pkl,/gpfs/data/bbj-lab/users/daniel/input-representation-benchmark/outputs/runs/tokenized/mimiciv-3.1_meds_70-10-20/deciles_none_unfused_time_rope_first_24h-tokenized/test/tokens_timelines_outcomes.parquet
exp2_primary_binary,classification,long_length_of_stay,soft_rope,brier,False,63750,0.1434489866895032,0.1418861768367903,0.1450997564050906,/gpfs/data/bbj-lab/users/daniel/input-representation-benchmark/outputs/runs/tokenized/mimiciv-3.1_meds_70-10-20/deciles_none_unfused_time_rope_first_24h-tokenized/test/logistic_regression-preds-base-primary_binary-model-soft-time_rope.pkl,/gpfs/data/bbj-lab/users/daniel/input-representation-benchmark/outputs/runs/tokenized/mimiciv-3.1_meds_70-10-20/deciles_none_unfused_time_rope_first_24h-tokenized/test/tokens_timelines_outcomes.parquet
exp2_primary_binary,classification,long_length_of_stay,soft_rope,ece_15,False,63750,0.0120520302873576,0.0106474869421972,0.0155603199718658,/gpfs/data/bbj-lab/users/daniel/input-representation-benchmark/outputs/runs/tokenized/mimiciv-3.1_meds_70-10-20/deciles_none_unfused_time_rope_first_24h-tokenized/test/logistic_regression-preds-base-primary_binary-model-soft-time_rope.pkl,/gpfs/data/bbj-lab/users/daniel/input-representation-benchmark/outputs/runs/tokenized/mimiciv-3.1_meds_70-10-20/deciles_none_unfused_time_rope_first_24h-tokenized/test/tokens_timelines_outcomes.parquet
exp2_primary_binary,classification,long_length_of_stay,xval_rope,roc_auc,True,63750,0.7283889475131659,0.7240247804834491,0.7328996479110318,/gpfs/data/bbj-lab/users/daniel/input-representation-benchmark/outputs/runs/tokenized/mimiciv-3.1_meds_70-10-20/deciles_none_unfused_time_rope_numencxval_first_24h-tokenized/test/logistic_regression-preds-base-primary_binary-model-xval-time_rope.pkl,/gpfs/data/bbj-lab/users/daniel/input-representation-benchmark/outputs/runs/tokenized/mimiciv-3.1_meds_70-10-20/deciles_none_unfused_time_rope_numencxval_first_24h-tokenized/test/tokens_timelines_outcomes.parquet
exp2_primary_binary,classification,long_length_of_stay,xval_rope,pr_auc,True,63750,0.4428497601417098,0.4342801131970655,0.4514924849090363,/gpfs/data/bbj-lab/users/daniel/input-representation-benchmark/outputs/runs/tokenized/mimiciv-3.1_meds_70-10-20/deciles_none_unfused_time_rope_numencxval_first_24h-tokenized/test/logistic_regression-preds-base-primary_binary-model-xval-time_rope.pkl,/gpfs/data/bbj-lab/users/daniel/input-representation-benchmark/outputs/runs/tokenized/mimiciv-3.1_meds_70-10-20/deciles_none_unfused_time_rope_numencxval_first_24h-tokenized/test/tokens_timelines_outcomes.parquet
exp2_primary_binary,classification,long_length_of_stay,xval_rope,brier,False,63750,0.1536178227938369,0.15202455311281,0.1552539448615869,/gpfs/data/bbj-lab/users/daniel/input-representation-benchmark/outputs/runs/tokenized/mimiciv-3.1_meds_70-10-20/deciles_none_unfused_time_rope_numencxval_first_24h-tokenized/test/logistic_regression-preds-base-primary_binary-model-xval-time_rope.pkl,/gpfs/data/bbj-lab/users/daniel/input-representation-benchmark/outputs/runs/tokenized/mimiciv-3.1_meds_70-10-20/deciles_none_unfused_time_rope_numencxval_first_24h-tokenized/test/tokens_timelines_outcomes.parquet
exp2_primary_binary,classification,long_length_of_stay,xval_rope,ece_15,False,63750,0.0119431314349086,0.0079464766145453,0.0129769388139078,/gpfs/data/bbj-lab/users/daniel/input-representation-benchmark/outputs/runs/tokenized/mimiciv-3.1_meds_70-10-20/deciles_none_unfused_time_rope_numencxval_first_24h-tokenized/test/logistic_regression-preds-base-primary_binary-model-xval-time_rope.pkl,/gpfs/data/bbj-lab/users/daniel/input-representation-benchmark/outputs/runs/tokenized/mimiciv-3.1_meds_70-10-20/deciles_none_unfused_time_rope_numencxval_first_24h-tokenized/test/tokens_timelines_outcomes.parquet
exp2_primary_binary,classification,long_length_of_stay,xval_affine_rope,roc_auc,True,63750,0.7186301744037653,0.714276301126257,0.7234072309338473,/gpfs/data/bbj-lab/users/daniel/input-representation-benchmark/outputs/runs/tokenized/mimiciv-3.1_meds_70-10-20/deciles_none_unfused_time_rope_numencxval_first_24h-tokenized/test/logistic_regression-preds-base-primary_binary-model-xval_affine-time_rope.pkl,/gpfs/data/bbj-lab/users/daniel/input-representation-benchmark/outputs/runs/tokenized/mimiciv-3.1_meds_70-10-20/deciles_none_unfused_time_rope_numencxval_first_24h-tokenized/test/tokens_timelines_outcomes.parquet
exp2_primary_binary,classification,long_length_of_stay,xval_affine_rope,pr_auc,True,63750,0.4254705786702253,0.4173990900906884,0.4341289378771391,/gpfs/data/bbj-lab/users/daniel/input-representation-benchmark/outputs/runs/tokenized/mimiciv-3.1_meds_70-10-20/deciles_none_unfused_time_rope_numencxval_first_24h-tokenized/test/logistic_regression-preds-base-primary_binary-model-xval_affine-time_rope.pkl,/gpfs/data/bbj-lab/users/daniel/input-representation-benchmark/outputs/runs/tokenized/mimiciv-3.1_meds_70-10-20/deciles_none_unfused_time_rope_numencxval_first_24h-tokenized/test/tokens_timelines_outcomes.parquet
exp2_primary_binary,classification,long_length_of_stay,xval_affine_rope,brier,False,63750,0.1556454803465856,0.1539878763318207,0.1573586253253127,/gpfs/data/bbj-lab/users/daniel/input-representation-benchmark/outputs/runs/tokenized/mimiciv-3.1_meds_70-10-20/deciles_none_unfused_time_rope_numencxval_first_24h-tokenized/test/logistic_regression-preds-base-primary_binary-model-xval_affine-time_rope.pkl,/gpfs/data/bbj-lab/users/daniel/input-representation-benchmark/outputs/runs/tokenized/mimiciv-3.1_meds_70-10-20/deciles_none_unfused_time_rope_numencxval_first_24h-tokenized/test/tokens_timelines_outcomes.parquet
exp2_primary_binary,classification,long_length_of_stay,xval_affine_rope,ece_15,False,63750,0.010535227425402,0.0070881212766498,0.0119764853491609,/gpfs/data/bbj-lab/users/daniel/input-representation-benchmark/outputs/runs/tokenized/mimiciv-3.1_meds_70-10-20/deciles_none_unfused_time_rope_numencxval_first_24h-tokenized/test/logistic_regression-preds-base-primary_binary-model-xval_affine-time_rope.pkl,/gpfs/data/bbj-lab/users/daniel/input-representation-benchmark/outputs/runs/tokenized/mimiciv-3.1_meds_70-10-20/deciles_none_unfused_time_rope_numencxval_first_24h-tokenized/test/tokens_timelines_outcomes.parquet
exp2_primary_binary,classification,same_admission_death,discrete_tt,roc_auc,True,63750,0.9116825281326968,0.9048363828799706,0.9187324810909206,/gpfs/data/bbj-lab/users/daniel/input-representation-benchmark/outputs/runs/tokenized/mimiciv-3.1_meds_70-10-20/deciles_none_unfused_time_tokens_first_24h-tokenized/test/logistic_regression-preds-base-primary_binary-model-discrete-time_tokens.pkl,/gpfs/data/bbj-lab/users/daniel/input-representation-benchmark/outputs/runs/tokenized/mimiciv-3.1_meds_70-10-20/deciles_none_unfused_time_tokens_first_24h-tokenized/test/tokens_timelines_outcomes.parquet
exp2_primary_binary,classification,same_admission_death,discrete_tt,pr_auc,True,63750,0.348348351245589,0.3229261947904177,0.3762615439757528,/gpfs/data/bbj-lab/users/daniel/input-representation-benchmark/outputs/runs/tokenized/mimiciv-3.1_meds_70-10-20/deciles_none_unfused_time_tokens_first_24h-tokenized/test/logistic_regression-preds-base-primary_binary-model-discrete-time_tokens.pkl,/gpfs/data/bbj-lab/users/daniel/input-representation-benchmark/outputs/runs/tokenized/mimiciv-3.1_meds_70-10-20/deciles_none_unfused_time_tokens_first_24h-tokenized/test/tokens_timelines_outcomes.parquet
exp2_primary_binary,classification,same_admission_death,discrete_tt,brier,False,63750,0.0183926449762123,0.017525945095792,0.0192490130589129,/gpfs/data/bbj-lab/users/daniel/input-representation-benchmark/outputs/runs/tokenized/mimiciv-3.1_meds_70-10-20/deciles_none_unfused_time_tokens_first_24h-tokenized/test/logistic_regression-preds-base-primary_binary-model-discrete-time_tokens.pkl,/gpfs/data/bbj-lab/users/daniel/input-representation-benchmark/outputs/runs/tokenized/mimiciv-3.1_meds_70-10-20/deciles_none_unfused_time_tokens_first_24h-tokenized/test/tokens_timelines_outcomes.parquet
exp2_primary_binary,classification,same_admission_death,discrete_tt,ece_15,False,63750,0.0014397480924909,0.0010285903078014,0.002821859512868,/gpfs/data/bbj-lab/users/daniel/input-representation-benchmark/outputs/runs/tokenized/mimiciv-3.1_meds_70-10-20/deciles_none_unfused_time_tokens_first_24h-tokenized/test/logistic_regression-preds-base-primary_binary-model-discrete-time_tokens.pkl,/gpfs/data/bbj-lab/users/daniel/input-representation-benchmark/outputs/runs/tokenized/mimiciv-3.1_meds_70-10-20/deciles_none_unfused_time_tokens_first_24h-tokenized/test/tokens_timelines_outcomes.parquet
exp2_primary_binary,classification,same_admission_death,soft_tt,roc_auc,True,63750,0.9059646596461732,0.8985143201070771,0.9133535083828244,/gpfs/data/bbj-lab/users/daniel/input-representation-benchmark/outputs/runs/tokenized/mimiciv-3.1_meds_70-10-20/deciles_none_unfused_time_tokens_first_24h-tokenized/test/logistic_regression-preds-base-primary_binary-model-soft-time_tokens.pkl,/gpfs/data/bbj-lab/users/daniel/input-representation-benchmark/outputs/runs/tokenized/mimiciv-3.1_meds_70-10-20/deciles_none_unfused_time_tokens_first_24h-tokenized/test/tokens_timelines_outcomes.parquet
exp2_primary_binary,classification,same_admission_death,soft_tt,pr_auc,True,63750,0.3245218363826539,0.3005587420526723,0.3514962359650938,/gpfs/data/bbj-lab/users/daniel/input-representation-benchmark/outputs/runs/tokenized/mimiciv-3.1_meds_70-10-20/deciles_none_unfused_time_tokens_first_24h-tokenized/test/logistic_regression-preds-base-primary_binary-model-soft-time_tokens.pkl,/gpfs/data/bbj-lab/users/daniel/input-representation-benchmark/outputs/runs/tokenized/mimiciv-3.1_meds_70-10-20/deciles_none_unfused_time_tokens_first_24h-tokenized/test/tokens_timelines_outcomes.parquet
exp2_primary_binary,classification,same_admission_death,soft_tt,brier,False,63750,0.018746782150412,0.0178367995293278,0.0196224687561822,/gpfs/data/bbj-lab/users/daniel/input-representation-benchmark/outputs/runs/tokenized/mimiciv-3.1_meds_70-10-20/deciles_none_unfused_time_tokens_first_24h-tokenized/test/logistic_regression-preds-base-primary_binary-model-soft-time_tokens.pkl,/gpfs/data/bbj-lab/users/daniel/input-representation-benchmark/outputs/runs/tokenized/mimiciv-3.1_meds_70-10-20/deciles_none_unfused_time_tokens_first_24h-tokenized/test/tokens_timelines_outcomes.parquet
exp2_primary_binary,classification,same_admission_death,soft_tt,ece_15,False,63750,0.0014933074728855,0.0010628645573667,0.0028395702979563,/gpfs/data/bbj-lab/users/daniel/input-representation-benchmark/outputs/runs/tokenized/mimiciv-3.1_meds_70-10-20/deciles_none_unfused_time_tokens_first_24h-tokenized/test/logistic_regression-preds-base-primary_binary-model-soft-time_tokens.pkl,/gpfs/data/bbj-lab/users/daniel/input-representation-benchmark/outputs/runs/tokenized/mimiciv-3.1_meds_70-10-20/deciles_none_unfused_time_tokens_first_24h-tokenized/test/tokens_timelines_outcomes.parquet
exp2_primary_binary,classification,same_admission_death,xval_tt,roc_auc,True,63750,0.848728758472046,0.8384762886558,0.8589152926314736,/gpfs/data/bbj-lab/users/daniel/input-representation-benchmark/outputs/runs/tokenized/mimiciv-3.1_meds_70-10-20/deciles_none_unfused_time_tokens_numencxval_first_24h-tokenized/test/logistic_regression-preds-base-primary_binary-model-xval-time_tokens.pkl,/gpfs/data/bbj-lab/users/daniel/input-representation-benchmark/outputs/runs/tokenized/mimiciv-3.1_meds_70-10-20/deciles_none_unfused_time_tokens_numencxval_first_24h-tokenized/test/tokens_timelines_outcomes.parquet
exp2_primary_binary,classification,same_admission_death,xval_tt,pr_auc,True,63750,0.2741732371240772,0.2501899563572132,0.2988967614310595,/gpfs/data/bbj-lab/users/daniel/input-representation-benchmark/outputs/runs/tokenized/mimiciv-3.1_meds_70-10-20/deciles_none_unfused_time_tokens_numencxval_first_24h-tokenized/test/logistic_regression-preds-base-primary_binary-model-xval-time_tokens.pkl,/gpfs/data/bbj-lab/users/daniel/input-representation-benchmark/outputs/runs/tokenized/mimiciv-3.1_meds_70-10-20/deciles_none_unfused_time_tokens_numencxval_first_24h-tokenized/test/tokens_timelines_outcomes.parquet
exp2_primary_binary,classification,same_admission_death,xval_tt,brier,False,63750,0.0196355272682433,0.0187214012927448,0.0206262859059205,/gpfs/data/bbj-lab/users/daniel/input-representation-benchmark/outputs/runs/tokenized/mimiciv-3.1_meds_70-10-20/deciles_none_unfused_time_tokens_numencxval_first_24h-tokenized/test/logistic_regression-preds-base-primary_binary-model-xval-time_tokens.pkl,/gpfs/data/bbj-lab/users/daniel/input-representation-benchmark/outputs/runs/tokenized/mimiciv-3.1_meds_70-10-20/deciles_none_unfused_time_tokens_numencxval_first_24h-tokenized/test/tokens_timelines_outcomes.parquet
exp2_primary_binary,classification,same_admission_death,xval_tt,ece_15,False,63750,0.0021248597036693,0.0015909197623219,0.0034707897183526,/gpfs/data/bbj-lab/users/daniel/input-representation-benchmark/outputs/runs/tokenized/mimiciv-3.1_meds_70-10-20/deciles_none_unfused_time_tokens_numencxval_first_24h-tokenized/test/logistic_regression-preds-base-primary_binary-model-xval-time_tokens.pkl,/gpfs/data/bbj-lab/users/daniel/input-representation-benchmark/outputs/runs/tokenized/mimiciv-3.1_meds_70-10-20/deciles_none_unfused_time_tokens_numencxval_first_24h-tokenized/test/tokens_timelines_outcomes.parquet
exp2_primary_binary,classification,same_admission_death,xval_affine_tt,roc_auc,True,63750,0.8378496165785821,0.8270140861403592,0.8486573541121942,/gpfs/data/bbj-lab/users/daniel/input-representation-benchmark/outputs/runs/tokenized/mimiciv-3.1_meds_70-10-20/deciles_none_unfused_time_tokens_numencxval_first_24h-tokenized/test/logistic_regression-preds-base-primary_binary-model-xval_affine-time_tokens.pkl,/gpfs/data/bbj-lab/users/daniel/input-representation-benchmark/outputs/runs/tokenized/mimiciv-3.1_meds_70-10-20/deciles_none_unfused_time_tokens_numencxval_first_24h-tokenized/test/tokens_timelines_outcomes.parquet
exp2_primary_binary,classification,same_admission_death,xval_affine_tt,pr_auc,True,63750,0.2583117231245584,0.2349918432001352,0.2830319368862568,/gpfs/data/bbj-lab/users/daniel/input-representation-benchmark/outputs/runs/tokenized/mimiciv-3.1_meds_70-10-20/deciles_none_unfused_time_tokens_numencxval_first_24h-tokenized/test/logistic_regression-preds-base-primary_binary-model-xval_affine-time_tokens.pkl,/gpfs/data/bbj-lab/users/daniel/input-representation-benchmark/outputs/runs/tokenized/mimiciv-3.1_meds_70-10-20/deciles_none_unfused_time_tokens_numencxval_first_24h-tokenized/test/tokens_timelines_outcomes.parquet
exp2_primary_binary,classification,same_admission_death,xval_affine_tt,brier,False,63750,0.0198421506190906,0.0189597388761584,0.0208790634289499,/gpfs/data/bbj-lab/users/daniel/input-representation-benchmark/outputs/runs/tokenized/mimiciv-3.1_meds_70-10-20/deciles_none_unfused_time_tokens_numencxval_first_24h-tokenized/test/logistic_regression-preds-base-primary_binary-model-xval_affine-time_tokens.pkl,/gpfs/data/bbj-lab/users/daniel/input-representation-benchmark/outputs/runs/tokenized/mimiciv-3.1_meds_70-10-20/deciles_none_unfused_time_tokens_numencxval_first_24h-tokenized/test/tokens_timelines_outcomes.parquet
exp2_primary_binary,classification,same_admission_death,xval_affine_tt,ece_15,False,63750,0.0023559686357762,0.0015829599514103,0.0034551742774863,/gpfs/data/bbj-lab/users/daniel/input-representation-benchmark/outputs/runs/tokenized/mimiciv-3.1_meds_70-10-20/deciles_none_unfused_time_tokens_numencxval_first_24h-tokenized/test/logistic_regression-preds-base-primary_binary-model-xval_affine-time_tokens.pkl,/gpfs/data/bbj-lab/users/daniel/input-representation-benchmark/outputs/runs/tokenized/mimiciv-3.1_meds_70-10-20/deciles_none_unfused_time_tokens_numencxval_first_24h-tokenized/test/tokens_timelines_outcomes.parquet
exp2_primary_binary,classification,same_admission_death,discrete_rope,roc_auc,True,63750,0.9112776423152538,0.9037715839202266,0.918226282313793,/gpfs/data/bbj-lab/users/daniel/input-representation-benchmark/outputs/runs/tokenized/mimiciv-3.1_meds_70-10-20/deciles_none_unfused_time_rope_first_24h-tokenized/test/logistic_regression-preds-base-primary_binary-model-discrete-time_rope.pkl,/gpfs/data/bbj-lab/users/daniel/input-representation-benchmark/outputs/runs/tokenized/mimiciv-3.1_meds_70-10-20/deciles_none_unfused_time_rope_first_24h-tokenized/test/tokens_timelines_outcomes.parquet
exp2_primary_binary,classification,same_admission_death,discrete_rope,pr_auc,True,63750,0.3519417565441552,0.3255117604410443,0.3773809067451469,/gpfs/data/bbj-lab/users/daniel/input-representation-benchmark/outputs/runs/tokenized/mimiciv-3.1_meds_70-10-20/deciles_none_unfused_time_rope_first_24h-tokenized/test/logistic_regression-preds-base-primary_binary-model-discrete-time_rope.pkl,/gpfs/data/bbj-lab/users/daniel/input-representation-benchmark/outputs/runs/tokenized/mimiciv-3.1_meds_70-10-20/deciles_none_unfused_time_rope_first_24h-tokenized/test/tokens_timelines_outcomes.parquet
exp2_primary_binary,classification,same_admission_death,discrete_rope,brier,False,63750,0.0183510658014199,0.0174792074083697,0.0191811260470391,/gpfs/data/bbj-lab/users/daniel/input-representation-benchmark/outputs/runs/tokenized/mimiciv-3.1_meds_70-10-20/deciles_none_unfused_time_rope_first_24h-tokenized/test/logistic_regression-preds-base-primary_binary-model-discrete-time_rope.pkl,/gpfs/data/bbj-lab/users/daniel/input-representation-benchmark/outputs/runs/tokenized/mimiciv-3.1_meds_70-10-20/deciles_none_unfused_time_rope_first_24h-tokenized/test/tokens_timelines_outcomes.parquet
exp2_primary_binary,classification,same_admission_death,discrete_rope,ece_15,False,63750,0.0017803949645415,0.0012186833677008,0.0030579438519334,/gpfs/data/bbj-lab/users/daniel/input-representation-benchmark/outputs/runs/tokenized/mimiciv-3.1_meds_70-10-20/deciles_none_unfused_time_rope_first_24h-tokenized/test/logistic_regression-preds-base-primary_binary-model-discrete-time_rope.pkl,/gpfs/data/bbj-lab/users/daniel/input-representation-benchmark/outputs/runs/tokenized/mimiciv-3.1_meds_70-10-20/deciles_none_unfused_time_rope_first_24h-tokenized/test/tokens_timelines_outcomes.parquet
exp2_primary_binary,classification,same_admission_death,soft_rope,roc_auc,True,63750,0.9091490630853468,0.9018308222955256,0.9160569000550388,/gpfs/data/bbj-lab/users/daniel/input-representation-benchmark/outputs/runs/tokenized/mimiciv-3.1_meds_70-10-20/deciles_none_unfused_time_rope_first_24h-tokenized/test/logistic_regression-preds-base-primary_binary-model-soft-time_rope.pkl,/gpfs/data/bbj-lab/users/daniel/input-representation-benchmark/outputs/runs/tokenized/mimiciv-3.1_meds_70-10-20/deciles_none_unfused_time_rope_first_24h-tokenized/test/tokens_timelines_outcomes.parquet
exp2_primary_binary,classification,same_admission_death,soft_rope,pr_auc,True,63750,0.3365393607217543,0.3090226409553189,0.3616315307152749,/gpfs/data/bbj-lab/users/daniel/input-representation-benchmark/outputs/runs/tokenized/mimiciv-3.1_meds_70-10-20/deciles_none_unfused_time_rope_first_24h-tokenized/test/logistic_regression-preds-base-primary_binary-model-soft-time_rope.pkl,/gpfs/data/bbj-lab/users/daniel/input-representation-benchmark/outputs/runs/tokenized/mimiciv-3.1_meds_70-10-20/deciles_none_unfused_time_rope_first_24h-tokenized/test/tokens_timelines_outcomes.parquet
exp2_primary_binary,classification,same_admission_death,soft_rope,brier,False,63750,0.0185788643807142,0.017704296424313,0.0194570832103365,/gpfs/data/bbj-lab/users/daniel/input-representation-benchmark/outputs/runs/tokenized/mimiciv-3.1_meds_70-10-20/deciles_none_unfused_time_rope_first_24h-tokenized/test/logistic_regression-preds-base-primary_binary-model-soft-time_rope.pkl,/gpfs/data/bbj-lab/users/daniel/input-representation-benchmark/outputs/runs/tokenized/mimiciv-3.1_meds_70-10-20/deciles_none_unfused_time_rope_first_24h-tokenized/test/tokens_timelines_outcomes.parquet
exp2_primary_binary,classification,same_admission_death,soft_rope,ece_15,False,63750,0.0018423249312164,0.001268944493906,0.0031126519760811,/gpfs/data/bbj-lab/users/daniel/input-representation-benchmark/outputs/runs/tokenized/mimiciv-3.1_meds_70-10-20/deciles_none_unfused_time_rope_first_24h-tokenized/test/logistic_regression-preds-base-primary_binary-model-soft-time_rope.pkl,/gpfs/data/bbj-lab/users/daniel/input-representation-benchmark/outputs/runs/tokenized/mimiciv-3.1_meds_70-10-20/deciles_none_unfused_time_rope_first_24h-tokenized/test/tokens_timelines_outcomes.parquet
exp2_primary_binary,classification,same_admission_death,xval_rope,roc_auc,True,63750,0.8518988551618362,0.842207605976075,0.8620992759055524,/gpfs/data/bbj-lab/users/daniel/input-representation-benchmark/outputs/runs/tokenized/mimiciv-3.1_meds_70-10-20/deciles_none_unfused_time_rope_numencxval_first_24h-tokenized/test/logistic_regression-preds-base-primary_binary-model-xval-time_rope.pkl,/gpfs/data/bbj-lab/users/daniel/input-representation-benchmark/outputs/runs/tokenized/mimiciv-3.1_meds_70-10-20/deciles_none_unfused_time_rope_numencxval_first_24h-tokenized/test/tokens_timelines_outcomes.parquet
exp2_primary_binary,classification,same_admission_death,xval_rope,pr_auc,True,63750,0.2657689732978481,0.2421879842312541,0.2916261232224065,/gpfs/data/bbj-lab/users/daniel/input-representation-benchmark/outputs/runs/tokenized/mimiciv-3.1_meds_70-10-20/deciles_none_unfused_time_rope_numencxval_first_24h-tokenized/test/logistic_regression-preds-base-primary_binary-model-xval-time_rope.pkl,/gpfs/data/bbj-lab/users/daniel/input-representation-benchmark/outputs/runs/tokenized/mimiciv-3.1_meds_70-10-20/deciles_none_unfused_time_rope_numencxval_first_24h-tokenized/test/tokens_timelines_outcomes.parquet
exp2_primary_binary,classification,same_admission_death,xval_rope,brier,False,63750,0.0197746660711283,0.0188054841336377,0.0206896655807488,/gpfs/data/bbj-lab/users/daniel/input-representation-benchmark/outputs/runs/tokenized/mimiciv-3.1_meds_70-10-20/deciles_none_unfused_time_rope_numencxval_first_24h-tokenized/test/logistic_regression-preds-base-primary_binary-model-xval-time_rope.pkl,/gpfs/data/bbj-lab/users/daniel/input-representation-benchmark/outputs/runs/tokenized/mimiciv-3.1_meds_70-10-20/deciles_none_unfused_time_rope_numencxval_first_24h-tokenized/test/tokens_timelines_outcomes.parquet
exp2_primary_binary,classification,same_admission_death,xval_rope,ece_15,False,63750,0.0026783929026003,0.0017284815712501,0.0037582526199637,/gpfs/data/bbj-lab/users/daniel/input-representation-benchmark/outputs/runs/tokenized/mimiciv-3.1_meds_70-10-20/deciles_none_unfused_time_rope_numencxval_first_24h-tokenized/test/logistic_regression-preds-base-primary_binary-model-xval-time_rope.pkl,/gpfs/data/bbj-lab/users/daniel/input-representation-benchmark/outputs/runs/tokenized/mimiciv-3.1_meds_70-10-20/deciles_none_unfused_time_rope_numencxval_first_24h-tokenized/test/tokens_timelines_outcomes.parquet
exp2_primary_binary,classification,same_admission_death,xval_affine_rope,roc_auc,True,63750,0.8336720778245267,0.8228423186857758,0.8441102261663808,/gpfs/data/bbj-lab/users/daniel/input-representation-benchmark/outputs/runs/tokenized/mimiciv-3.1_meds_70-10-20/deciles_none_unfused_time_rope_numencxval_first_24h-tokenized/test/logistic_regression-preds-base-primary_binary-model-xval_affine-time_rope.pkl,/gpfs/data/bbj-lab/users/daniel/input-representation-benchmark/outputs/runs/tokenized/mimiciv-3.1_meds_70-10-20/deciles_none_unfused_time_rope_numencxval_first_24h-tokenized/test/tokens_timelines_outcomes.parquet
exp2_primary_binary,classification,same_admission_death,xval_affine_rope,pr_auc,True,63750,0.2499231167821177,0.2271147578776503,0.2743097011369307,/gpfs/data/bbj-lab/users/daniel/input-representation-benchmark/outputs/runs/tokenized/mimiciv-3.1_meds_70-10-20/deciles_none_unfused_time_rope_numencxval_first_24h-tokenized/test/logistic_regression-preds-base-primary_binary-model-xval_affine-time_rope.pkl,/gpfs/data/bbj-lab/users/daniel/input-representation-benchmark/outputs/runs/tokenized/mimiciv-3.1_meds_70-10-20/deciles_none_unfused_time_rope_numencxval_first_24h-tokenized/test/tokens_timelines_outcomes.parquet
exp2_primary_binary,classification,same_admission_death,xval_affine_rope,brier,False,63750,0.0199584293227036,0.0189864779476759,0.0208743381632657,/gpfs/data/bbj-lab/users/daniel/input-representation-benchmark/outputs/runs/tokenized/mimiciv-3.1_meds_70-10-20/deciles_none_unfused_time_rope_numencxval_first_24h-tokenized/test/logistic_regression-preds-base-primary_binary-model-xval_affine-time_rope.pkl,/gpfs/data/bbj-lab/users/daniel/input-representation-benchmark/outputs/runs/tokenized/mimiciv-3.1_meds_70-10-20/deciles_none_unfused_time_rope_numencxval_first_24h-tokenized/test/tokens_timelines_outcomes.parquet
exp2_primary_binary,classification,same_admission_death,xval_affine_rope,ece_15,False,63750,0.002896919778757,0.0020416592183906,0.0039363027664028,/gpfs/data/bbj-lab/users/daniel/input-representation-benchmark/outputs/runs/tokenized/mimiciv-3.1_meds_70-10-20/deciles_none_unfused_time_rope_numencxval_first_24h-tokenized/test/logistic_regression-preds-base-primary_binary-model-xval_affine-time_rope.pkl,/gpfs/data/bbj-lab/users/daniel/input-representation-benchmark/outputs/runs/tokenized/mimiciv-3.1_meds_70-10-20/deciles_none_unfused_time_rope_numencxval_first_24h-tokenized/test/tokens_timelines_outcomes.parquet
exp2_additional_binary,classification,crrt_initiation,discrete_tt,roc_auc,True,63669,0.9313715977749284,0.9171570250227452,0.9440933173896158,/gpfs/data/bbj-lab/users/daniel/input-representation-benchmark/outputs/runs/tokenized/mimiciv-3.1_meds_70-10-20/deciles_none_unfused_time_tokens_first_24h-tokenized/test/logistic_regression-preds-model-discrete-time_tokens.pkl,/gpfs/data/bbj-lab/users/daniel/input-representation-benchmark/outputs/runs/tokenized/mimiciv-3.1_meds_70-10-20/deciles_none_unfused_time_tokens_first_24h-tokenized/test/tokens_timelines_extended_outcomes.parquet
exp2_additional_binary,classification,crrt_initiation,discrete_tt,pr_auc,True,63669,0.1625031859311075,0.1221687274484266,0.2162988734721623,/gpfs/data/bbj-lab/users/daniel/input-representation-benchmark/outputs/runs/tokenized/mimiciv-3.1_meds_70-10-20/deciles_none_unfused_time_tokens_first_24h-tokenized/test/logistic_regression-preds-model-discrete-time_tokens.pkl,/gpfs/data/bbj-lab/users/daniel/input-representation-benchmark/outputs/runs/tokenized/mimiciv-3.1_meds_70-10-20/deciles_none_unfused_time_tokens_first_24h-tokenized/test/tokens_timelines_extended_outcomes.parquet
exp2_additional_binary,classification,crrt_initiation,discrete_tt,brier,False,63669,0.0038275548990525,0.0034138645544944,0.0042521401917937,/gpfs/data/bbj-lab/users/daniel/input-representation-benchmark/outputs/runs/tokenized/mimiciv-3.1_meds_70-10-20/deciles_none_unfused_time_tokens_first_24h-tokenized/test/logistic_regression-preds-model-discrete-time_tokens.pkl,/gpfs/data/bbj-lab/users/daniel/input-representation-benchmark/outputs/runs/tokenized/mimiciv-3.1_meds_70-10-20/deciles_none_unfused_time_tokens_first_24h-tokenized/test/tokens_timelines_extended_outcomes.parquet
exp2_additional_binary,classification,crrt_initiation,discrete_tt,ece_15,False,63669,0.0015220611426529,0.0011421556790866,0.0020528095501848,/gpfs/data/bbj-lab/users/daniel/input-representation-benchmark/outputs/runs/tokenized/mimiciv-3.1_meds_70-10-20/deciles_none_unfused_time_tokens_first_24h-tokenized/test/logistic_regression-preds-model-discrete-time_tokens.pkl,/gpfs/data/bbj-lab/users/daniel/input-representation-benchmark/outputs/runs/tokenized/mimiciv-3.1_meds_70-10-20/deciles_none_unfused_time_tokens_first_24h-tokenized/test/tokens_timelines_extended_outcomes.parquet
exp2_additional_binary,classification,crrt_initiation,soft_tt,roc_auc,True,63669,0.9184673122897176,0.8992525595387661,0.9353340412916908,/gpfs/data/bbj-lab/users/daniel/input-representation-benchmark/outputs/runs/tokenized/mimiciv-3.1_meds_70-10-20/deciles_none_unfused_time_tokens_first_24h-tokenized/test/logistic_regression-preds-model-soft-time_tokens.pkl,/gpfs/data/bbj-lab/users/daniel/input-representation-benchmark/outputs/runs/tokenized/mimiciv-3.1_meds_70-10-20/deciles_none_unfused_time_tokens_first_24h-tokenized/test/tokens_timelines_extended_outcomes.parquet
exp2_additional_binary,classification,crrt_initiation,soft_tt,pr_auc,True,63669,0.1322092111695188,0.1009256951750265,0.1773082178374275,/gpfs/data/bbj-lab/users/daniel/input-representation-benchmark/outputs/runs/tokenized/mimiciv-3.1_meds_70-10-20/deciles_none_unfused_time_tokens_first_24h-tokenized/test/logistic_regression-preds-model-soft-time_tokens.pkl,/gpfs/data/bbj-lab/users/daniel/input-representation-benchmark/outputs/runs/tokenized/mimiciv-3.1_meds_70-10-20/deciles_none_unfused_time_tokens_first_24h-tokenized/test/tokens_timelines_extended_outcomes.parquet
exp2_additional_binary,classification,crrt_initiation,soft_tt,brier,False,63669,0.0038952833386824,0.0034896473674945,0.0043293511065597,/gpfs/data/bbj-lab/users/daniel/input-representation-benchmark/outputs/runs/tokenized/mimiciv-3.1_meds_70-10-20/deciles_none_unfused_time_tokens_first_24h-tokenized/test/logistic_regression-preds-model-soft-time_tokens.pkl,/gpfs/data/bbj-lab/users/daniel/input-representation-benchmark/outputs/runs/tokenized/mimiciv-3.1_meds_70-10-20/deciles_none_unfused_time_tokens_first_24h-tokenized/test/tokens_timelines_extended_outcomes.parquet
exp2_additional_binary,classification,crrt_initiation,soft_tt,ece_15,False,63669,0.0014850060631348,0.0011170417142467,0.0020472957032052,/gpfs/data/bbj-lab/users/daniel/input-representation-benchmark/outputs/runs/tokenized/mimiciv-3.1_meds_70-10-20/deciles_none_unfused_time_tokens_first_24h-tokenized/test/logistic_regression-preds-model-soft-time_tokens.pkl,/gpfs/data/bbj-lab/users/daniel/input-representation-benchmark/outputs/runs/tokenized/mimiciv-3.1_meds_70-10-20/deciles_none_unfused_time_tokens_first_24h-tokenized/test/tokens_timelines_extended_outcomes.parquet
exp2_additional_binary,classification,crrt_initiation,xval_tt,roc_auc,True,63669,0.840700805683549,0.8190203792131964,0.8629720504412726,/gpfs/data/bbj-lab/users/daniel/input-representation-benchmark/outputs/runs/tokenized/mimiciv-3.1_meds_70-10-20/deciles_none_unfused_time_tokens_numencxval_first_24h-tokenized/test/logistic_regression-preds-model-xval-time_tokens.pkl,/gpfs/data/bbj-lab/users/daniel/input-representation-benchmark/outputs/runs/tokenized/mimiciv-3.1_meds_70-10-20/deciles_none_unfused_time_tokens_numencxval_first_24h-tokenized/test/tokens_timelines_extended_outcomes.parquet
exp2_additional_binary,classification,crrt_initiation,xval_tt,pr_auc,True,63669,0.076874706780741,0.0523898193019586,0.1123604737425231,/gpfs/data/bbj-lab/users/daniel/input-representation-benchmark/outputs/runs/tokenized/mimiciv-3.1_meds_70-10-20/deciles_none_unfused_time_tokens_numencxval_first_24h-tokenized/test/logistic_regression-preds-model-xval-time_tokens.pkl,/gpfs/data/bbj-lab/users/daniel/input-representation-benchmark/outputs/runs/tokenized/mimiciv-3.1_meds_70-10-20/deciles_none_unfused_time_tokens_numencxval_first_24h-tokenized/test/tokens_timelines_extended_outcomes.parquet
exp2_additional_binary,classification,crrt_initiation,xval_tt,brier,False,63669,0.0040627174120637,0.0036124176049168,0.0045527551162006,/gpfs/data/bbj-lab/users/daniel/input-representation-benchmark/outputs/runs/tokenized/mimiciv-3.1_meds_70-10-20/deciles_none_unfused_time_tokens_numencxval_first_24h-tokenized/test/logistic_regression-preds-model-xval-time_tokens.pkl,/gpfs/data/bbj-lab/users/daniel/input-representation-benchmark/outputs/runs/tokenized/mimiciv-3.1_meds_70-10-20/deciles_none_unfused_time_tokens_numencxval_first_24h-tokenized/test/tokens_timelines_extended_outcomes.parquet
exp2_additional_binary,classification,crrt_initiation,xval_tt,ece_15,False,63669,0.0017711371288137,0.0013796065541335,0.0022979781035745,/gpfs/data/bbj-lab/users/daniel/input-representation-benchmark/outputs/runs/tokenized/mimiciv-3.1_meds_70-10-20/deciles_none_unfused_time_tokens_numencxval_first_24h-tokenized/test/logistic_regression-preds-model-xval-time_tokens.pkl,/gpfs/data/bbj-lab/users/daniel/input-representation-benchmark/outputs/runs/tokenized/mimiciv-3.1_meds_70-10-20/deciles_none_unfused_time_tokens_numencxval_first_24h-tokenized/test/tokens_timelines_extended_outcomes.parquet
exp2_additional_binary,classification,crrt_initiation,xval_affine_tt,roc_auc,True,63669,0.8383638232650974,0.8135595052540076,0.8619161309611191,/gpfs/data/bbj-lab/users/daniel/input-representation-benchmark/outputs/runs/tokenized/mimiciv-3.1_meds_70-10-20/deciles_none_unfused_time_tokens_numencxval_first_24h-tokenized/test/logistic_regression-preds-model-xval_affine-time_tokens.pkl,/gpfs/data/bbj-lab/users/daniel/input-representation-benchmark/outputs/runs/tokenized/mimiciv-3.1_meds_70-10-20/deciles_none_unfused_time_tokens_numencxval_first_24h-tokenized/test/tokens_timelines_extended_outcomes.parquet
exp2_additional_binary,classification,crrt_initiation,xval_affine_tt,pr_auc,True,63669,0.0522620966115185,0.0380585834409758,0.0754267434383669,/gpfs/data/bbj-lab/users/daniel/input-representation-benchmark/outputs/runs/tokenized/mimiciv-3.1_meds_70-10-20/deciles_none_unfused_time_tokens_numencxval_first_24h-tokenized/test/logistic_regression-preds-model-xval_affine-time_tokens.pkl,/gpfs/data/bbj-lab/users/daniel/input-representation-benchmark/outputs/runs/tokenized/mimiciv-3.1_meds_70-10-20/deciles_none_unfused_time_tokens_numencxval_first_24h-tokenized/test/tokens_timelines_extended_outcomes.parquet
exp2_additional_binary,classification,crrt_initiation,xval_affine_tt,brier,False,63669,0.0040932282602041,0.0036517264959347,0.0045821759039501,/gpfs/data/bbj-lab/users/daniel/input-representation-benchmark/outputs/runs/tokenized/mimiciv-3.1_meds_70-10-20/deciles_none_unfused_time_tokens_numencxval_first_24h-tokenized/test/logistic_regression-preds-model-xval_affine-time_tokens.pkl,/gpfs/data/bbj-lab/users/daniel/input-representation-benchmark/outputs/runs/tokenized/mimiciv-3.1_meds_70-10-20/deciles_none_unfused_time_tokens_numencxval_first_24h-tokenized/test/tokens_timelines_extended_outcomes.parquet
exp2_additional_binary,classification,crrt_initiation,xval_affine_tt,ece_15,False,63669,0.0017320397248871,0.001249402611343,0.0021511233087921,/gpfs/data/bbj-lab/users/daniel/input-representation-benchmark/outputs/runs/tokenized/mimiciv-3.1_meds_70-10-20/deciles_none_unfused_time_tokens_numencxval_first_24h-tokenized/test/logistic_regression-preds-model-xval_affine-time_tokens.pkl,/gpfs/data/bbj-lab/users/daniel/input-representation-benchmark/outputs/runs/tokenized/mimiciv-3.1_meds_70-10-20/deciles_none_unfused_time_tokens_numencxval_first_24h-tokenized/test/tokens_timelines_extended_outcomes.parquet
exp2_additional_binary,classification,crrt_initiation,discrete_rope,roc_auc,True,63669,0.92953312283241,0.9139522679314784,0.9430313502972602,/gpfs/data/bbj-lab/users/daniel/input-representation-benchmark/outputs/runs/tokenized/mimiciv-3.1_meds_70-10-20/deciles_none_unfused_time_rope_first_24h-tokenized/test/logistic_regression-preds-model-discrete-time_rope.pkl,/gpfs/data/bbj-lab/users/daniel/input-representation-benchmark/outputs/runs/tokenized/mimiciv-3.1_meds_70-10-20/deciles_none_unfused_time_rope_first_24h-tokenized/test/tokens_timelines_extended_outcomes.parquet
exp2_additional_binary,classification,crrt_initiation,discrete_rope,pr_auc,True,63669,0.1152953991291674,0.087018467236043,0.157629214605329,/gpfs/data/bbj-lab/users/daniel/input-representation-benchmark/outputs/runs/tokenized/mimiciv-3.1_meds_70-10-20/deciles_none_unfused_time_rope_first_24h-tokenized/test/logistic_regression-preds-model-discrete-time_rope.pkl,/gpfs/data/bbj-lab/users/daniel/input-representation-benchmark/outputs/runs/tokenized/mimiciv-3.1_meds_70-10-20/deciles_none_unfused_time_rope_first_24h-tokenized/test/tokens_timelines_extended_outcomes.parquet
exp2_additional_binary,classification,crrt_initiation,discrete_rope,brier,False,63669,0.0039919393514047,0.0035641087224666,0.0044294778700418,/gpfs/data/bbj-lab/users/daniel/input-representation-benchmark/outputs/runs/tokenized/mimiciv-3.1_meds_70-10-20/deciles_none_unfused_time_rope_first_24h-tokenized/test/logistic_regression-preds-model-discrete-time_rope.pkl,/gpfs/data/bbj-lab/users/daniel/input-representation-benchmark/outputs/runs/tokenized/mimiciv-3.1_meds_70-10-20/deciles_none_unfused_time_rope_first_24h-tokenized/test/tokens_timelines_extended_outcomes.parquet
exp2_additional_binary,classification,crrt_initiation,discrete_rope,ece_15,False,63669,0.0014328210003875,0.0011001182952351,0.0020096592505475,/gpfs/data/bbj-lab/users/daniel/input-representation-benchmark/outputs/runs/tokenized/mimiciv-3.1_meds_70-10-20/deciles_none_unfused_time_rope_first_24h-tokenized/test/logistic_regression-preds-model-discrete-time_rope.pkl,/gpfs/data/bbj-lab/users/daniel/input-representation-benchmark/outputs/runs/tokenized/mimiciv-3.1_meds_70-10-20/deciles_none_unfused_time_rope_first_24h-tokenized/test/tokens_timelines_extended_outcomes.parquet
exp2_additional_binary,classification,crrt_initiation,soft_rope,roc_auc,True,63669,0.9350451295285892,0.9196566801947748,0.9483404561987572,/gpfs/data/bbj-lab/users/daniel/input-representation-benchmark/outputs/runs/tokenized/mimiciv-3.1_meds_70-10-20/deciles_none_unfused_time_rope_first_24h-tokenized/test/logistic_regression-preds-model-soft-time_rope.pkl,/gpfs/data/bbj-lab/users/daniel/input-representation-benchmark/outputs/runs/tokenized/mimiciv-3.1_meds_70-10-20/deciles_none_unfused_time_rope_first_24h-tokenized/test/tokens_timelines_extended_outcomes.parquet
exp2_additional_binary,classification,crrt_initiation,soft_rope,pr_auc,True,63669,0.1398134318239383,0.1066053090628748,0.1841233405957084,/gpfs/data/bbj-lab/users/daniel/input-representation-benchmark/outputs/runs/tokenized/mimiciv-3.1_meds_70-10-20/deciles_none_unfused_time_rope_first_24h-tokenized/test/logistic_regression-preds-model-soft-time_rope.pkl,/gpfs/data/bbj-lab/users/daniel/input-representation-benchmark/outputs/runs/tokenized/mimiciv-3.1_meds_70-10-20/deciles_none_unfused_time_rope_first_24h-tokenized/test/tokens_timelines_extended_outcomes.parquet
exp2_additional_binary,classification,crrt_initiation,soft_rope,brier,False,63669,0.0038967306715739,0.0034766255674681,0.0043200719749262,/gpfs/data/bbj-lab/users/daniel/input-representation-benchmark/outputs/runs/tokenized/mimiciv-3.1_meds_70-10-20/deciles_none_unfused_time_rope_first_24h-tokenized/test/logistic_regression-preds-model-soft-time_rope.pkl,/gpfs/data/bbj-lab/users/daniel/input-representation-benchmark/outputs/runs/tokenized/mimiciv-3.1_meds_70-10-20/deciles_none_unfused_time_rope_first_24h-tokenized/test/tokens_timelines_extended_outcomes.parquet
exp2_additional_binary,classification,crrt_initiation,soft_rope,ece_15,False,63669,0.0013083792873196,0.0010076381272668,0.0018857564796673,/gpfs/data/bbj-lab/users/daniel/input-representation-benchmark/outputs/runs/tokenized/mimiciv-3.1_meds_70-10-20/deciles_none_unfused_time_rope_first_24h-tokenized/test/logistic_regression-preds-model-soft-time_rope.pkl,/gpfs/data/bbj-lab/users/daniel/input-representation-benchmark/outputs/runs/tokenized/mimiciv-3.1_meds_70-10-20/deciles_none_unfused_time_rope_first_24h-tokenized/test/tokens_timelines_extended_outcomes.parquet
exp2_additional_binary,classification,crrt_initiation,xval_rope,roc_auc,True,63669,0.847062577829952,0.8233160915052393,0.8697134732534046,/gpfs/data/bbj-lab/users/daniel/input-representation-benchmark/outputs/runs/tokenized/mimiciv-3.1_meds_70-10-20/deciles_none_unfused_time_rope_numencxval_first_24h-tokenized/test/logistic_regression-preds-model-xval-time_rope.pkl,/gpfs/data/bbj-lab/users/daniel/input-representation-benchmark/outputs/runs/tokenized/mimiciv-3.1_meds_70-10-20/deciles_none_unfused_time_rope_numencxval_first_24h-tokenized/test/tokens_timelines_extended_outcomes.parquet
exp2_additional_binary,classification,crrt_initiation,xval_rope,pr_auc,True,63669,0.0690001340227273,0.0481033842086983,0.101589846093182,/gpfs/data/bbj-lab/users/daniel/input-representation-benchmark/outputs/runs/tokenized/mimiciv-3.1_meds_70-10-20/deciles_none_unfused_time_rope_numencxval_first_24h-tokenized/test/logistic_regression-preds-model-xval-time_rope.pkl,/gpfs/data/bbj-lab/users/daniel/input-representation-benchmark/outputs/runs/tokenized/mimiciv-3.1_meds_70-10-20/deciles_none_unfused_time_rope_numencxval_first_24h-tokenized/test/tokens_timelines_extended_outcomes.parquet
exp2_additional_binary,classification,crrt_initiation,xval_rope,brier,False,63669,0.0040677132626096,0.0036386405009541,0.0045122688121582,/gpfs/data/bbj-lab/users/daniel/input-representation-benchmark/outputs/runs/tokenized/mimiciv-3.1_meds_70-10-20/deciles_none_unfused_time_rope_numencxval_first_24h-tokenized/test/logistic_regression-preds-model-xval-time_rope.pkl,/gpfs/data/bbj-lab/users/daniel/input-representation-benchmark/outputs/runs/tokenized/mimiciv-3.1_meds_70-10-20/deciles_none_unfused_time_rope_numencxval_first_24h-tokenized/test/tokens_timelines_extended_outcomes.parquet
exp2_additional_binary,classification,crrt_initiation,xval_rope,ece_15,False,63669,0.0015951602664334,0.001226719720141,0.0020975508137049,/gpfs/data/bbj-lab/users/daniel/input-representation-benchmark/outputs/runs/tokenized/mimiciv-3.1_meds_70-10-20/deciles_none_unfused_time_rope_numencxval_first_24h-tokenized/test/logistic_regression-preds-model-xval-time_rope.pkl,/gpfs/data/bbj-lab/users/daniel/input-representation-benchmark/outputs/runs/tokenized/mimiciv-3.1_meds_70-10-20/deciles_none_unfused_time_rope_numencxval_first_24h-tokenized/test/tokens_timelines_extended_outcomes.parquet
exp2_additional_binary,classification,crrt_initiation,xval_affine_rope,roc_auc,True,63669,0.8383447836736613,0.812899727076649,0.8615307725892186,/gpfs/data/bbj-lab/users/daniel/input-representation-benchmark/outputs/runs/tokenized/mimiciv-3.1_meds_70-10-20/deciles_none_unfused_time_rope_numencxval_first_24h-tokenized/test/logistic_regression-preds-model-xval_affine-time_rope.pkl,/gpfs/data/bbj-lab/users/daniel/input-representation-benchmark/outputs/runs/tokenized/mimiciv-3.1_meds_70-10-20/deciles_none_unfused_time_rope_numencxval_first_24h-tokenized/test/tokens_timelines_extended_outcomes.parquet
exp2_additional_binary,classification,crrt_initiation,xval_affine_rope,pr_auc,True,63669,0.0454830539327885,0.0332593076569321,0.0664770626921019,/gpfs/data/bbj-lab/users/daniel/input-representation-benchmark/outputs/runs/tokenized/mimiciv-3.1_meds_70-10-20/deciles_none_unfused_time_rope_numencxval_first_24h-tokenized/test/logistic_regression-preds-model-xval_affine-time_rope.pkl,/gpfs/data/bbj-lab/users/daniel/input-representation-benchmark/outputs/runs/tokenized/mimiciv-3.1_meds_70-10-20/deciles_none_unfused_time_rope_numencxval_first_24h-tokenized/test/tokens_timelines_extended_outcomes.parquet
exp2_additional_binary,classification,crrt_initiation,xval_affine_rope,brier,False,63669,0.0041467130111807,0.0036911799575162,0.0045898537041682,/gpfs/data/bbj-lab/users/daniel/input-representation-benchmark/outputs/runs/tokenized/mimiciv-3.1_meds_70-10-20/deciles_none_unfused_time_rope_numencxval_first_24h-tokenized/test/logistic_regression-preds-model-xval_affine-time_rope.pkl,/gpfs/data/bbj-lab/users/daniel/input-representation-benchmark/outputs/runs/tokenized/mimiciv-3.1_meds_70-10-20/deciles_none_unfused_time_rope_numencxval_first_24h-tokenized/test/tokens_timelines_extended_outcomes.parquet
exp2_additional_binary,classification,crrt_initiation,xval_affine_rope,ece_15,False,63669,0.0015779177129605,0.0012273621017899,0.0021573383276075,/gpfs/data/bbj-lab/users/daniel/input-representation-benchmark/outputs/runs/tokenized/mimiciv-3.1_meds_70-10-20/deciles_none_unfused_time_rope_numencxval_first_24h-tokenized/test/logistic_regression-preds-model-xval_affine-time_rope.pkl,/gpfs/data/bbj-lab/users/daniel/input-representation-benchmark/outputs/runs/tokenized/mimiciv-3.1_meds_70-10-20/deciles_none_unfused_time_rope_numencxval_first_24h-tokenized/test/tokens_timelines_extended_outcomes.parquet
exp2_additional_binary,classification,hemodialysis_initiation,discrete_tt,roc_auc,True,63617,0.944313843241992,0.9328147790312272,0.95517728297638,/gpfs/data/bbj-lab/users/daniel/input-representation-benchmark/outputs/runs/tokenized/mimiciv-3.1_meds_70-10-20/deciles_none_unfused_time_tokens_first_24h-tokenized/test/logistic_regression-preds-model-discrete-time_tokens.pkl,/gpfs/data/bbj-lab/users/daniel/input-representation-benchmark/outputs/runs/tokenized/mimiciv-3.1_meds_70-10-20/deciles_none_unfused_time_tokens_first_24h-tokenized/test/tokens_timelines_extended_outcomes.parquet
exp2_additional_binary,classification,hemodialysis_initiation,discrete_tt,pr_auc,True,63617,0.1832329584804902,0.1480799454512767,0.2234768125275111,/gpfs/data/bbj-lab/users/daniel/input-representation-benchmark/outputs/runs/tokenized/mimiciv-3.1_meds_70-10-20/deciles_none_unfused_time_tokens_first_24h-tokenized/test/logistic_regression-preds-model-discrete-time_tokens.pkl,/gpfs/data/bbj-lab/users/daniel/input-representation-benchmark/outputs/runs/tokenized/mimiciv-3.1_meds_70-10-20/deciles_none_unfused_time_tokens_first_24h-tokenized/test/tokens_timelines_extended_outcomes.parquet
exp2_additional_binary,classification,hemodialysis_initiation,discrete_tt,brier,False,63617,0.0047868220351215,0.0043276847618032,0.0052600688376003,/gpfs/data/bbj-lab/users/daniel/input-representation-benchmark/outputs/runs/tokenized/mimiciv-3.1_meds_70-10-20/deciles_none_unfused_time_tokens_first_24h-tokenized/test/logistic_regression-preds-model-discrete-time_tokens.pkl,/gpfs/data/bbj-lab/users/daniel/input-representation-benchmark/outputs/runs/tokenized/mimiciv-3.1_meds_70-10-20/deciles_none_unfused_time_tokens_first_24h-tokenized/test/tokens_timelines_extended_outcomes.parquet
exp2_additional_binary,classification,hemodialysis_initiation,discrete_tt,ece_15,False,63617,0.0003982052699842,0.000281397086436,0.001037549410031,/gpfs/data/bbj-lab/users/daniel/input-representation-benchmark/outputs/runs/tokenized/mimiciv-3.1_meds_70-10-20/deciles_none_unfused_time_tokens_first_24h-tokenized/test/logistic_regression-preds-model-discrete-time_tokens.pkl,/gpfs/data/bbj-lab/users/daniel/input-representation-benchmark/outputs/runs/tokenized/mimiciv-3.1_meds_70-10-20/deciles_none_unfused_time_tokens_first_24h-tokenized/test/tokens_timelines_extended_outcomes.parquet
exp2_additional_binary,classification,hemodialysis_initiation,soft_tt,roc_auc,True,63617,0.9348957757162952,0.9216777030295376,0.9465287393147772,/gpfs/data/bbj-lab/users/daniel/input-representation-benchmark/outputs/runs/tokenized/mimiciv-3.1_meds_70-10-20/deciles_none_unfused_time_tokens_first_24h-tokenized/test/logistic_regression-preds-model-soft-time_tokens.pkl,/gpfs/data/bbj-lab/users/daniel/input-representation-benchmark/outputs/runs/tokenized/mimiciv-3.1_meds_70-10-20/deciles_none_unfused_time_tokens_first_24h-tokenized/test/tokens_timelines_extended_outcomes.parquet
exp2_additional_binary,classification,hemodialysis_initiation,soft_tt,pr_auc,True,63617,0.150475944989107,0.1189216648086852,0.1909218442991629,/gpfs/data/bbj-lab/users/daniel/input-representation-benchmark/outputs/runs/tokenized/mimiciv-3.1_meds_70-10-20/deciles_none_unfused_time_tokens_first_24h-tokenized/test/logistic_regression-preds-model-soft-time_tokens.pkl,/gpfs/data/bbj-lab/users/daniel/input-representation-benchmark/outputs/runs/tokenized/mimiciv-3.1_meds_70-10-20/deciles_none_unfused_time_tokens_first_24h-tokenized/test/tokens_timelines_extended_outcomes.parquet
exp2_additional_binary,classification,hemodialysis_initiation,soft_tt,brier,False,63617,0.0049224041923021,0.0044470620730811,0.0054046845631159,/gpfs/data/bbj-lab/users/daniel/input-representation-benchmark/outputs/runs/tokenized/mimiciv-3.1_meds_70-10-20/deciles_none_unfused_time_tokens_first_24h-tokenized/test/logistic_regression-preds-model-soft-time_tokens.pkl,/gpfs/data/bbj-lab/users/daniel/input-representation-benchmark/outputs/runs/tokenized/mimiciv-3.1_meds_70-10-20/deciles_none_unfused_time_tokens_first_24h-tokenized/test/tokens_timelines_extended_outcomes.parquet
exp2_additional_binary,classification,hemodialysis_initiation,soft_tt,ece_15,False,63617,0.0008624391499147,0.0004752667999403,0.001460882923178,/gpfs/data/bbj-lab/users/daniel/input-representation-benchmark/outputs/runs/tokenized/mimiciv-3.1_meds_70-10-20/deciles_none_unfused_time_tokens_first_24h-tokenized/test/logistic_regression-preds-model-soft-time_tokens.pkl,/gpfs/data/bbj-lab/users/daniel/input-representation-benchmark/outputs/runs/tokenized/mimiciv-3.1_meds_70-10-20/deciles_none_unfused_time_tokens_first_24h-tokenized/test/tokens_timelines_extended_outcomes.parquet
exp2_additional_binary,classification,hemodialysis_initiation,xval_tt,roc_auc,True,63617,0.8693404071175383,0.8509541926052201,0.8870840173064966,/gpfs/data/bbj-lab/users/daniel/input-representation-benchmark/outputs/runs/tokenized/mimiciv-3.1_meds_70-10-20/deciles_none_unfused_time_tokens_numencxval_first_24h-tokenized/test/logistic_regression-preds-model-xval-time_tokens.pkl,/gpfs/data/bbj-lab/users/daniel/input-representation-benchmark/outputs/runs/tokenized/mimiciv-3.1_meds_70-10-20/deciles_none_unfused_time_tokens_numencxval_first_24h-tokenized/test/tokens_timelines_extended_outcomes.parquet
exp2_additional_binary,classification,hemodialysis_initiation,xval_tt,pr_auc,True,63617,0.1115164858503917,0.0836926378528259,0.1500069468569304,/gpfs/data/bbj-lab/users/daniel/input-representation-benchmark/outputs/runs/tokenized/mimiciv-3.1_meds_70-10-20/deciles_none_unfused_time_tokens_numencxval_first_24h-tokenized/test/logistic_regression-preds-model-xval-time_tokens.pkl,/gpfs/data/bbj-lab/users/daniel/input-representation-benchmark/outputs/runs/tokenized/mimiciv-3.1_meds_70-10-20/deciles_none_unfused_time_tokens_numencxval_first_24h-tokenized/test/tokens_timelines_extended_outcomes.parquet
exp2_additional_binary,classification,hemodialysis_initiation,xval_tt,brier,False,63617,0.0050193223718613,0.0045005500749233,0.0055517111608972,/gpfs/data/bbj-lab/users/daniel/input-representation-benchmark/outputs/runs/tokenized/mimiciv-3.1_meds_70-10-20/deciles_none_unfused_time_tokens_numencxval_first_24h-tokenized/test/logistic_regression-preds-model-xval-time_tokens.pkl,/gpfs/data/bbj-lab/users/daniel/input-representation-benchmark/outputs/runs/tokenized/mimiciv-3.1_meds_70-10-20/deciles_none_unfused_time_tokens_numencxval_first_24h-tokenized/test/tokens_timelines_extended_outcomes.parquet
exp2_additional_binary,classification,hemodialysis_initiation,xval_tt,ece_15,False,63617,0.0006208788653823,0.0005422016593318,0.0013524159542967,/gpfs/data/bbj-lab/users/daniel/input-representation-benchmark/outputs/runs/tokenized/mimiciv-3.1_meds_70-10-20/deciles_none_unfused_time_tokens_numencxval_first_24h-tokenized/test/logistic_regression-preds-model-xval-time_tokens.pkl,/gpfs/data/bbj-lab/users/daniel/input-representation-benchmark/outputs/runs/tokenized/mimiciv-3.1_meds_70-10-20/deciles_none_unfused_time_tokens_numencxval_first_24h-tokenized/test/tokens_timelines_extended_outcomes.parquet
exp2_additional_binary,classification,hemodialysis_initiation,xval_affine_tt,roc_auc,True,63617,0.8524644676208901,0.8324896073168936,0.8719237535533927,/gpfs/data/bbj-lab/users/daniel/input-representation-benchmark/outputs/runs/tokenized/mimiciv-3.1_meds_70-10-20/deciles_none_unfused_time_tokens_numencxval_first_24h-tokenized/test/logistic_regression-preds-model-xval_affine-time_tokens.pkl,/gpfs/data/bbj-lab/users/daniel/input-representation-benchmark/outputs/runs/tokenized/mimiciv-3.1_meds_70-10-20/deciles_none_unfused_time_tokens_numencxval_first_24h-tokenized/test/tokens_timelines_extended_outcomes.parquet
exp2_additional_binary,classification,hemodialysis_initiation,xval_affine_tt,pr_auc,True,63617,0.0747601731318533,0.0565035446222069,0.1034415602186952,/gpfs/data/bbj-lab/users/daniel/input-representation-benchmark/outputs/runs/tokenized/mimiciv-3.1_meds_70-10-20/deciles_none_unfused_time_tokens_numencxval_first_24h-tokenized/test/logistic_regression-preds-model-xval_affine-time_tokens.pkl,/gpfs/data/bbj-lab/users/daniel/input-representation-benchmark/outputs/runs/tokenized/mimiciv-3.1_meds_70-10-20/deciles_none_unfused_time_tokens_numencxval_first_24h-tokenized/test/tokens_timelines_extended_outcomes.parquet
exp2_additional_binary,classification,hemodialysis_initiation,xval_affine_tt,brier,False,63617,0.0051273042787353,0.0045930134077664,0.0056698551281107,/gpfs/data/bbj-lab/users/daniel/input-representation-benchmark/outputs/runs/tokenized/mimiciv-3.1_meds_70-10-20/deciles_none_unfused_time_tokens_numencxval_first_24h-tokenized/test/logistic_regression-preds-model-xval_affine-time_tokens.pkl,/gpfs/data/bbj-lab/users/daniel/input-representation-benchmark/outputs/runs/tokenized/mimiciv-3.1_meds_70-10-20/deciles_none_unfused_time_tokens_numencxval_first_24h-tokenized/test/tokens_timelines_extended_outcomes.parquet
exp2_additional_binary,classification,hemodialysis_initiation,xval_affine_tt,ece_15,False,63617,0.0008592815336712,0.0006604630639061,0.0015389305309597,/gpfs/data/bbj-lab/users/daniel/input-representation-benchmark/outputs/runs/tokenized/mimiciv-3.1_meds_70-10-20/deciles_none_unfused_time_tokens_numencxval_first_24h-tokenized/test/logistic_regression-preds-model-xval_affine-time_tokens.pkl,/gpfs/data/bbj-lab/users/daniel/input-representation-benchmark/outputs/runs/tokenized/mimiciv-3.1_meds_70-10-20/deciles_none_unfused_time_tokens_numencxval_first_24h-tokenized/test/tokens_timelines_extended_outcomes.parquet
exp2_additional_binary,classification,hemodialysis_initiation,discrete_rope,roc_auc,True,63617,0.9450038532725858,0.9336748637087484,0.9554540694616438,/gpfs/data/bbj-lab/users/daniel/input-representation-benchmark/outputs/runs/tokenized/mimiciv-3.1_meds_70-10-20/deciles_none_unfused_time_rope_first_24h-tokenized/test/logistic_regression-preds-model-discrete-time_rope.pkl,/gpfs/data/bbj-lab/users/daniel/input-representation-benchmark/outputs/runs/tokenized/mimiciv-3.1_meds_70-10-20/deciles_none_unfused_time_rope_first_24h-tokenized/test/tokens_timelines_extended_outcomes.parquet
exp2_additional_binary,classification,hemodialysis_initiation,discrete_rope,pr_auc,True,63617,0.20047816085834,0.1649767734010028,0.2473493449694692,/gpfs/data/bbj-lab/users/daniel/input-representation-benchmark/outputs/runs/tokenized/mimiciv-3.1_meds_70-10-20/deciles_none_unfused_time_rope_first_24h-tokenized/test/logistic_regression-preds-model-discrete-time_rope.pkl,/gpfs/data/bbj-lab/users/daniel/input-representation-benchmark/outputs/runs/tokenized/mimiciv-3.1_meds_70-10-20/deciles_none_unfused_time_rope_first_24h-tokenized/test/tokens_timelines_extended_outcomes.parquet
exp2_additional_binary,classification,hemodialysis_initiation,discrete_rope,brier,False,63617,0.0047228950452147,0.0042716393282772,0.0051811227705534,/gpfs/data/bbj-lab/users/daniel/input-representation-benchmark/outputs/runs/tokenized/mimiciv-3.1_meds_70-10-20/deciles_none_unfused_time_rope_first_24h-tokenized/test/logistic_regression-preds-model-discrete-time_rope.pkl,/gpfs/data/bbj-lab/users/daniel/input-representation-benchmark/outputs/runs/tokenized/mimiciv-3.1_meds_70-10-20/deciles_none_unfused_time_rope_first_24h-tokenized/test/tokens_timelines_extended_outcomes.parquet
exp2_additional_binary,classification,hemodialysis_initiation,discrete_rope,ece_15,False,63617,0.0004052339770042,0.0002891741919672,0.0010436134090794,/gpfs/data/bbj-lab/users/daniel/input-representation-benchmark/outputs/runs/tokenized/mimiciv-3.1_meds_70-10-20/deciles_none_unfused_time_rope_first_24h-tokenized/test/logistic_regression-preds-model-discrete-time_rope.pkl,/gpfs/data/bbj-lab/users/daniel/input-representation-benchmark/outputs/runs/tokenized/mimiciv-3.1_meds_70-10-20/deciles_none_unfused_time_rope_first_24h-tokenized/test/tokens_timelines_extended_outcomes.parquet
exp2_additional_binary,classification,hemodialysis_initiation,soft_rope,roc_auc,True,63617,0.938810356704276,0.92610330737057,0.95051603246824,/gpfs/data/bbj-lab/users/daniel/input-representation-benchmark/outputs/runs/tokenized/mimiciv-3.1_meds_70-10-20/deciles_none_unfused_time_rope_first_24h-tokenized/test/logistic_regression-preds-model-soft-time_rope.pkl,/gpfs/data/bbj-lab/users/daniel/input-representation-benchmark/outputs/runs/tokenized/mimiciv-3.1_meds_70-10-20/deciles_none_unfused_time_rope_first_24h-tokenized/test/tokens_timelines_extended_outcomes.parquet
exp2_additional_binary,classification,hemodialysis_initiation,soft_rope,pr_auc,True,63617,0.1617204915151247,0.1301727630871621,0.2002601514876731,/gpfs/data/bbj-lab/users/daniel/input-representation-benchmark/outputs/runs/tokenized/mimiciv-3.1_meds_70-10-20/deciles_none_unfused_time_rope_first_24h-tokenized/test/logistic_regression-preds-model-soft-time_rope.pkl,/gpfs/data/bbj-lab/users/daniel/input-representation-benchmark/outputs/runs/tokenized/mimiciv-3.1_meds_70-10-20/deciles_none_unfused_time_rope_first_24h-tokenized/test/tokens_timelines_extended_outcomes.parquet
exp2_additional_binary,classification,hemodialysis_initiation,soft_rope,brier,False,63617,0.0048763319100107,0.0044027455675903,0.005371806285578,/gpfs/data/bbj-lab/users/daniel/input-representation-benchmark/outputs/runs/tokenized/mimiciv-3.1_meds_70-10-20/deciles_none_unfused_time_rope_first_24h-tokenized/test/logistic_regression-preds-model-soft-time_rope.pkl,/gpfs/data/bbj-lab/users/daniel/input-representation-benchmark/outputs/runs/tokenized/mimiciv-3.1_meds_70-10-20/deciles_none_unfused_time_rope_first_24h-tokenized/test/tokens_timelines_extended_outcomes.parquet
exp2_additional_binary,classification,hemodialysis_initiation,soft_rope,ece_15,False,63617,0.0005343104247616,0.0003505651681647,0.0011501277967319,/gpfs/data/bbj-lab/users/daniel/input-representation-benchmark/outputs/runs/tokenized/mimiciv-3.1_meds_70-10-20/deciles_none_unfused_time_rope_first_24h-tokenized/test/logistic_regression-preds-model-soft-time_rope.pkl,/gpfs/data/bbj-lab/users/daniel/input-representation-benchmark/outputs/runs/tokenized/mimiciv-3.1_meds_70-10-20/deciles_none_unfused_time_rope_first_24h-tokenized/test/tokens_timelines_extended_outcomes.parquet
exp2_additional_binary,classification,hemodialysis_initiation,xval_rope,roc_auc,True,63617,0.8676918199996467,0.8497855005204763,0.8848331338464385,/gpfs/data/bbj-lab/users/daniel/input-representation-benchmark/outputs/runs/tokenized/mimiciv-3.1_meds_70-10-20/deciles_none_unfused_time_rope_numencxval_first_24h-tokenized/test/logistic_regression-preds-model-xval-time_rope.pkl,/gpfs/data/bbj-lab/users/daniel/input-representation-benchmark/outputs/runs/tokenized/mimiciv-3.1_meds_70-10-20/deciles_none_unfused_time_rope_numencxval_first_24h-tokenized/test/tokens_timelines_extended_outcomes.parquet
exp2_additional_binary,classification,hemodialysis_initiation,xval_rope,pr_auc,True,63617,0.1205445378342657,0.0906184952892801,0.1611839143658242,/gpfs/data/bbj-lab/users/daniel/input-representation-benchmark/outputs/runs/tokenized/mimiciv-3.1_meds_70-10-20/deciles_none_unfused_time_rope_numencxval_first_24h-tokenized/test/logistic_regression-preds-model-xval-time_rope.pkl,/gpfs/data/bbj-lab/users/daniel/input-representation-benchmark/outputs/runs/tokenized/mimiciv-3.1_meds_70-10-20/deciles_none_unfused_time_rope_numencxval_first_24h-tokenized/test/tokens_timelines_extended_outcomes.parquet
exp2_additional_binary,classification,hemodialysis_initiation,xval_rope,brier,False,63617,0.0049886552552042,0.0044891835395445,0.0055062296664205,/gpfs/data/bbj-lab/users/daniel/input-representation-benchmark/outputs/runs/tokenized/mimiciv-3.1_meds_70-10-20/deciles_none_unfused_time_rope_numencxval_first_24h-tokenized/test/logistic_regression-preds-model-xval-time_rope.pkl,/gpfs/data/bbj-lab/users/daniel/input-representation-benchmark/outputs/runs/tokenized/mimiciv-3.1_meds_70-10-20/deciles_none_unfused_time_rope_numencxval_first_24h-tokenized/test/tokens_timelines_extended_outcomes.parquet
exp2_additional_binary,classification,hemodialysis_initiation,xval_rope,ece_15,False,63617,0.0008467907545313,0.0005417620154624,0.00142878911619,/gpfs/data/bbj-lab/users/daniel/input-representation-benchmark/outputs/runs/tokenized/mimiciv-3.1_meds_70-10-20/deciles_none_unfused_time_rope_numencxval_first_24h-tokenized/test/logistic_regression-preds-model-xval-time_rope.pkl,/gpfs/data/bbj-lab/users/daniel/input-representation-benchmark/outputs/runs/tokenized/mimiciv-3.1_meds_70-10-20/deciles_none_unfused_time_rope_numencxval_first_24h-tokenized/test/tokens_timelines_extended_outcomes.parquet
exp2_additional_binary,classification,hemodialysis_initiation,xval_affine_rope,roc_auc,True,63617,0.8457347665586139,0.8263807563320268,0.8641327411517447,/gpfs/data/bbj-lab/users/daniel/input-representation-benchmark/outputs/runs/tokenized/mimiciv-3.1_meds_70-10-20/deciles_none_unfused_time_rope_numencxval_first_24h-tokenized/test/logistic_regression-preds-model-xval_affine-time_rope.pkl,/gpfs/data/bbj-lab/users/daniel/input-representation-benchmark/outputs/runs/tokenized/mimiciv-3.1_meds_70-10-20/deciles_none_unfused_time_rope_numencxval_first_24h-tokenized/test/tokens_timelines_extended_outcomes.parquet
exp2_additional_binary,classification,hemodialysis_initiation,xval_affine_rope,pr_auc,True,63617,0.0717524728567707,0.052843203578567,0.0989368167449508,/gpfs/data/bbj-lab/users/daniel/input-representation-benchmark/outputs/runs/tokenized/mimiciv-3.1_meds_70-10-20/deciles_none_unfused_time_rope_numencxval_first_24h-tokenized/test/logistic_regression-preds-model-xval_affine-time_rope.pkl,/gpfs/data/bbj-lab/users/daniel/input-representation-benchmark/outputs/runs/tokenized/mimiciv-3.1_meds_70-10-20/deciles_none_unfused_time_rope_numencxval_first_24h-tokenized/test/tokens_timelines_extended_outcomes.parquet
exp2_additional_binary,classification,hemodialysis_initiation,xval_affine_rope,brier,False,63617,0.0051597813002404,0.004642618126005,0.0056979707707028,/gpfs/data/bbj-lab/users/daniel/input-representation-benchmark/outputs/runs/tokenized/mimiciv-3.1_meds_70-10-20/deciles_none_unfused_time_rope_numencxval_first_24h-tokenized/test/logistic_regression-preds-model-xval_affine-time_rope.pkl,/gpfs/data/bbj-lab/users/daniel/input-representation-benchmark/outputs/runs/tokenized/mimiciv-3.1_meds_70-10-20/deciles_none_unfused_time_rope_numencxval_first_24h-tokenized/test/tokens_timelines_extended_outcomes.parquet
exp2_additional_binary,classification,hemodialysis_initiation,xval_affine_rope,ece_15,False,63617,0.0008446859088774,0.000635091781674,0.0014988530277648,/gpfs/data/bbj-lab/users/daniel/input-representation-benchmark/outputs/runs/tokenized/mimiciv-3.1_meds_70-10-20/deciles_none_unfused_time_rope_numencxval_first_24h-tokenized/test/logistic_regression-preds-model-xval_affine-time_rope.pkl,/gpfs/data/bbj-lab/users/daniel/input-representation-benchmark/outputs/runs/tokenized/mimiciv-3.1_meds_70-10-20/deciles_none_unfused_time_rope_numencxval_first_24h-tokenized/test/tokens_timelines_extended_outcomes.parquet
exp2_additional_binary,classification,hyperkalemia,discrete_tt,roc_auc,True,47454,0.7392610507649381,0.7190374571063435,0.7587863747993029,/gpfs/data/bbj-lab/users/daniel/input-representation-benchmark/outputs/runs/tokenized/mimiciv-3.1_meds_70-10-20/deciles_none_unfused_time_tokens_first_24h-tokenized/test/logistic_regression-preds-model-discrete-time_tokens.pkl,/gpfs/data/bbj-lab/users/daniel/input-representation-benchmark/outputs/runs/tokenized/mimiciv-3.1_meds_70-10-20/deciles_none_unfused_time_tokens_first_24h-tokenized/test/tokens_timelines_extended_outcomes.parquet
exp2_additional_binary,classification,hyperkalemia,discrete_tt,pr_auc,True,47454,0.0402212938279064,0.0346523859657825,0.0475709777543619,/gpfs/data/bbj-lab/users/daniel/input-representation-benchmark/outputs/runs/tokenized/mimiciv-3.1_meds_70-10-20/deciles_none_unfused_time_tokens_first_24h-tokenized/test/logistic_regression-preds-model-discrete-time_tokens.pkl,/gpfs/data/bbj-lab/users/daniel/input-representation-benchmark/outputs/runs/tokenized/mimiciv-3.1_meds_70-10-20/deciles_none_unfused_time_tokens_first_24h-tokenized/test/tokens_timelines_extended_outcomes.parquet
exp2_additional_binary,classification,hyperkalemia,discrete_tt,brier,False,47454,0.0126687250566925,0.011731524233379,0.0136570272498712,/gpfs/data/bbj-lab/users/daniel/input-representation-benchmark/outputs/runs/tokenized/mimiciv-3.1_meds_70-10-20/deciles_none_unfused_time_tokens_first_24h-tokenized/test/logistic_regression-preds-model-discrete-time_tokens.pkl,/gpfs/data/bbj-lab/users/daniel/input-representation-benchmark/outputs/runs/tokenized/mimiciv-3.1_meds_70-10-20/deciles_none_unfused_time_tokens_first_24h-tokenized/test/tokens_timelines_extended_outcomes.parquet
exp2_additional_binary,classification,hyperkalemia,discrete_tt,ece_15,False,47454,0.0025344749787872,0.0019884122275369,0.0037462290487305,/gpfs/data/bbj-lab/users/daniel/input-representation-benchmark/outputs/runs/tokenized/mimiciv-3.1_meds_70-10-20/deciles_none_unfused_time_tokens_first_24h-tokenized/test/logistic_regression-preds-model-discrete-time_tokens.pkl,/gpfs/data/bbj-lab/users/daniel/input-representation-benchmark/outputs/runs/tokenized/mimiciv-3.1_meds_70-10-20/deciles_none_unfused_time_tokens_first_24h-tokenized/test/tokens_timelines_extended_outcomes.parquet
exp2_additional_binary,classification,hyperkalemia,soft_tt,roc_auc,True,47454,0.7304476844736045,0.7102797086044549,0.7505164268741008,/gpfs/data/bbj-lab/users/daniel/input-representation-benchmark/outputs/runs/tokenized/mimiciv-3.1_meds_70-10-20/deciles_none_unfused_time_tokens_first_24h-tokenized/test/logistic_regression-preds-model-soft-time_tokens.pkl,/gpfs/data/bbj-lab/users/daniel/input-representation-benchmark/outputs/runs/tokenized/mimiciv-3.1_meds_70-10-20/deciles_none_unfused_time_tokens_first_24h-tokenized/test/tokens_timelines_extended_outcomes.parquet
exp2_additional_binary,classification,hyperkalemia,soft_tt,pr_auc,True,47454,0.0460238821716401,0.0375514527081218,0.0593753029976385,/gpfs/data/bbj-lab/users/daniel/input-representation-benchmark/outputs/runs/tokenized/mimiciv-3.1_meds_70-10-20/deciles_none_unfused_time_tokens_first_24h-tokenized/test/logistic_regression-preds-model-soft-time_tokens.pkl,/gpfs/data/bbj-lab/users/daniel/input-representation-benchmark/outputs/runs/tokenized/mimiciv-3.1_meds_70-10-20/deciles_none_unfused_time_tokens_first_24h-tokenized/test/tokens_timelines_extended_outcomes.parquet
exp2_additional_binary,classification,hyperkalemia,soft_tt,brier,False,47454,0.0125621902424484,0.0116230991538449,0.0135504963422944,/gpfs/data/bbj-lab/users/daniel/input-representation-benchmark/outputs/runs/tokenized/mimiciv-3.1_meds_70-10-20/deciles_none_unfused_time_tokens_first_24h-tokenized/test/logistic_regression-preds-model-soft-time_tokens.pkl,/gpfs/data/bbj-lab/users/daniel/input-representation-benchmark/outputs/runs/tokenized/mimiciv-3.1_meds_70-10-20/deciles_none_unfused_time_tokens_first_24h-tokenized/test/tokens_timelines_extended_outcomes.parquet
exp2_additional_binary,classification,hyperkalemia,soft_tt,ece_15,False,47454,0.0025974908942139,0.0021404624278537,0.0038527385443961,/gpfs/data/bbj-lab/users/daniel/input-representation-benchmark/outputs/runs/tokenized/mimiciv-3.1_meds_70-10-20/deciles_none_unfused_time_tokens_first_24h-tokenized/test/logistic_regression-preds-model-soft-time_tokens.pkl,/gpfs/data/bbj-lab/users/daniel/input-representation-benchmark/outputs/runs/tokenized/mimiciv-3.1_meds_70-10-20/deciles_none_unfused_time_tokens_first_24h-tokenized/test/tokens_timelines_extended_outcomes.parquet
exp2_additional_binary,classification,hyperkalemia,xval_tt,roc_auc,True,47454,0.6914990748250424,0.6698943628880029,0.712344179745103,/gpfs/data/bbj-lab/users/daniel/input-representation-benchmark/outputs/runs/tokenized/mimiciv-3.1_meds_70-10-20/deciles_none_unfused_time_tokens_numencxval_first_24h-tokenized/test/logistic_regression-preds-model-xval-time_tokens.pkl,/gpfs/data/bbj-lab/users/daniel/input-representation-benchmark/outputs/runs/tokenized/mimiciv-3.1_meds_70-10-20/deciles_none_unfused_time_tokens_numencxval_first_24h-tokenized/test/tokens_timelines_extended_outcomes.parquet
exp2_additional_binary,classification,hyperkalemia,xval_tt,pr_auc,True,47454,0.0363674718241846,0.0304107484941964,0.046409230870215,/gpfs/data/bbj-lab/users/daniel/input-representation-benchmark/outputs/runs/tokenized/mimiciv-3.1_meds_70-10-20/deciles_none_unfused_time_tokens_numencxval_first_24h-tokenized/test/logistic_regression-preds-model-xval-time_tokens.pkl,/gpfs/data/bbj-lab/users/daniel/input-representation-benchmark/outputs/runs/tokenized/mimiciv-3.1_meds_70-10-20/deciles_none_unfused_time_tokens_numencxval_first_24h-tokenized/test/tokens_timelines_extended_outcomes.parquet
exp2_additional_binary,classification,hyperkalemia,xval_tt,brier,False,47454,0.0126165296337212,0.0117089118459444,0.0135964969635912,/gpfs/data/bbj-lab/users/daniel/input-representation-benchmark/outputs/runs/tokenized/mimiciv-3.1_meds_70-10-20/deciles_none_unfused_time_tokens_numencxval_first_24h-tokenized/test/logistic_regression-preds-model-xval-time_tokens.pkl,/gpfs/data/bbj-lab/users/daniel/input-representation-benchmark/outputs/runs/tokenized/mimiciv-3.1_meds_70-10-20/deciles_none_unfused_time_tokens_numencxval_first_24h-tokenized/test/tokens_timelines_extended_outcomes.parquet
exp2_additional_binary,classification,hyperkalemia,xval_tt,ece_15,False,47454,0.0022761729058872,0.0020689329244161,0.0037318380966216,/gpfs/data/bbj-lab/users/daniel/input-representation-benchmark/outputs/runs/tokenized/mimiciv-3.1_meds_70-10-20/deciles_none_unfused_time_tokens_numencxval_first_24h-tokenized/test/logistic_regression-preds-model-xval-time_tokens.pkl,/gpfs/data/bbj-lab/users/daniel/input-representation-benchmark/outputs/runs/tokenized/mimiciv-3.1_meds_70-10-20/deciles_none_unfused_time_tokens_numencxval_first_24h-tokenized/test/tokens_timelines_extended_outcomes.parquet
exp2_additional_binary,classification,hyperkalemia,xval_affine_tt,roc_auc,True,47454,0.6817254370582123,0.6605917299940345,0.7027356881449679,/gpfs/data/bbj-lab/users/daniel/input-representation-benchmark/outputs/runs/tokenized/mimiciv-3.1_meds_70-10-20/deciles_none_unfused_time_tokens_numencxval_first_24h-tokenized/test/logistic_regression-preds-model-xval_affine-time_tokens.pkl,/gpfs/data/bbj-lab/users/daniel/input-representation-benchmark/outputs/runs/tokenized/mimiciv-3.1_meds_70-10-20/deciles_none_unfused_time_tokens_numencxval_first_24h-tokenized/test/tokens_timelines_extended_outcomes.parquet
exp2_additional_binary,classification,hyperkalemia,xval_affine_tt,pr_auc,True,47454,0.030137241996771,0.0259109889063223,0.0371093145540527,/gpfs/data/bbj-lab/users/daniel/input-representation-benchmark/outputs/runs/tokenized/mimiciv-3.1_meds_70-10-20/deciles_none_unfused_time_tokens_numencxval_first_24h-tokenized/test/logistic_regression-preds-model-xval_affine-time_tokens.pkl,/gpfs/data/bbj-lab/users/daniel/input-representation-benchmark/outputs/runs/tokenized/mimiciv-3.1_meds_70-10-20/deciles_none_unfused_time_tokens_numencxval_first_24h-tokenized/test/tokens_timelines_extended_outcomes.parquet
exp2_additional_binary,classification,hyperkalemia,xval_affine_tt,brier,False,47454,0.0126583901341404,0.0117454321226274,0.0136247193599074,/gpfs/data/bbj-lab/users/daniel/input-representation-benchmark/outputs/runs/tokenized/mimiciv-3.1_meds_70-10-20/deciles_none_unfused_time_tokens_numencxval_first_24h-tokenized/test/logistic_regression-preds-model-xval_affine-time_tokens.pkl,/gpfs/data/bbj-lab/users/daniel/input-representation-benchmark/outputs/runs/tokenized/mimiciv-3.1_meds_70-10-20/deciles_none_unfused_time_tokens_numencxval_first_24h-tokenized/test/tokens_timelines_extended_outcomes.parquet
exp2_additional_binary,classification,hyperkalemia,xval_affine_tt,ece_15,False,47454,0.002087421267942,0.0018898277478855,0.0034253662538545,/gpfs/data/bbj-lab/users/daniel/input-representation-benchmark/outputs/runs/tokenized/mimiciv-3.1_meds_70-10-20/deciles_none_unfused_time_tokens_numencxval_first_24h-tokenized/test/logistic_regression-preds-model-xval_affine-time_tokens.pkl,/gpfs/data/bbj-lab/users/daniel/input-representation-benchmark/outputs/runs/tokenized/mimiciv-3.1_meds_70-10-20/deciles_none_unfused_time_tokens_numencxval_first_24h-tokenized/test/tokens_timelines_extended_outcomes.parquet
exp2_additional_binary,classification,hyperkalemia,discrete_rope,roc_auc,True,47454,0.739324587865731,0.7190751015180727,0.7582719663428049,/gpfs/data/bbj-lab/users/daniel/input-representation-benchmark/outputs/runs/tokenized/mimiciv-3.1_meds_70-10-20/deciles_none_unfused_time_rope_first_24h-tokenized/test/logistic_regression-preds-model-discrete-time_rope.pkl,/gpfs/data/bbj-lab/users/daniel/input-representation-benchmark/outputs/runs/tokenized/mimiciv-3.1_meds_70-10-20/deciles_none_unfused_time_rope_first_24h-tokenized/test/tokens_timelines_extended_outcomes.parquet
exp2_additional_binary,classification,hyperkalemia,discrete_rope,pr_auc,True,47454,0.041124335240928,0.034577735074946,0.0516310478874616,/gpfs/data/bbj-lab/users/daniel/input-representation-benchmark/outputs/runs/tokenized/mimiciv-3.1_meds_70-10-20/deciles_none_unfused_time_rope_first_24h-tokenized/test/logistic_regression-preds-model-discrete-time_rope.pkl,/gpfs/data/bbj-lab/users/daniel/input-representation-benchmark/outputs/runs/tokenized/mimiciv-3.1_meds_70-10-20/deciles_none_unfused_time_rope_first_24h-tokenized/test/tokens_timelines_extended_outcomes.parquet
exp2_additional_binary,classification,hyperkalemia,discrete_rope,brier,False,47454,0.0126328826679209,0.0117108515165277,0.013607588853942,/gpfs/data/bbj-lab/users/daniel/input-representation-benchmark/outputs/runs/tokenized/mimiciv-3.1_meds_70-10-20/deciles_none_unfused_time_rope_first_24h-tokenized/test/logistic_regression-preds-model-discrete-time_rope.pkl,/gpfs/data/bbj-lab/users/daniel/input-representation-benchmark/outputs/runs/tokenized/mimiciv-3.1_meds_70-10-20/deciles_none_unfused_time_rope_first_24h-tokenized/test/tokens_timelines_extended_outcomes.parquet
exp2_additional_binary,classification,hyperkalemia,discrete_rope,ece_15,False,47454,0.0027727603820093,0.0023415656611806,0.0040959061650032,/gpfs/data/bbj-lab/users/daniel/input-representation-benchmark/outputs/runs/tokenized/mimiciv-3.1_meds_70-10-20/deciles_none_unfused_time_rope_first_24h-tokenized/test/logistic_regression-preds-model-discrete-time_rope.pkl,/gpfs/data/bbj-lab/users/daniel/input-representation-benchmark/outputs/runs/tokenized/mimiciv-3.1_meds_70-10-20/deciles_none_unfused_time_rope_first_24h-tokenized/test/tokens_timelines_extended_outcomes.parquet
exp2_additional_binary,classification,hyperkalemia,soft_rope,roc_auc,True,47454,0.7273238498081466,0.7078071437222316,0.7470010653263581,/gpfs/data/bbj-lab/users/daniel/input-representation-benchmark/outputs/runs/tokenized/mimiciv-3.1_meds_70-10-20/deciles_none_unfused_time_rope_first_24h-tokenized/test/logistic_regression-preds-model-soft-time_rope.pkl,/gpfs/data/bbj-lab/users/daniel/input-representation-benchmark/outputs/runs/tokenized/mimiciv-3.1_meds_70-10-20/deciles_none_unfused_time_rope_first_24h-tokenized/test/tokens_timelines_extended_outcomes.parquet
exp2_additional_binary,classification,hyperkalemia,soft_rope,pr_auc,True,47454,0.0447201319074406,0.0371262419954718,0.0559231273585826,/gpfs/data/bbj-lab/users/daniel/input-representation-benchmark/outputs/runs/tokenized/mimiciv-3.1_meds_70-10-20/deciles_none_unfused_time_rope_first_24h-tokenized/test/logistic_regression-preds-model-soft-time_rope.pkl,/gpfs/data/bbj-lab/users/daniel/input-representation-benchmark/outputs/runs/tokenized/mimiciv-3.1_meds_70-10-20/deciles_none_unfused_time_rope_first_24h-tokenized/test/tokens_timelines_extended_outcomes.parquet
exp2_additional_binary,classification,hyperkalemia,soft_rope,brier,False,47454,0.0125747261629738,0.0116503539532099,0.0135420855298284,/gpfs/data/bbj-lab/users/daniel/input-representation-benchmark/outputs/runs/tokenized/mimiciv-3.1_meds_70-10-20/deciles_none_unfused_time_rope_first_24h-tokenized/test/logistic_regression-preds-model-soft-time_rope.pkl,/gpfs/data/bbj-lab/users/daniel/input-representation-benchmark/outputs/runs/tokenized/mimiciv-3.1_meds_70-10-20/deciles_none_unfused_time_rope_first_24h-tokenized/test/tokens_timelines_extended_outcomes.parquet
exp2_additional_binary,classification,hyperkalemia,soft_rope,ece_15,False,47454,0.0031242636058655,0.0025766725442746,0.0044057061908865,/gpfs/data/bbj-lab/users/daniel/input-representation-benchmark/outputs/runs/tokenized/mimiciv-3.1_meds_70-10-20/deciles_none_unfused_time_rope_first_24h-tokenized/test/logistic_regression-preds-model-soft-time_rope.pkl,/gpfs/data/bbj-lab/users/daniel/input-representation-benchmark/outputs/runs/tokenized/mimiciv-3.1_meds_70-10-20/deciles_none_unfused_time_rope_first_24h-tokenized/test/tokens_timelines_extended_outcomes.parquet
exp2_additional_binary,classification,hyperkalemia,xval_rope,roc_auc,True,47454,0.6776559704802123,0.6559388381558019,0.6986435224063472,/gpfs/data/bbj-lab/users/daniel/input-representation-benchmark/outputs/runs/tokenized/mimiciv-3.1_meds_70-10-20/deciles_none_unfused_time_rope_numencxval_first_24h-tokenized/test/logistic_regression-preds-model-xval-time_rope.pkl,/gpfs/data/bbj-lab/users/daniel/input-representation-benchmark/outputs/runs/tokenized/mimiciv-3.1_meds_70-10-20/deciles_none_unfused_time_rope_numencxval_first_24h-tokenized/test/tokens_timelines_extended_outcomes.parquet
exp2_additional_binary,classification,hyperkalemia,xval_rope,pr_auc,True,47454,0.0299491803041448,0.0256242709234564,0.0365276564852796,/gpfs/data/bbj-lab/users/daniel/input-representation-benchmark/outputs/runs/tokenized/mimiciv-3.1_meds_70-10-20/deciles_none_unfused_time_rope_numencxval_first_24h-tokenized/test/logistic_regression-preds-model-xval-time_rope.pkl,/gpfs/data/bbj-lab/users/daniel/input-representation-benchmark/outputs/runs/tokenized/mimiciv-3.1_meds_70-10-20/deciles_none_unfused_time_rope_numencxval_first_24h-tokenized/test/tokens_timelines_extended_outcomes.parquet
exp2_additional_binary,classification,hyperkalemia,xval_rope,brier,False,47454,0.0126955868755232,0.0117467811915951,0.0137466707379737,/gpfs/data/bbj-lab/users/daniel/input-representation-benchmark/outputs/runs/tokenized/mimiciv-3.1_meds_70-10-20/deciles_none_unfused_time_rope_numencxval_first_24h-tokenized/test/logistic_regression-preds-model-xval-time_rope.pkl,/gpfs/data/bbj-lab/users/daniel/input-representation-benchmark/outputs/runs/tokenized/mimiciv-3.1_meds_70-10-20/deciles_none_unfused_time_rope_numencxval_first_24h-tokenized/test/tokens_timelines_extended_outcomes.parquet
exp2_additional_binary,classification,hyperkalemia,xval_rope,ece_15,False,47454,0.0029866766062962,0.0024521626889273,0.0042497061989248,/gpfs/data/bbj-lab/users/daniel/input-representation-benchmark/outputs/runs/tokenized/mimiciv-3.1_meds_70-10-20/deciles_none_unfused_time_rope_numencxval_first_24h-tokenized/test/logistic_regression-preds-model-xval-time_rope.pkl,/gpfs/data/bbj-lab/users/daniel/input-representation-benchmark/outputs/runs/tokenized/mimiciv-3.1_meds_70-10-20/deciles_none_unfused_time_rope_numencxval_first_24h-tokenized/test/tokens_timelines_extended_outcomes.parquet
exp2_additional_binary,classification,hyperkalemia,xval_affine_rope,roc_auc,True,47454,0.6728839271679298,0.650017442443184,0.6950389307094265,/gpfs/data/bbj-lab/users/daniel/input-representation-benchmark/outputs/runs/tokenized/mimiciv-3.1_meds_70-10-20/deciles_none_unfused_time_rope_numencxval_first_24h-tokenized/test/logistic_regression-preds-model-xval_affine-time_rope.pkl,/gpfs/data/bbj-lab/users/daniel/input-representation-benchmark/outputs/runs/tokenized/mimiciv-3.1_meds_70-10-20/deciles_none_unfused_time_rope_numencxval_first_24h-tokenized/test/tokens_timelines_extended_outcomes.parquet
exp2_additional_binary,classification,hyperkalemia,xval_affine_rope,pr_auc,True,47454,0.0282278941821101,0.0243311398713496,0.0338375214214323,/gpfs/data/bbj-lab/users/daniel/input-representation-benchmark/outputs/runs/tokenized/mimiciv-3.1_meds_70-10-20/deciles_none_unfused_time_rope_numencxval_first_24h-tokenized/test/logistic_regression-preds-model-xval_affine-time_rope.pkl,/gpfs/data/bbj-lab/users/daniel/input-representation-benchmark/outputs/runs/tokenized/mimiciv-3.1_meds_70-10-20/deciles_none_unfused_time_rope_numencxval_first_24h-tokenized/test/tokens_timelines_extended_outcomes.parquet
exp2_additional_binary,classification,hyperkalemia,xval_affine_rope,brier,False,47454,0.0126967382457675,0.0117508121128174,0.013753326743001,/gpfs/data/bbj-lab/users/daniel/input-representation-benchmark/outputs/runs/tokenized/mimiciv-3.1_meds_70-10-20/deciles_none_unfused_time_rope_numencxval_first_24h-tokenized/test/logistic_regression-preds-model-xval_affine-time_rope.pkl,/gpfs/data/bbj-lab/users/daniel/input-representation-benchmark/outputs/runs/tokenized/mimiciv-3.1_meds_70-10-20/deciles_none_unfused_time_rope_numencxval_first_24h-tokenized/test/tokens_timelines_extended_outcomes.parquet
exp2_additional_binary,classification,hyperkalemia,xval_affine_rope,ece_15,False,47454,0.0029007837046673,0.0023662514571664,0.0041215896924558,/gpfs/data/bbj-lab/users/daniel/input-representation-benchmark/outputs/runs/tokenized/mimiciv-3.1_meds_70-10-20/deciles_none_unfused_time_rope_numencxval_first_24h-tokenized/test/logistic_regression-preds-model-xval_affine-time_rope.pkl,/gpfs/data/bbj-lab/users/daniel/input-representation-benchmark/outputs/runs/tokenized/mimiciv-3.1_meds_70-10-20/deciles_none_unfused_time_rope_numencxval_first_24h-tokenized/test/tokens_timelines_extended_outcomes.parquet
exp2_additional_binary,classification,hypoglycemia,discrete_tt,roc_auc,True,47348,0.7602995107332298,0.7453904093278024,0.7761344750826243,/gpfs/data/bbj-lab/users/daniel/input-representation-benchmark/outputs/runs/tokenized/mimiciv-3.1_meds_70-10-20/deciles_none_unfused_time_tokens_first_24h-tokenized/test/logistic_regression-preds-model-discrete-time_tokens.pkl,/gpfs/data/bbj-lab/users/daniel/input-representation-benchmark/outputs/runs/tokenized/mimiciv-3.1_meds_70-10-20/deciles_none_unfused_time_tokens_first_24h-tokenized/test/tokens_timelines_extended_outcomes.parquet
exp2_additional_binary,classification,hypoglycemia,discrete_tt,pr_auc,True,47348,0.063922460145509,0.0561663901642061,0.0748567986740672,/gpfs/data/bbj-lab/users/daniel/input-representation-benchmark/outputs/runs/tokenized/mimiciv-3.1_meds_70-10-20/deciles_none_unfused_time_tokens_first_24h-tokenized/test/logistic_regression-preds-model-discrete-time_tokens.pkl,/gpfs/data/bbj-lab/users/daniel/input-representation-benchmark/outputs/runs/tokenized/mimiciv-3.1_meds_70-10-20/deciles_none_unfused_time_tokens_first_24h-tokenized/test/tokens_timelines_extended_outcomes.parquet
exp2_additional_binary,classification,hypoglycemia,discrete_tt,brier,False,47348,0.0178254647574665,0.0167451928969038,0.0190230489074837,/gpfs/data/bbj-lab/users/daniel/input-representation-benchmark/outputs/runs/tokenized/mimiciv-3.1_meds_70-10-20/deciles_none_unfused_time_tokens_first_24h-tokenized/test/logistic_regression-preds-model-discrete-time_tokens.pkl,/gpfs/data/bbj-lab/users/daniel/input-representation-benchmark/outputs/runs/tokenized/mimiciv-3.1_meds_70-10-20/deciles_none_unfused_time_tokens_first_24h-tokenized/test/tokens_timelines_extended_outcomes.parquet
exp2_additional_binary,classification,hypoglycemia,discrete_tt,ece_15,False,47348,0.0028038945174072,0.0022145275599407,0.0042498118888001,/gpfs/data/bbj-lab/users/daniel/input-representation-benchmark/outputs/runs/tokenized/mimiciv-3.1_meds_70-10-20/deciles_none_unfused_time_tokens_first_24h-tokenized/test/logistic_regression-preds-model-discrete-time_tokens.pkl,/gpfs/data/bbj-lab/users/daniel/input-representation-benchmark/outputs/runs/tokenized/mimiciv-3.1_meds_70-10-20/deciles_none_unfused_time_tokens_first_24h-tokenized/test/tokens_timelines_extended_outcomes.parquet
exp2_additional_binary,classification,hypoglycemia,soft_tt,roc_auc,True,47348,0.7545440055343301,0.7387862334119498,0.7712654854450034,/gpfs/data/bbj-lab/users/daniel/input-representation-benchmark/outputs/runs/tokenized/mimiciv-3.1_meds_70-10-20/deciles_none_unfused_time_tokens_first_24h-tokenized/test/logistic_regression-preds-model-soft-time_tokens.pkl,/gpfs/data/bbj-lab/users/daniel/input-representation-benchmark/outputs/runs/tokenized/mimiciv-3.1_meds_70-10-20/deciles_none_unfused_time_tokens_first_24h-tokenized/test/tokens_timelines_extended_outcomes.parquet
exp2_additional_binary,classification,hypoglycemia,soft_tt,pr_auc,True,47348,0.0615901549314454,0.054209460891189,0.0721284545327149,/gpfs/data/bbj-lab/users/daniel/input-representation-benchmark/outputs/runs/tokenized/mimiciv-3.1_meds_70-10-20/deciles_none_unfused_time_tokens_first_24h-tokenized/test/logistic_regression-preds-model-soft-time_tokens.pkl,/gpfs/data/bbj-lab/users/daniel/input-representation-benchmark/outputs/runs/tokenized/mimiciv-3.1_meds_70-10-20/deciles_none_unfused_time_tokens_first_24h-tokenized/test/tokens_timelines_extended_outcomes.parquet
exp2_additional_binary,classification,hypoglycemia,soft_tt,brier,False,47348,0.0178279629699332,0.0167368075496274,0.019014672427814,/gpfs/data/bbj-lab/users/daniel/input-representation-benchmark/outputs/runs/tokenized/mimiciv-3.1_meds_70-10-20/deciles_none_unfused_time_tokens_first_24h-tokenized/test/logistic_regression-preds-model-soft-time_tokens.pkl,/gpfs/data/bbj-lab/users/daniel/input-representation-benchmark/outputs/runs/tokenized/mimiciv-3.1_meds_70-10-20/deciles_none_unfused_time_tokens_first_24h-tokenized/test/tokens_timelines_extended_outcomes.parquet
exp2_additional_binary,classification,hypoglycemia,soft_tt,ece_15,False,47348,0.0022816702669961,0.0018789093675893,0.0039281639511275,/gpfs/data/bbj-lab/users/daniel/input-representation-benchmark/outputs/runs/tokenized/mimiciv-3.1_meds_70-10-20/deciles_none_unfused_time_tokens_first_24h-tokenized/test/logistic_regression-preds-model-soft-time_tokens.pkl,/gpfs/data/bbj-lab/users/daniel/input-representation-benchmark/outputs/runs/tokenized/mimiciv-3.1_meds_70-10-20/deciles_none_unfused_time_tokens_first_24h-tokenized/test/tokens_timelines_extended_outcomes.parquet
exp2_additional_binary,classification,hypoglycemia,xval_tt,roc_auc,True,47348,0.699877796790274,0.68267190079471,0.7169670860934206,/gpfs/data/bbj-lab/users/daniel/input-representation-benchmark/outputs/runs/tokenized/mimiciv-3.1_meds_70-10-20/deciles_none_unfused_time_tokens_numencxval_first_24h-tokenized/test/logistic_regression-preds-model-xval-time_tokens.pkl,/gpfs/data/bbj-lab/users/daniel/input-representation-benchmark/outputs/runs/tokenized/mimiciv-3.1_meds_70-10-20/deciles_none_unfused_time_tokens_numencxval_first_24h-tokenized/test/tokens_timelines_extended_outcomes.parquet
exp2_additional_binary,classification,hypoglycemia,xval_tt,pr_auc,True,47348,0.0505284826569385,0.0435819595281873,0.0591782543219716,/gpfs/data/bbj-lab/users/daniel/input-representation-benchmark/outputs/runs/tokenized/mimiciv-3.1_meds_70-10-20/deciles_none_unfused_time_tokens_numencxval_first_24h-tokenized/test/logistic_regression-preds-model-xval-time_tokens.pkl,/gpfs/data/bbj-lab/users/daniel/input-representation-benchmark/outputs/runs/tokenized/mimiciv-3.1_meds_70-10-20/deciles_none_unfused_time_tokens_numencxval_first_24h-tokenized/test/tokens_timelines_extended_outcomes.parquet
exp2_additional_binary,classification,hypoglycemia,xval_tt,brier,False,47348,0.0179875690301468,0.0168250008716905,0.0191722235460866,/gpfs/data/bbj-lab/users/daniel/input-representation-benchmark/outputs/runs/tokenized/mimiciv-3.1_meds_70-10-20/deciles_none_unfused_time_tokens_numencxval_first_24h-tokenized/test/logistic_regression-preds-model-xval-time_tokens.pkl,/gpfs/data/bbj-lab/users/daniel/input-representation-benchmark/outputs/runs/tokenized/mimiciv-3.1_meds_70-10-20/deciles_none_unfused_time_tokens_numencxval_first_24h-tokenized/test/tokens_timelines_extended_outcomes.parquet
exp2_additional_binary,classification,hypoglycemia,xval_tt,ece_15,False,47348,0.0030422834941482,0.0026811658100518,0.004650451402174,/gpfs/data/bbj-lab/users/daniel/input-representation-benchmark/outputs/runs/tokenized/mimiciv-3.1_meds_70-10-20/deciles_none_unfused_time_tokens_numencxval_first_24h-tokenized/test/logistic_regression-preds-model-xval-time_tokens.pkl,/gpfs/data/bbj-lab/users/daniel/input-representation-benchmark/outputs/runs/tokenized/mimiciv-3.1_meds_70-10-20/deciles_none_unfused_time_tokens_numencxval_first_24h-tokenized/test/tokens_timelines_extended_outcomes.parquet
exp2_additional_binary,classification,hypoglycemia,xval_affine_tt,roc_auc,True,47348,0.6891764035132122,0.6713172902844496,0.7060942111775311,/gpfs/data/bbj-lab/users/daniel/input-representation-benchmark/outputs/runs/tokenized/mimiciv-3.1_meds_70-10-20/deciles_none_unfused_time_tokens_numencxval_first_24h-tokenized/test/logistic_regression-preds-model-xval_affine-time_tokens.pkl,/gpfs/data/bbj-lab/users/daniel/input-representation-benchmark/outputs/runs/tokenized/mimiciv-3.1_meds_70-10-20/deciles_none_unfused_time_tokens_numencxval_first_24h-tokenized/test/tokens_timelines_extended_outcomes.parquet
exp2_additional_binary,classification,hypoglycemia,xval_affine_tt,pr_auc,True,47348,0.0459688590217772,0.0396408484219073,0.0553336164260218,/gpfs/data/bbj-lab/users/daniel/input-representation-benchmark/outputs/runs/tokenized/mimiciv-3.1_meds_70-10-20/deciles_none_unfused_time_tokens_numencxval_first_24h-tokenized/test/logistic_regression-preds-model-xval_affine-time_tokens.pkl,/gpfs/data/bbj-lab/users/daniel/input-representation-benchmark/outputs/runs/tokenized/mimiciv-3.1_meds_70-10-20/deciles_none_unfused_time_tokens_numencxval_first_24h-tokenized/test/tokens_timelines_extended_outcomes.parquet
exp2_additional_binary,classification,hypoglycemia,xval_affine_tt,brier,False,47348,0.0180138472483533,0.016851447338228,0.0191858344790676,/gpfs/data/bbj-lab/users/daniel/input-representation-benchmark/outputs/runs/tokenized/mimiciv-3.1_meds_70-10-20/deciles_none_unfused_time_tokens_numencxval_first_24h-tokenized/test/logistic_regression-preds-model-xval_affine-time_tokens.pkl,/gpfs/data/bbj-lab/users/daniel/input-representation-benchmark/outputs/runs/tokenized/mimiciv-3.1_meds_70-10-20/deciles_none_unfused_time_tokens_numencxval_first_24h-tokenized/test/tokens_timelines_extended_outcomes.parquet
exp2_additional_binary,classification,hypoglycemia,xval_affine_tt,ece_15,False,47348,0.0021933138249714,0.0019217487864557,0.0039199313103439,/gpfs/data/bbj-lab/users/daniel/input-representation-benchmark/outputs/runs/tokenized/mimiciv-3.1_meds_70-10-20/deciles_none_unfused_time_tokens_numencxval_first_24h-tokenized/test/logistic_regression-preds-model-xval_affine-time_tokens.pkl,/gpfs/data/bbj-lab/users/daniel/input-representation-benchmark/outputs/runs/tokenized/mimiciv-3.1_meds_70-10-20/deciles_none_unfused_time_tokens_numencxval_first_24h-tokenized/test/tokens_timelines_extended_outcomes.parquet
exp2_additional_binary,classification,hypoglycemia,discrete_rope,roc_auc,True,47348,0.7608113366615248,0.7457918153989598,0.7766284787609687,/gpfs/data/bbj-lab/users/daniel/input-representation-benchmark/outputs/runs/tokenized/mimiciv-3.1_meds_70-10-20/deciles_none_unfused_time_rope_first_24h-tokenized/test/logistic_regression-preds-model-discrete-time_rope.pkl,/gpfs/data/bbj-lab/users/daniel/input-representation-benchmark/outputs/runs/tokenized/mimiciv-3.1_meds_70-10-20/deciles_none_unfused_time_rope_first_24h-tokenized/test/tokens_timelines_extended_outcomes.parquet
exp2_additional_binary,classification,hypoglycemia,discrete_rope,pr_auc,True,47348,0.0647835480101259,0.0565479120358403,0.0759915314262207,/gpfs/data/bbj-lab/users/daniel/input-representation-benchmark/outputs/runs/tokenized/mimiciv-3.1_meds_70-10-20/deciles_none_unfused_time_rope_first_24h-tokenized/test/logistic_regression-preds-model-discrete-time_rope.pkl,/gpfs/data/bbj-lab/users/daniel/input-representation-benchmark/outputs/runs/tokenized/mimiciv-3.1_meds_70-10-20/deciles_none_unfused_time_rope_first_24h-tokenized/test/tokens_timelines_extended_outcomes.parquet
exp2_additional_binary,classification,hypoglycemia,discrete_rope,brier,False,47348,0.0178054322374699,0.0167309498674955,0.0189222597145459,/gpfs/data/bbj-lab/users/daniel/input-representation-benchmark/outputs/runs/tokenized/mimiciv-3.1_meds_70-10-20/deciles_none_unfused_time_rope_first_24h-tokenized/test/logistic_regression-preds-model-discrete-time_rope.pkl,/gpfs/data/bbj-lab/users/daniel/input-representation-benchmark/outputs/runs/tokenized/mimiciv-3.1_meds_70-10-20/deciles_none_unfused_time_rope_first_24h-tokenized/test/tokens_timelines_extended_outcomes.parquet
exp2_additional_binary,classification,hypoglycemia,discrete_rope,ece_15,False,47348,0.0028955028654736,0.0023731306256053,0.0044744421944637,/gpfs/data/bbj-lab/users/daniel/input-representation-benchmark/outputs/runs/tokenized/mimiciv-3.1_meds_70-10-20/deciles_none_unfused_time_rope_first_24h-tokenized/test/logistic_regression-preds-model-discrete-time_rope.pkl,/gpfs/data/bbj-lab/users/daniel/input-representation-benchmark/outputs/runs/tokenized/mimiciv-3.1_meds_70-10-20/deciles_none_unfused_time_rope_first_24h-tokenized/test/tokens_timelines_extended_outcomes.parquet
exp2_additional_binary,classification,hypoglycemia,soft_rope,roc_auc,True,47348,0.7623071506666889,0.7465859345742263,0.7774730405285295,/gpfs/data/bbj-lab/users/daniel/input-representation-benchmark/outputs/runs/tokenized/mimiciv-3.1_meds_70-10-20/deciles_none_unfused_time_rope_first_24h-tokenized/test/logistic_regression-preds-model-soft-time_rope.pkl,/gpfs/data/bbj-lab/users/daniel/input-representation-benchmark/outputs/runs/tokenized/mimiciv-3.1_meds_70-10-20/deciles_none_unfused_time_rope_first_24h-tokenized/test/tokens_timelines_extended_outcomes.parquet
exp2_additional_binary,classification,hypoglycemia,soft_rope,pr_auc,True,47348,0.0697536952281271,0.0604801709286603,0.0817203104599247,/gpfs/data/bbj-lab/users/daniel/input-representation-benchmark/outputs/runs/tokenized/mimiciv-3.1_meds_70-10-20/deciles_none_unfused_time_rope_first_24h-tokenized/test/logistic_regression-preds-model-soft-time_rope.pkl,/gpfs/data/bbj-lab/users/daniel/input-representation-benchmark/outputs/runs/tokenized/mimiciv-3.1_meds_70-10-20/deciles_none_unfused_time_rope_first_24h-tokenized/test/tokens_timelines_extended_outcomes.parquet
exp2_additional_binary,classification,hypoglycemia,soft_rope,brier,False,47348,0.017737181762888,0.0166790858303332,0.0188404413051114,/gpfs/data/bbj-lab/users/daniel/input-representation-benchmark/outputs/runs/tokenized/mimiciv-3.1_meds_70-10-20/deciles_none_unfused_time_rope_first_24h-tokenized/test/logistic_regression-preds-model-soft-time_rope.pkl,/gpfs/data/bbj-lab/users/daniel/input-representation-benchmark/outputs/runs/tokenized/mimiciv-3.1_meds_70-10-20/deciles_none_unfused_time_rope_first_24h-tokenized/test/tokens_timelines_extended_outcomes.parquet
exp2_additional_binary,classification,hypoglycemia,soft_rope,ece_15,False,47348,0.001811430335598,0.0016228359893386,0.0035137172231568,/gpfs/data/bbj-lab/users/daniel/input-representation-benchmark/outputs/runs/tokenized/mimiciv-3.1_meds_70-10-20/deciles_none_unfused_time_rope_first_24h-tokenized/test/logistic_regression-preds-model-soft-time_rope.pkl,/gpfs/data/bbj-lab/users/daniel/input-representation-benchmark/outputs/runs/tokenized/mimiciv-3.1_meds_70-10-20/deciles_none_unfused_time_rope_first_24h-tokenized/test/tokens_timelines_extended_outcomes.parquet
exp2_additional_binary,classification,hypoglycemia,xval_rope,roc_auc,True,47348,0.7051911851844093,0.6886529765679227,0.7222961662167972,/gpfs/data/bbj-lab/users/daniel/input-representation-benchmark/outputs/runs/tokenized/mimiciv-3.1_meds_70-10-20/deciles_none_unfused_time_rope_numencxval_first_24h-tokenized/test/logistic_regression-preds-model-xval-time_rope.pkl,/gpfs/data/bbj-lab/users/daniel/input-representation-benchmark/outputs/runs/tokenized/mimiciv-3.1_meds_70-10-20/deciles_none_unfused_time_rope_numencxval_first_24h-tokenized/test/tokens_timelines_extended_outcomes.parquet
exp2_additional_binary,classification,hypoglycemia,xval_rope,pr_auc,True,47348,0.0512078221329714,0.0439648899873314,0.0611971450233049,/gpfs/data/bbj-lab/users/daniel/input-representation-benchmark/outputs/runs/tokenized/mimiciv-3.1_meds_70-10-20/deciles_none_unfused_time_rope_numencxval_first_24h-tokenized/test/logistic_regression-preds-model-xval-time_rope.pkl,/gpfs/data/bbj-lab/users/daniel/input-representation-benchmark/outputs/runs/tokenized/mimiciv-3.1_meds_70-10-20/deciles_none_unfused_time_rope_numencxval_first_24h-tokenized/test/tokens_timelines_extended_outcomes.parquet
exp2_additional_binary,classification,hypoglycemia,xval_rope,brier,False,47348,0.0179679024505857,0.0167671885055095,0.0190977306746461,/gpfs/data/bbj-lab/users/daniel/input-representation-benchmark/outputs/runs/tokenized/mimiciv-3.1_meds_70-10-20/deciles_none_unfused_time_rope_numencxval_first_24h-tokenized/test/logistic_regression-preds-model-xval-time_rope.pkl,/gpfs/data/bbj-lab/users/daniel/input-representation-benchmark/outputs/runs/tokenized/mimiciv-3.1_meds_70-10-20/deciles_none_unfused_time_rope_numencxval_first_24h-tokenized/test/tokens_timelines_extended_outcomes.parquet
exp2_additional_binary,classification,hypoglycemia,xval_rope,ece_15,False,47348,0.0023575219281434,0.0021249235408842,0.0040062686124079,/gpfs/data/bbj-lab/users/daniel/input-representation-benchmark/outputs/runs/tokenized/mimiciv-3.1_meds_70-10-20/deciles_none_unfused_time_rope_numencxval_first_24h-tokenized/test/logistic_regression-preds-model-xval-time_rope.pkl,/gpfs/data/bbj-lab/users/daniel/input-representation-benchmark/outputs/runs/tokenized/mimiciv-3.1_meds_70-10-20/deciles_none_unfused_time_rope_numencxval_first_24h-tokenized/test/tokens_timelines_extended_outcomes.parquet
exp2_additional_binary,classification,hypoglycemia,xval_affine_rope,roc_auc,True,47348,0.6832581332770229,0.6658234712696854,0.6997671836425853,/gpfs/data/bbj-lab/users/daniel/input-representation-benchmark/outputs/runs/tokenized/mimiciv-3.1_meds_70-10-20/deciles_none_unfused_time_rope_numencxval_first_24h-tokenized/test/logistic_regression-preds-model-xval_affine-time_rope.pkl,/gpfs/data/bbj-lab/users/daniel/input-representation-benchmark/outputs/runs/tokenized/mimiciv-3.1_meds_70-10-20/deciles_none_unfused_time_rope_numencxval_first_24h-tokenized/test/tokens_timelines_extended_outcomes.parquet
exp2_additional_binary,classification,hypoglycemia,xval_affine_rope,pr_auc,True,47348,0.0436862967795133,0.0380363095287909,0.0521277008251523,/gpfs/data/bbj-lab/users/daniel/input-representation-benchmark/outputs/runs/tokenized/mimiciv-3.1_meds_70-10-20/deciles_none_unfused_time_rope_numencxval_first_24h-tokenized/test/logistic_regression-preds-model-xval_affine-time_rope.pkl,/gpfs/data/bbj-lab/users/daniel/input-representation-benchmark/outputs/runs/tokenized/mimiciv-3.1_meds_70-10-20/deciles_none_unfused_time_rope_numencxval_first_24h-tokenized/test/tokens_timelines_extended_outcomes.parquet
exp2_additional_binary,classification,hypoglycemia,xval_affine_rope,brier,False,47348,0.0180502603181692,0.016858655719346,0.0191706782727375,/gpfs/data/bbj-lab/users/daniel/input-representation-benchmark/outputs/runs/tokenized/mimiciv-3.1_meds_70-10-20/deciles_none_unfused_time_rope_numencxval_first_24h-tokenized/test/logistic_regression-preds-model-xval_affine-time_rope.pkl,/gpfs/data/bbj-lab/users/daniel/input-representation-benchmark/outputs/runs/tokenized/mimiciv-3.1_meds_70-10-20/deciles_none_unfused_time_rope_numencxval_first_24h-tokenized/test/tokens_timelines_extended_outcomes.parquet
exp2_additional_binary,classification,hypoglycemia,xval_affine_rope,ece_15,False,47348,0.0029601868383085,0.0025653670766078,0.0044828904188514,/gpfs/data/bbj-lab/users/daniel/input-representation-benchmark/outputs/runs/tokenized/mimiciv-3.1_meds_70-10-20/deciles_none_unfused_time_rope_numencxval_first_24h-tokenized/test/logistic_regression-preds-model-xval_affine-time_rope.pkl,/gpfs/data/bbj-lab/users/daniel/input-representation-benchmark/outputs/runs/tokenized/mimiciv-3.1_meds_70-10-20/deciles_none_unfused_time_rope_numencxval_first_24h-tokenized/test/tokens_timelines_extended_outcomes.parquet
exp2_additional_binary,classification,hypotension,discrete_tt,roc_auc,True,5490,0.7965906816492252,0.7846889126342207,0.8082488107392954,/gpfs/data/bbj-lab/users/daniel/input-representation-benchmark/outputs/runs/tokenized/mimiciv-3.1_meds_70-10-20/deciles_none_unfused_time_tokens_first_24h-tokenized/test/logistic_regression-preds-model-discrete-time_tokens.pkl,/gpfs/data/bbj-lab/users/daniel/input-representation-benchmark/outputs/runs/tokenized/mimiciv-3.1_meds_70-10-20/deciles_none_unfused_time_tokens_first_24h-tokenized/test/tokens_timelines_extended_outcomes.parquet
exp2_additional_binary,classification,hypotension,discrete_tt,pr_auc,True,5490,0.8641052015423583,0.8525131322709318,0.8751268527773169,/gpfs/data/bbj-lab/users/daniel/input-representation-benchmark/outputs/runs/tokenized/mimiciv-3.1_meds_70-10-20/deciles_none_unfused_time_tokens_first_24h-tokenized/test/logistic_regression-preds-model-discrete-time_tokens.pkl,/gpfs/data/bbj-lab/users/daniel/input-representation-benchmark/outputs/runs/tokenized/mimiciv-3.1_meds_70-10-20/deciles_none_unfused_time_tokens_first_24h-tokenized/test/tokens_timelines_extended_outcomes.parquet
exp2_additional_binary,classification,hypotension,discrete_tt,brier,False,5490,0.1744125576501742,0.1688566285419252,0.180491877712374,/gpfs/data/bbj-lab/users/daniel/input-representation-benchmark/outputs/runs/tokenized/mimiciv-3.1_meds_70-10-20/deciles_none_unfused_time_tokens_first_24h-tokenized/test/logistic_regression-preds-model-discrete-time_tokens.pkl,/gpfs/data/bbj-lab/users/daniel/input-representation-benchmark/outputs/runs/tokenized/mimiciv-3.1_meds_70-10-20/deciles_none_unfused_time_tokens_first_24h-tokenized/test/tokens_timelines_extended_outcomes.parquet
exp2_additional_binary,classification,hypotension,discrete_tt,ece_15,False,5490,0.0247552351001534,0.0211416511923711,0.0394174154524796,/gpfs/data/bbj-lab/users/daniel/input-representation-benchmark/outputs/runs/tokenized/mimiciv-3.1_meds_70-10-20/deciles_none_unfused_time_tokens_first_24h-tokenized/test/logistic_regression-preds-model-discrete-time_tokens.pkl,/gpfs/data/bbj-lab/users/daniel/input-representation-benchmark/outputs/runs/tokenized/mimiciv-3.1_meds_70-10-20/deciles_none_unfused_time_tokens_first_24h-tokenized/test/tokens_timelines_extended_outcomes.parquet
exp2_additional_binary,classification,hypotension,soft_tt,roc_auc,True,5490,0.7943944787556471,0.7819553549282626,0.8064841809084099,/gpfs/data/bbj-lab/users/daniel/input-representation-benchmark/outputs/runs/tokenized/mimiciv-3.1_meds_70-10-20/deciles_none_unfused_time_tokens_first_24h-tokenized/test/logistic_regression-preds-model-soft-time_tokens.pkl,/gpfs/data/bbj-lab/users/daniel/input-representation-benchmark/outputs/runs/tokenized/mimiciv-3.1_meds_70-10-20/deciles_none_unfused_time_tokens_first_24h-tokenized/test/tokens_timelines_extended_outcomes.parquet
exp2_additional_binary,classification,hypotension,soft_tt,pr_auc,True,5490,0.8580450119313927,0.8452693094196474,0.8709606553060131,/gpfs/data/bbj-lab/users/daniel/input-representation-benchmark/outputs/runs/tokenized/mimiciv-3.1_meds_70-10-20/deciles_none_unfused_time_tokens_first_24h-tokenized/test/logistic_regression-preds-model-soft-time_tokens.pkl,/gpfs/data/bbj-lab/users/daniel/input-representation-benchmark/outputs/runs/tokenized/mimiciv-3.1_meds_70-10-20/deciles_none_unfused_time_tokens_first_24h-tokenized/test/tokens_timelines_extended_outcomes.parquet
exp2_additional_binary,classification,hypotension,soft_tt,brier,False,5490,0.1751997171608215,0.1695756605007833,0.181224039598546,/gpfs/data/bbj-lab/users/daniel/input-representation-benchmark/outputs/runs/tokenized/mimiciv-3.1_meds_70-10-20/deciles_none_unfused_time_tokens_first_24h-tokenized/test/logistic_regression-preds-model-soft-time_tokens.pkl,/gpfs/data/bbj-lab/users/daniel/input-representation-benchmark/outputs/runs/tokenized/mimiciv-3.1_meds_70-10-20/deciles_none_unfused_time_tokens_first_24h-tokenized/test/tokens_timelines_extended_outcomes.parquet
exp2_additional_binary,classification,hypotension,soft_tt,ece_15,False,5490,0.0294817398776679,0.0240658555029683,0.0426598140190836,/gpfs/data/bbj-lab/users/daniel/input-representation-benchmark/outputs/runs/tokenized/mimiciv-3.1_meds_70-10-20/deciles_none_unfused_time_tokens_first_24h-tokenized/test/logistic_regression-preds-model-soft-time_tokens.pkl,/gpfs/data/bbj-lab/users/daniel/input-representation-benchmark/outputs/runs/tokenized/mimiciv-3.1_meds_70-10-20/deciles_none_unfused_time_tokens_first_24h-tokenized/test/tokens_timelines_extended_outcomes.parquet
exp2_additional_binary,classification,hypotension,xval_tt,roc_auc,True,5490,0.7403002945044892,0.7261239619622387,0.7541359477089487,/gpfs/data/bbj-lab/users/daniel/input-representation-benchmark/outputs/runs/tokenized/mimiciv-3.1_meds_70-10-20/deciles_none_unfused_time_tokens_numencxval_first_24h-tokenized/test/logistic_regression-preds-model-xval-time_tokens.pkl,/gpfs/data/bbj-lab/users/daniel/input-representation-benchmark/outputs/runs/tokenized/mimiciv-3.1_meds_70-10-20/deciles_none_unfused_time_tokens_numencxval_first_24h-tokenized/test/tokens_timelines_extended_outcomes.parquet
exp2_additional_binary,classification,hypotension,xval_tt,pr_auc,True,5490,0.8278691492138772,0.8151381948415765,0.841614134394879,/gpfs/data/bbj-lab/users/daniel/input-representation-benchmark/outputs/runs/tokenized/mimiciv-3.1_meds_70-10-20/deciles_none_unfused_time_tokens_numencxval_first_24h-tokenized/test/logistic_regression-preds-model-xval-time_tokens.pkl,/gpfs/data/bbj-lab/users/daniel/input-representation-benchmark/outputs/runs/tokenized/mimiciv-3.1_meds_70-10-20/deciles_none_unfused_time_tokens_numencxval_first_24h-tokenized/test/tokens_timelines_extended_outcomes.parquet
exp2_additional_binary,classification,hypotension,xval_tt,brier,False,5490,0.19422722703547,0.1887496969559855,0.1996016792574001,/gpfs/data/bbj-lab/users/daniel/input-representation-benchmark/outputs/runs/tokenized/mimiciv-3.1_meds_70-10-20/deciles_none_unfused_time_tokens_numencxval_first_24h-tokenized/test/logistic_regression-preds-model-xval-time_tokens.pkl,/gpfs/data/bbj-lab/users/daniel/input-representation-benchmark/outputs/runs/tokenized/mimiciv-3.1_meds_70-10-20/deciles_none_unfused_time_tokens_numencxval_first_24h-tokenized/test/tokens_timelines_extended_outcomes.parquet
exp2_additional_binary,classification,hypotension,xval_tt,ece_15,False,5490,0.0302524293433208,0.0228742866744964,0.0415529998628824,/gpfs/data/bbj-lab/users/daniel/input-representation-benchmark/outputs/runs/tokenized/mimiciv-3.1_meds_70-10-20/deciles_none_unfused_time_tokens_numencxval_first_24h-tokenized/test/logistic_regression-preds-model-xval-time_tokens.pkl,/gpfs/data/bbj-lab/users/daniel/input-representation-benchmark/outputs/runs/tokenized/mimiciv-3.1_meds_70-10-20/deciles_none_unfused_time_tokens_numencxval_first_24h-tokenized/test/tokens_timelines_extended_outcomes.parquet
exp2_additional_binary,classification,hypotension,xval_affine_tt,roc_auc,True,5490,0.736053425401727,0.7219340379648536,0.7496694422743262,/gpfs/data/bbj-lab/users/daniel/input-representation-benchmark/outputs/runs/tokenized/mimiciv-3.1_meds_70-10-20/deciles_none_unfused_time_tokens_numencxval_first_24h-tokenized/test/logistic_regression-preds-model-xval_affine-time_tokens.pkl,/gpfs/data/bbj-lab/users/daniel/input-representation-benchmark/outputs/runs/tokenized/mimiciv-3.1_meds_70-10-20/deciles_none_unfused_time_tokens_numencxval_first_24h-tokenized/test/tokens_timelines_extended_outcomes.parquet
exp2_additional_binary,classification,hypotension,xval_affine_tt,pr_auc,True,5490,0.8239326277981871,0.8106167269016591,0.8375042198610781,/gpfs/data/bbj-lab/users/daniel/input-representation-benchmark/outputs/runs/tokenized/mimiciv-3.1_meds_70-10-20/deciles_none_unfused_time_tokens_numencxval_first_24h-tokenized/test/logistic_regression-preds-model-xval_affine-time_tokens.pkl,/gpfs/data/bbj-lab/users/daniel/input-representation-benchmark/outputs/runs/tokenized/mimiciv-3.1_meds_70-10-20/deciles_none_unfused_time_tokens_numencxval_first_24h-tokenized/test/tokens_timelines_extended_outcomes.parquet
exp2_additional_binary,classification,hypotension,xval_affine_tt,brier,False,5490,0.196103003800694,0.191133549622998,0.2011294367866602,/gpfs/data/bbj-lab/users/daniel/input-representation-benchmark/outputs/runs/tokenized/mimiciv-3.1_meds_70-10-20/deciles_none_unfused_time_tokens_numencxval_first_24h-tokenized/test/logistic_regression-preds-model-xval_affine-time_tokens.pkl,/gpfs/data/bbj-lab/users/daniel/input-representation-benchmark/outputs/runs/tokenized/mimiciv-3.1_meds_70-10-20/deciles_none_unfused_time_tokens_numencxval_first_24h-tokenized/test/tokens_timelines_extended_outcomes.parquet
exp2_additional_binary,classification,hypotension,xval_affine_tt,ece_15,False,5490,0.0286347562325237,0.0249442492899496,0.043501500477845,/gpfs/data/bbj-lab/users/daniel/input-representation-benchmark/outputs/runs/tokenized/mimiciv-3.1_meds_70-10-20/deciles_none_unfused_time_tokens_numencxval_first_24h-tokenized/test/logistic_regression-preds-model-xval_affine-time_tokens.pkl,/gpfs/data/bbj-lab/users/daniel/input-representation-benchmark/outputs/runs/tokenized/mimiciv-3.1_meds_70-10-20/deciles_none_unfused_time_tokens_numencxval_first_24h-tokenized/test/tokens_timelines_extended_outcomes.parquet
exp2_additional_binary,classification,hypotension,discrete_rope,roc_auc,True,5490,0.7989726654085892,0.7863878962738282,0.8105114277595012,/gpfs/data/bbj-lab/users/daniel/input-representation-benchmark/outputs/runs/tokenized/mimiciv-3.1_meds_70-10-20/deciles_none_unfused_time_rope_first_24h-tokenized/test/logistic_regression-preds-model-discrete-time_rope.pkl,/gpfs/data/bbj-lab/users/daniel/input-representation-benchmark/outputs/runs/tokenized/mimiciv-3.1_meds_70-10-20/deciles_none_unfused_time_rope_first_24h-tokenized/test/tokens_timelines_extended_outcomes.parquet
exp2_additional_binary,classification,hypotension,discrete_rope,pr_auc,True,5490,0.8672363492809052,0.8555249587912968,0.8786945120171714,/gpfs/data/bbj-lab/users/daniel/input-representation-benchmark/outputs/runs/tokenized/mimiciv-3.1_meds_70-10-20/deciles_none_unfused_time_rope_first_24h-tokenized/test/logistic_regression-preds-model-discrete-time_rope.pkl,/gpfs/data/bbj-lab/users/daniel/input-representation-benchmark/outputs/runs/tokenized/mimiciv-3.1_meds_70-10-20/deciles_none_unfused_time_rope_first_24h-tokenized/test/tokens_timelines_extended_outcomes.parquet
exp2_additional_binary,classification,hypotension,discrete_rope,brier,False,5490,0.1740352727023759,0.1682488581893176,0.1801250697248124,/gpfs/data/bbj-lab/users/daniel/input-representation-benchmark/outputs/runs/tokenized/mimiciv-3.1_meds_70-10-20/deciles_none_unfused_time_rope_first_24h-tokenized/test/logistic_regression-preds-model-discrete-time_rope.pkl,/gpfs/data/bbj-lab/users/daniel/input-representation-benchmark/outputs/runs/tokenized/mimiciv-3.1_meds_70-10-20/deciles_none_unfused_time_rope_first_24h-tokenized/test/tokens_timelines_extended_outcomes.parquet
exp2_additional_binary,classification,hypotension,discrete_rope,ece_15,False,5490,0.0268323851969633,0.0220657535568402,0.0407672784057405,/gpfs/data/bbj-lab/users/daniel/input-representation-benchmark/outputs/runs/tokenized/mimiciv-3.1_meds_70-10-20/deciles_none_unfused_time_rope_first_24h-tokenized/test/logistic_regression-preds-model-discrete-time_rope.pkl,/gpfs/data/bbj-lab/users/daniel/input-representation-benchmark/outputs/runs/tokenized/mimiciv-3.1_meds_70-10-20/deciles_none_unfused_time_rope_first_24h-tokenized/test/tokens_timelines_extended_outcomes.parquet
exp2_additional_binary,classification,hypotension,soft_rope,roc_auc,True,5490,0.7937291988334192,0.7815941449925445,0.8059529476652997,/gpfs/data/bbj-lab/users/daniel/input-representation-benchmark/outputs/runs/tokenized/mimiciv-3.1_meds_70-10-20/deciles_none_unfused_time_rope_first_24h-tokenized/test/logistic_regression-preds-model-soft-time_rope.pkl,/gpfs/data/bbj-lab/users/daniel/input-representation-benchmark/outputs/runs/tokenized/mimiciv-3.1_meds_70-10-20/deciles_none_unfused_time_rope_first_24h-tokenized/test/tokens_timelines_extended_outcomes.parquet
exp2_additional_binary,classification,hypotension,soft_rope,pr_auc,True,5490,0.8633511009765699,0.8516226330656944,0.8746049288732264,/gpfs/data/bbj-lab/users/daniel/input-representation-benchmark/outputs/runs/tokenized/mimiciv-3.1_meds_70-10-20/deciles_none_unfused_time_rope_first_24h-tokenized/test/logistic_regression-preds-model-soft-time_rope.pkl,/gpfs/data/bbj-lab/users/daniel/input-representation-benchmark/outputs/runs/tokenized/mimiciv-3.1_meds_70-10-20/deciles_none_unfused_time_rope_first_24h-tokenized/test/tokens_timelines_extended_outcomes.parquet
exp2_additional_binary,classification,hypotension,soft_rope,brier,False,5490,0.1765172732642646,0.1706536900180215,0.1823589005097511,/gpfs/data/bbj-lab/users/daniel/input-representation-benchmark/outputs/runs/tokenized/mimiciv-3.1_meds_70-10-20/deciles_none_unfused_time_rope_first_24h-tokenized/test/logistic_regression-preds-model-soft-time_rope.pkl,/gpfs/data/bbj-lab/users/daniel/input-representation-benchmark/outputs/runs/tokenized/mimiciv-3.1_meds_70-10-20/deciles_none_unfused_time_rope_first_24h-tokenized/test/tokens_timelines_extended_outcomes.parquet
exp2_additional_binary,classification,hypotension,soft_rope,ece_15,False,5490,0.0301541988097029,0.0257011823665029,0.0452823915873781,/gpfs/data/bbj-lab/users/daniel/input-representation-benchmark/outputs/runs/tokenized/mimiciv-3.1_meds_70-10-20/deciles_none_unfused_time_rope_first_24h-tokenized/test/logistic_regression-preds-model-soft-time_rope.pkl,/gpfs/data/bbj-lab/users/daniel/input-representation-benchmark/outputs/runs/tokenized/mimiciv-3.1_meds_70-10-20/deciles_none_unfused_time_rope_first_24h-tokenized/test/tokens_timelines_extended_outcomes.parquet
exp2_additional_binary,classification,hypotension,xval_rope,roc_auc,True,5490,0.7401764167667411,0.7267965554153485,0.7531643140777782,/gpfs/data/bbj-lab/users/daniel/input-representation-benchmark/outputs/runs/tokenized/mimiciv-3.1_meds_70-10-20/deciles_none_unfused_time_rope_numencxval_first_24h-tokenized/test/logistic_regression-preds-model-xval-time_rope.pkl,/gpfs/data/bbj-lab/users/daniel/input-representation-benchmark/outputs/runs/tokenized/mimiciv-3.1_meds_70-10-20/deciles_none_unfused_time_rope_numencxval_first_24h-tokenized/test/tokens_timelines_extended_outcomes.parquet
exp2_additional_binary,classification,hypotension,xval_rope,pr_auc,True,5490,0.8294079357058883,0.8166866996317333,0.8412009941304716,/gpfs/data/bbj-lab/users/daniel/input-representation-benchmark/outputs/runs/tokenized/mimiciv-3.1_meds_70-10-20/deciles_none_unfused_time_rope_numencxval_first_24h-tokenized/test/logistic_regression-preds-model-xval-time_rope.pkl,/gpfs/data/bbj-lab/users/daniel/input-representation-benchmark/outputs/runs/tokenized/mimiciv-3.1_meds_70-10-20/deciles_none_unfused_time_rope_numencxval_first_24h-tokenized/test/tokens_timelines_extended_outcomes.parquet
exp2_additional_binary,classification,hypotension,xval_rope,brier,False,5490,0.1945829008428592,0.1894369969316348,0.1997777079180212,/gpfs/data/bbj-lab/users/daniel/input-representation-benchmark/outputs/runs/tokenized/mimiciv-3.1_meds_70-10-20/deciles_none_unfused_time_rope_numencxval_first_24h-tokenized/test/logistic_regression-preds-model-xval-time_rope.pkl,/gpfs/data/bbj-lab/users/daniel/input-representation-benchmark/outputs/runs/tokenized/mimiciv-3.1_meds_70-10-20/deciles_none_unfused_time_rope_numencxval_first_24h-tokenized/test/tokens_timelines_extended_outcomes.parquet
exp2_additional_binary,classification,hypotension,xval_rope,ece_15,False,5490,0.0293672447265376,0.0237888526225358,0.0425595341853545,/gpfs/data/bbj-lab/users/daniel/input-representation-benchmark/outputs/runs/tokenized/mimiciv-3.1_meds_70-10-20/deciles_none_unfused_time_rope_numencxval_first_24h-tokenized/test/logistic_regression-preds-model-xval-time_rope.pkl,/gpfs/data/bbj-lab/users/daniel/input-representation-benchmark/outputs/runs/tokenized/mimiciv-3.1_meds_70-10-20/deciles_none_unfused_time_rope_numencxval_first_24h-tokenized/test/tokens_timelines_extended_outcomes.parquet
exp2_additional_binary,classification,hypotension,xval_affine_rope,roc_auc,True,5490,0.7361786612912449,0.7223521698590504,0.7500846440174985,/gpfs/data/bbj-lab/users/daniel/input-representation-benchmark/outputs/runs/tokenized/mimiciv-3.1_meds_70-10-20/deciles_none_unfused_time_rope_numencxval_first_24h-tokenized/test/logistic_regression-preds-model-xval_affine-time_rope.pkl,/gpfs/data/bbj-lab/users/daniel/input-representation-benchmark/outputs/runs/tokenized/mimiciv-3.1_meds_70-10-20/deciles_none_unfused_time_rope_numencxval_first_24h-tokenized/test/tokens_timelines_extended_outcomes.parquet
exp2_additional_binary,classification,hypotension,xval_affine_rope,pr_auc,True,5490,0.8267265903494172,0.8135470418277739,0.8389806802811112,/gpfs/data/bbj-lab/users/daniel/input-representation-benchmark/outputs/runs/tokenized/mimiciv-3.1_meds_70-10-20/deciles_none_unfused_time_rope_numencxval_first_24h-tokenized/test/logistic_regression-preds-model-xval_affine-time_rope.pkl,/gpfs/data/bbj-lab/users/daniel/input-representation-benchmark/outputs/runs/tokenized/mimiciv-3.1_meds_70-10-20/deciles_none_unfused_time_rope_numencxval_first_24h-tokenized/test/tokens_timelines_extended_outcomes.parquet
exp2_additional_binary,classification,hypotension,xval_affine_rope,brier,False,5490,0.1955942748307003,0.1904923719200164,0.2007212512769846,/gpfs/data/bbj-lab/users/daniel/input-representation-benchmark/outputs/runs/tokenized/mimiciv-3.1_meds_70-10-20/deciles_none_unfused_time_rope_numencxval_first_24h-tokenized/test/logistic_regression-preds-model-xval_affine-time_rope.pkl,/gpfs/data/bbj-lab/users/daniel/input-representation-benchmark/outputs/runs/tokenized/mimiciv-3.1_meds_70-10-20/deciles_none_unfused_time_rope_numencxval_first_24h-tokenized/test/tokens_timelines_extended_outcomes.parquet
exp2_additional_binary,classification,hypotension,xval_affine_rope,ece_15,False,5490,0.0241279704084858,0.0211713224773373,0.0398621551967672,/gpfs/data/bbj-lab/users/daniel/input-representation-benchmark/outputs/runs/tokenized/mimiciv-3.1_meds_70-10-20/deciles_none_unfused_time_rope_numencxval_first_24h-tokenized/test/logistic_regression-preds-model-xval_affine-time_rope.pkl,/gpfs/data/bbj-lab/users/daniel/input-representation-benchmark/outputs/runs/tokenized/mimiciv-3.1_meds_70-10-20/deciles_none_unfused_time_rope_numencxval_first_24h-tokenized/test/tokens_timelines_extended_outcomes.parquet
exp2_additional_binary,classification,profound_hyponatremia,discrete_tt,roc_auc,True,47773,0.7400845677795068,0.6911544184597855,0.7850673953502338,/gpfs/data/bbj-lab/users/daniel/input-representation-benchmark/outputs/runs/tokenized/mimiciv-3.1_meds_70-10-20/deciles_none_unfused_time_tokens_first_24h-tokenized/test/logistic_regression-preds-model-discrete-time_tokens.pkl,/gpfs/data/bbj-lab/users/daniel/input-representation-benchmark/outputs/runs/tokenized/mimiciv-3.1_meds_70-10-20/deciles_none_unfused_time_tokens_first_24h-tokenized/test/tokens_timelines_extended_outcomes.parquet
exp2_additional_binary,classification,profound_hyponatremia,discrete_tt,pr_auc,True,47773,0.0155399700155659,0.008819183466826,0.030861185803897,/gpfs/data/bbj-lab/users/daniel/input-representation-benchmark/outputs/runs/tokenized/mimiciv-3.1_meds_70-10-20/deciles_none_unfused_time_tokens_first_24h-tokenized/test/logistic_regression-preds-model-discrete-time_tokens.pkl,/gpfs/data/bbj-lab/users/daniel/input-representation-benchmark/outputs/runs/tokenized/mimiciv-3.1_meds_70-10-20/deciles_none_unfused_time_tokens_first_24h-tokenized/test/tokens_timelines_extended_outcomes.parquet
exp2_additional_binary,classification,profound_hyponatremia,discrete_tt,brier,False,47773,0.0026905507105372,0.0022389543405135,0.0031475702814547,/gpfs/data/bbj-lab/users/daniel/input-representation-benchmark/outputs/runs/tokenized/mimiciv-3.1_meds_70-10-20/deciles_none_unfused_time_tokens_first_24h-tokenized/test/logistic_regression-preds-model-discrete-time_tokens.pkl,/gpfs/data/bbj-lab/users/daniel/input-representation-benchmark/outputs/runs/tokenized/mimiciv-3.1_meds_70-10-20/deciles_none_unfused_time_tokens_first_24h-tokenized/test/tokens_timelines_extended_outcomes.parquet
exp2_additional_binary,classification,profound_hyponatremia,discrete_tt,ece_15,False,47773,0.0011441457645752,0.00097043701928,0.0017564799363778,/gpfs/data/bbj-lab/users/daniel/input-representation-benchmark/outputs/runs/tokenized/mimiciv-3.1_meds_70-10-20/deciles_none_unfused_time_tokens_first_24h-tokenized/test/logistic_regression-preds-model-discrete-time_tokens.pkl,/gpfs/data/bbj-lab/users/daniel/input-representation-benchmark/outputs/runs/tokenized/mimiciv-3.1_meds_70-10-20/deciles_none_unfused_time_tokens_first_24h-tokenized/test/tokens_timelines_extended_outcomes.parquet
exp2_additional_binary,classification,profound_hyponatremia,soft_tt,roc_auc,True,47773,0.7335519443625496,0.6889251221109159,0.7749911215308658,/gpfs/data/bbj-lab/users/daniel/input-representation-benchmark/outputs/runs/tokenized/mimiciv-3.1_meds_70-10-20/deciles_none_unfused_time_tokens_first_24h-tokenized/test/logistic_regression-preds-model-soft-time_tokens.pkl,/gpfs/data/bbj-lab/users/daniel/input-representation-benchmark/outputs/runs/tokenized/mimiciv-3.1_meds_70-10-20/deciles_none_unfused_time_tokens_first_24h-tokenized/test/tokens_timelines_extended_outcomes.parquet
exp2_additional_binary,classification,profound_hyponatremia,soft_tt,pr_auc,True,47773,0.0144676113781096,0.0080362493925869,0.0351016478295233,/gpfs/data/bbj-lab/users/daniel/input-representation-benchmark/outputs/runs/tokenized/mimiciv-3.1_meds_70-10-20/deciles_none_unfused_time_tokens_first_24h-tokenized/test/logistic_regression-preds-model-soft-time_tokens.pkl,/gpfs/data/bbj-lab/users/daniel/input-representation-benchmark/outputs/runs/tokenized/mimiciv-3.1_meds_70-10-20/deciles_none_unfused_time_tokens_first_24h-tokenized/test/tokens_timelines_extended_outcomes.parquet
exp2_additional_binary,classification,profound_hyponatremia,soft_tt,brier,False,47773,0.0026941288734326,0.0022380263556142,0.0031532153340891,/gpfs/data/bbj-lab/users/daniel/input-representation-benchmark/outputs/runs/tokenized/mimiciv-3.1_meds_70-10-20/deciles_none_unfused_time_tokens_first_24h-tokenized/test/logistic_regression-preds-model-soft-time_tokens.pkl,/gpfs/data/bbj-lab/users/daniel/input-representation-benchmark/outputs/runs/tokenized/mimiciv-3.1_meds_70-10-20/deciles_none_unfused_time_tokens_first_24h-tokenized/test/tokens_timelines_extended_outcomes.parquet
exp2_additional_binary,classification,profound_hyponatremia,soft_tt,ece_15,False,47773,0.0012074874272756,0.001015331253021,0.0017998523586695,/gpfs/data/bbj-lab/users/daniel/input-representation-benchmark/outputs/runs/tokenized/mimiciv-3.1_meds_70-10-20/deciles_none_unfused_time_tokens_first_24h-tokenized/test/logistic_regression-preds-model-soft-time_tokens.pkl,/gpfs/data/bbj-lab/users/daniel/input-representation-benchmark/outputs/runs/tokenized/mimiciv-3.1_meds_70-10-20/deciles_none_unfused_time_tokens_first_24h-tokenized/test/tokens_timelines_extended_outcomes.parquet
exp2_additional_binary,classification,profound_hyponatremia,xval_tt,roc_auc,True,47773,0.6602630686636481,0.6136381012853471,0.708884619806464,/gpfs/data/bbj-lab/users/daniel/input-representation-benchmark/outputs/runs/tokenized/mimiciv-3.1_meds_70-10-20/deciles_none_unfused_time_tokens_numencxval_first_24h-tokenized/test/logistic_regression-preds-model-xval-time_tokens.pkl,/gpfs/data/bbj-lab/users/daniel/input-representation-benchmark/outputs/runs/tokenized/mimiciv-3.1_meds_70-10-20/deciles_none_unfused_time_tokens_numencxval_first_24h-tokenized/test/tokens_timelines_extended_outcomes.parquet
exp2_additional_binary,classification,profound_hyponatremia,xval_tt,pr_auc,True,47773,0.007008768738675,0.004805334705136,0.011963448803031,/gpfs/data/bbj-lab/users/daniel/input-representation-benchmark/outputs/runs/tokenized/mimiciv-3.1_meds_70-10-20/deciles_none_unfused_time_tokens_numencxval_first_24h-tokenized/test/logistic_regression-preds-model-xval-time_tokens.pkl,/gpfs/data/bbj-lab/users/daniel/input-representation-benchmark/outputs/runs/tokenized/mimiciv-3.1_meds_70-10-20/deciles_none_unfused_time_tokens_numencxval_first_24h-tokenized/test/tokens_timelines_extended_outcomes.parquet
exp2_additional_binary,classification,profound_hyponatremia,xval_tt,brier,False,47773,0.0027101702720584,0.0022581288209728,0.003224250735281,/gpfs/data/bbj-lab/users/daniel/input-representation-benchmark/outputs/runs/tokenized/mimiciv-3.1_meds_70-10-20/deciles_none_unfused_time_tokens_numencxval_first_24h-tokenized/test/logistic_regression-preds-model-xval-time_tokens.pkl,/gpfs/data/bbj-lab/users/daniel/input-representation-benchmark/outputs/runs/tokenized/mimiciv-3.1_meds_70-10-20/deciles_none_unfused_time_tokens_numencxval_first_24h-tokenized/test/tokens_timelines_extended_outcomes.parquet
exp2_additional_binary,classification,profound_hyponatremia,xval_tt,ece_15,False,47773,0.0012354148725812,0.0009703149765626,0.00175156435764,/gpfs/data/bbj-lab/users/daniel/input-representation-benchmark/outputs/runs/tokenized/mimiciv-3.1_meds_70-10-20/deciles_none_unfused_time_tokens_numencxval_first_24h-tokenized/test/logistic_regression-preds-model-xval-time_tokens.pkl,/gpfs/data/bbj-lab/users/daniel/input-representation-benchmark/outputs/runs/tokenized/mimiciv-3.1_meds_70-10-20/deciles_none_unfused_time_tokens_numencxval_first_24h-tokenized/test/tokens_timelines_extended_outcomes.parquet
exp2_additional_binary,classification,profound_hyponatremia,xval_affine_tt,roc_auc,True,47773,0.6361753417953179,0.5896068799482673,0.683845441864134,/gpfs/data/bbj-lab/users/daniel/input-representation-benchmark/outputs/runs/tokenized/mimiciv-3.1_meds_70-10-20/deciles_none_unfused_time_tokens_numencxval_first_24h-tokenized/test/logistic_regression-preds-model-xval_affine-time_tokens.pkl,/gpfs/data/bbj-lab/users/daniel/input-representation-benchmark/outputs/runs/tokenized/mimiciv-3.1_meds_70-10-20/deciles_none_unfused_time_tokens_numencxval_first_24h-tokenized/test/tokens_timelines_extended_outcomes.parquet
exp2_additional_binary,classification,profound_hyponatremia,xval_affine_tt,pr_auc,True,47773,0.0063576378222097,0.004196420754486,0.0130587930180637,/gpfs/data/bbj-lab/users/daniel/input-representation-benchmark/outputs/runs/tokenized/mimiciv-3.1_meds_70-10-20/deciles_none_unfused_time_tokens_numencxval_first_24h-tokenized/test/logistic_regression-preds-model-xval_affine-time_tokens.pkl,/gpfs/data/bbj-lab/users/daniel/input-representation-benchmark/outputs/runs/tokenized/mimiciv-3.1_meds_70-10-20/deciles_none_unfused_time_tokens_numencxval_first_24h-tokenized/test/tokens_timelines_extended_outcomes.parquet
exp2_additional_binary,classification,profound_hyponatremia,xval_affine_tt,brier,False,47773,0.0026964819751426,0.0022436574249795,0.0032104995116176,/gpfs/data/bbj-lab/users/daniel/input-representation-benchmark/outputs/runs/tokenized/mimiciv-3.1_meds_70-10-20/deciles_none_unfused_time_tokens_numencxval_first_24h-tokenized/test/logistic_regression-preds-model-xval_affine-time_tokens.pkl,/gpfs/data/bbj-lab/users/daniel/input-representation-benchmark/outputs/runs/tokenized/mimiciv-3.1_meds_70-10-20/deciles_none_unfused_time_tokens_numencxval_first_24h-tokenized/test/tokens_timelines_extended_outcomes.parquet
exp2_additional_binary,classification,profound_hyponatremia,xval_affine_tt,ece_15,False,47773,0.0011012114138498,0.0008964777612742,0.0016632697178036,/gpfs/data/bbj-lab/users/daniel/input-representation-benchmark/outputs/runs/tokenized/mimiciv-3.1_meds_70-10-20/deciles_none_unfused_time_tokens_numencxval_first_24h-tokenized/test/logistic_regression-preds-model-xval_affine-time_tokens.pkl,/gpfs/data/bbj-lab/users/daniel/input-representation-benchmark/outputs/runs/tokenized/mimiciv-3.1_meds_70-10-20/deciles_none_unfused_time_tokens_numencxval_first_24h-tokenized/test/tokens_timelines_extended_outcomes.parquet
exp2_additional_binary,classification,profound_hyponatremia,discrete_rope,roc_auc,True,47773,0.7501693763630648,0.7034993926620565,0.7923574715103606,/gpfs/data/bbj-lab/users/daniel/input-representation-benchmark/outputs/runs/tokenized/mimiciv-3.1_meds_70-10-20/deciles_none_unfused_time_rope_first_24h-tokenized/test/logistic_regression-preds-model-discrete-time_rope.pkl,/gpfs/data/bbj-lab/users/daniel/input-representation-benchmark/outputs/runs/tokenized/mimiciv-3.1_meds_70-10-20/deciles_none_unfused_time_rope_first_24h-tokenized/test/tokens_timelines_extended_outcomes.parquet
exp2_additional_binary,classification,profound_hyponatremia,discrete_rope,pr_auc,True,47773,0.010003765342218,0.0071277444986232,0.0161383929768339,/gpfs/data/bbj-lab/users/daniel/input-representation-benchmark/outputs/runs/tokenized/mimiciv-3.1_meds_70-10-20/deciles_none_unfused_time_rope_first_24h-tokenized/test/logistic_regression-preds-model-discrete-time_rope.pkl,/gpfs/data/bbj-lab/users/daniel/input-representation-benchmark/outputs/runs/tokenized/mimiciv-3.1_meds_70-10-20/deciles_none_unfused_time_rope_first_24h-tokenized/test/tokens_timelines_extended_outcomes.parquet
exp2_additional_binary,classification,profound_hyponatremia,discrete_rope,brier,False,47773,0.0027123052136689,0.0022434137484213,0.0031968276654722,/gpfs/data/bbj-lab/users/daniel/input-representation-benchmark/outputs/runs/tokenized/mimiciv-3.1_meds_70-10-20/deciles_none_unfused_time_rope_first_24h-tokenized/test/logistic_regression-preds-model-discrete-time_rope.pkl,/gpfs/data/bbj-lab/users/daniel/input-representation-benchmark/outputs/runs/tokenized/mimiciv-3.1_meds_70-10-20/deciles_none_unfused_time_rope_first_24h-tokenized/test/tokens_timelines_extended_outcomes.parquet
exp2_additional_binary,classification,profound_hyponatremia,discrete_rope,ece_15,False,47773,0.0010737165363616,0.000824870635357,0.0016548477089807,/gpfs/data/bbj-lab/users/daniel/input-representation-benchmark/outputs/runs/tokenized/mimiciv-3.1_meds_70-10-20/deciles_none_unfused_time_rope_first_24h-tokenized/test/logistic_regression-preds-model-discrete-time_rope.pkl,/gpfs/data/bbj-lab/users/daniel/input-representation-benchmark/outputs/runs/tokenized/mimiciv-3.1_meds_70-10-20/deciles_none_unfused_time_rope_first_24h-tokenized/test/tokens_timelines_extended_outcomes.parquet
exp2_additional_binary,classification,profound_hyponatremia,soft_rope,roc_auc,True,47773,0.7363332311543169,0.6894070196334133,0.7846473439274325,/gpfs/data/bbj-lab/users/daniel/input-representation-benchmark/outputs/runs/tokenized/mimiciv-3.1_meds_70-10-20/deciles_none_unfused_time_rope_first_24h-tokenized/test/logistic_regression-preds-model-soft-time_rope.pkl,/gpfs/data/bbj-lab/users/daniel/input-representation-benchmark/outputs/runs/tokenized/mimiciv-3.1_meds_70-10-20/deciles_none_unfused_time_rope_first_24h-tokenized/test/tokens_timelines_extended_outcomes.parquet
exp2_additional_binary,classification,profound_hyponatremia,soft_rope,pr_auc,True,47773,0.0210642919343143,0.0100015772465749,0.0505485860450026,/gpfs/data/bbj-lab/users/daniel/input-representation-benchmark/outputs/runs/tokenized/mimiciv-3.1_meds_70-10-20/deciles_none_unfused_time_rope_first_24h-tokenized/test/logistic_regression-preds-model-soft-time_rope.pkl,/gpfs/data/bbj-lab/users/daniel/input-representation-benchmark/outputs/runs/tokenized/mimiciv-3.1_meds_70-10-20/deciles_none_unfused_time_rope_first_24h-tokenized/test/tokens_timelines_extended_outcomes.parquet
exp2_additional_binary,classification,profound_hyponatremia,soft_rope,brier,False,47773,0.002681587661794,0.0022168895317604,0.0031655160365571,/gpfs/data/bbj-lab/users/daniel/input-representation-benchmark/outputs/runs/tokenized/mimiciv-3.1_meds_70-10-20/deciles_none_unfused_time_rope_first_24h-tokenized/test/logistic_regression-preds-model-soft-time_rope.pkl,/gpfs/data/bbj-lab/users/daniel/input-representation-benchmark/outputs/runs/tokenized/mimiciv-3.1_meds_70-10-20/deciles_none_unfused_time_rope_first_24h-tokenized/test/tokens_timelines_extended_outcomes.parquet
exp2_additional_binary,classification,profound_hyponatremia,soft_rope,ece_15,False,47773,0.0009858812222987,0.0008385696108819,0.0016217294445186,/gpfs/data/bbj-lab/users/daniel/input-representation-benchmark/outputs/runs/tokenized/mimiciv-3.1_meds_70-10-20/deciles_none_unfused_time_rope_first_24h-tokenized/test/logistic_regression-preds-model-soft-time_rope.pkl,/gpfs/data/bbj-lab/users/daniel/input-representation-benchmark/outputs/runs/tokenized/mimiciv-3.1_meds_70-10-20/deciles_none_unfused_time_rope_first_24h-tokenized/test/tokens_timelines_extended_outcomes.parquet
exp2_additional_binary,classification,profound_hyponatremia,xval_rope,roc_auc,True,47773,0.6776753167386801,0.6243895420705008,0.7245661221430977,/gpfs/data/bbj-lab/users/daniel/input-representation-benchmark/outputs/runs/tokenized/mimiciv-3.1_meds_70-10-20/deciles_none_unfused_time_rope_numencxval_first_24h-tokenized/test/logistic_regression-preds-model-xval-time_rope.pkl,/gpfs/data/bbj-lab/users/daniel/input-representation-benchmark/outputs/runs/tokenized/mimiciv-3.1_meds_70-10-20/deciles_none_unfused_time_rope_numencxval_first_24h-tokenized/test/tokens_timelines_extended_outcomes.parquet
exp2_additional_binary,classification,profound_hyponatremia,xval_rope,pr_auc,True,47773,0.0086360362730765,0.0058916244059769,0.0130177825076984,/gpfs/data/bbj-lab/users/daniel/input-representation-benchmark/outputs/runs/tokenized/mimiciv-3.1_meds_70-10-20/deciles_none_unfused_time_rope_numencxval_first_24h-tokenized/test/logistic_regression-preds-model-xval-time_rope.pkl,/gpfs/data/bbj-lab/users/daniel/input-representation-benchmark/outputs/runs/tokenized/mimiciv-3.1_meds_70-10-20/deciles_none_unfused_time_rope_numencxval_first_24h-tokenized/test/tokens_timelines_extended_outcomes.parquet
exp2_additional_binary,classification,profound_hyponatremia,xval_rope,brier,False,47773,0.0027124039076261,0.0022331431180306,0.0031734576251901,/gpfs/data/bbj-lab/users/daniel/input-representation-benchmark/outputs/runs/tokenized/mimiciv-3.1_meds_70-10-20/deciles_none_unfused_time_rope_numencxval_first_24h-tokenized/test/logistic_regression-preds-model-xval-time_rope.pkl,/gpfs/data/bbj-lab/users/daniel/input-representation-benchmark/outputs/runs/tokenized/mimiciv-3.1_meds_70-10-20/deciles_none_unfused_time_rope_numencxval_first_24h-tokenized/test/tokens_timelines_extended_outcomes.parquet
exp2_additional_binary,classification,profound_hyponatremia,xval_rope,ece_15,False,47773,0.0011085121440826,0.0009121699895211,0.0017268326989874,/gpfs/data/bbj-lab/users/daniel/input-representation-benchmark/outputs/runs/tokenized/mimiciv-3.1_meds_70-10-20/deciles_none_unfused_time_rope_numencxval_first_24h-tokenized/test/logistic_regression-preds-model-xval-time_rope.pkl,/gpfs/data/bbj-lab/users/daniel/input-representation-benchmark/outputs/runs/tokenized/mimiciv-3.1_meds_70-10-20/deciles_none_unfused_time_rope_numencxval_first_24h-tokenized/test/tokens_timelines_extended_outcomes.parquet
exp2_additional_binary,classification,profound_hyponatremia,xval_affine_rope,roc_auc,True,47773,0.6630752694890203,0.6146688304311526,0.7110486910237171,/gpfs/data/bbj-lab/users/daniel/input-representation-benchmark/outputs/runs/tokenized/mimiciv-3.1_meds_70-10-20/deciles_none_unfused_time_rope_numencxval_first_24h-tokenized/test/logistic_regression-preds-model-xval_affine-time_rope.pkl,/gpfs/data/bbj-lab/users/daniel/input-representation-benchmark/outputs/runs/tokenized/mimiciv-3.1_meds_70-10-20/deciles_none_unfused_time_rope_numencxval_first_24h-tokenized/test/tokens_timelines_extended_outcomes.parquet
exp2_additional_binary,classification,profound_hyponatremia,xval_affine_rope,pr_auc,True,47773,0.0067515970631855,0.0047031890385742,0.0100427233258155,/gpfs/data/bbj-lab/users/daniel/input-representation-benchmark/outputs/runs/tokenized/mimiciv-3.1_meds_70-10-20/deciles_none_unfused_time_rope_numencxval_first_24h-tokenized/test/logistic_regression-preds-model-xval_affine-time_rope.pkl,/gpfs/data/bbj-lab/users/daniel/input-representation-benchmark/outputs/runs/tokenized/mimiciv-3.1_meds_70-10-20/deciles_none_unfused_time_rope_numencxval_first_24h-tokenized/test/tokens_timelines_extended_outcomes.parquet
exp2_additional_binary,classification,profound_hyponatremia,xval_affine_rope,brier,False,47773,0.0026965244802785,0.0022166986983693,0.0031573404110046,/gpfs/data/bbj-lab/users/daniel/input-representation-benchmark/outputs/runs/tokenized/mimiciv-3.1_meds_70-10-20/deciles_none_unfused_time_rope_numencxval_first_24h-tokenized/test/logistic_regression-preds-model-xval_affine-time_rope.pkl,/gpfs/data/bbj-lab/users/daniel/input-representation-benchmark/outputs/runs/tokenized/mimiciv-3.1_meds_70-10-20/deciles_none_unfused_time_rope_numencxval_first_24h-tokenized/test/tokens_timelines_extended_outcomes.parquet
exp2_additional_binary,classification,profound_hyponatremia,xval_affine_rope,ece_15,False,47773,0.0009352361870616,0.0007510135356676,0.0015442028552011,/gpfs/data/bbj-lab/users/daniel/input-representation-benchmark/outputs/runs/tokenized/mimiciv-3.1_meds_70-10-20/deciles_none_unfused_time_rope_numencxval_first_24h-tokenized/test/logistic_regression-preds-model-xval_affine-time_rope.pkl,/gpfs/data/bbj-lab/users/daniel/input-representation-benchmark/outputs/runs/tokenized/mimiciv-3.1_meds_70-10-20/deciles_none_unfused_time_rope_numencxval_first_24h-tokenized/test/tokens_timelines_extended_outcomes.parquet
exp2_additional_binary,classification,severe_anemia,discrete_tt,roc_auc,True,46844,0.8332101836315005,0.825910787175511,0.840593827446028,/gpfs/data/bbj-lab/users/daniel/input-representation-benchmark/outputs/runs/tokenized/mimiciv-3.1_meds_70-10-20/deciles_none_unfused_time_tokens_first_24h-tokenized/test/logistic_regression-preds-model-discrete-time_tokens.pkl,/gpfs/data/bbj-lab/users/daniel/input-representation-benchmark/outputs/runs/tokenized/mimiciv-3.1_meds_70-10-20/deciles_none_unfused_time_tokens_first_24h-tokenized/test/tokens_timelines_extended_outcomes.parquet
exp2_additional_binary,classification,severe_anemia,discrete_tt,pr_auc,True,46844,0.2885253771737318,0.2721889053644443,0.3057896854784142,/gpfs/data/bbj-lab/users/daniel/input-representation-benchmark/outputs/runs/tokenized/mimiciv-3.1_meds_70-10-20/deciles_none_unfused_time_tokens_first_24h-tokenized/test/logistic_regression-preds-model-discrete-time_tokens.pkl,/gpfs/data/bbj-lab/users/daniel/input-representation-benchmark/outputs/runs/tokenized/mimiciv-3.1_meds_70-10-20/deciles_none_unfused_time_tokens_first_24h-tokenized/test/tokens_timelines_extended_outcomes.parquet
exp2_additional_binary,classification,severe_anemia,discrete_tt,brier,False,46844,0.0497142657566474,0.0482044095884529,0.0512918718437016,/gpfs/data/bbj-lab/users/daniel/input-representation-benchmark/outputs/runs/tokenized/mimiciv-3.1_meds_70-10-20/deciles_none_unfused_time_tokens_first_24h-tokenized/test/logistic_regression-preds-model-discrete-time_tokens.pkl,/gpfs/data/bbj-lab/users/daniel/input-representation-benchmark/outputs/runs/tokenized/mimiciv-3.1_meds_70-10-20/deciles_none_unfused_time_tokens_first_24h-tokenized/test/tokens_timelines_extended_outcomes.parquet
exp2_additional_binary,classification,severe_anemia,discrete_tt,ece_15,False,46844,0.003915125235057,0.0035213245588185,0.0068657155594579,/gpfs/data/bbj-lab/users/daniel/input-representation-benchmark/outputs/runs/tokenized/mimiciv-3.1_meds_70-10-20/deciles_none_unfused_time_tokens_first_24h-tokenized/test/logistic_regression-preds-model-discrete-time_tokens.pkl,/gpfs/data/bbj-lab/users/daniel/input-representation-benchmark/outputs/runs/tokenized/mimiciv-3.1_meds_70-10-20/deciles_none_unfused_time_tokens_first_24h-tokenized/test/tokens_timelines_extended_outcomes.parquet
exp2_additional_binary,classification,severe_anemia,soft_tt,roc_auc,True,46844,0.8337544780550434,0.8261499651541878,0.8409367661630927,/gpfs/data/bbj-lab/users/daniel/input-representation-benchmark/outputs/runs/tokenized/mimiciv-3.1_meds_70-10-20/deciles_none_unfused_time_tokens_first_24h-tokenized/test/logistic_regression-preds-model-soft-time_tokens.pkl,/gpfs/data/bbj-lab/users/daniel/input-representation-benchmark/outputs/runs/tokenized/mimiciv-3.1_meds_70-10-20/deciles_none_unfused_time_tokens_first_24h-tokenized/test/tokens_timelines_extended_outcomes.parquet
exp2_additional_binary,classification,severe_anemia,soft_tt,pr_auc,True,46844,0.2936726859648249,0.2772671856992422,0.312300220401475,/gpfs/data/bbj-lab/users/daniel/input-representation-benchmark/outputs/runs/tokenized/mimiciv-3.1_meds_70-10-20/deciles_none_unfused_time_tokens_first_24h-tokenized/test/logistic_regression-preds-model-soft-time_tokens.pkl,/gpfs/data/bbj-lab/users/daniel/input-representation-benchmark/outputs/runs/tokenized/mimiciv-3.1_meds_70-10-20/deciles_none_unfused_time_tokens_first_24h-tokenized/test/tokens_timelines_extended_outcomes.parquet
exp2_additional_binary,classification,severe_anemia,soft_tt,brier,False,46844,0.0493844886710085,0.0479070914632463,0.0510190633686573,/gpfs/data/bbj-lab/users/daniel/input-representation-benchmark/outputs/runs/tokenized/mimiciv-3.1_meds_70-10-20/deciles_none_unfused_time_tokens_first_24h-tokenized/test/logistic_regression-preds-model-soft-time_tokens.pkl,/gpfs/data/bbj-lab/users/daniel/input-representation-benchmark/outputs/runs/tokenized/mimiciv-3.1_meds_70-10-20/deciles_none_unfused_time_tokens_first_24h-tokenized/test/tokens_timelines_extended_outcomes.parquet
exp2_additional_binary,classification,severe_anemia,soft_tt,ece_15,False,46844,0.004665684337831,0.0037803520758847,0.0071589971021806,/gpfs/data/bbj-lab/users/daniel/input-representation-benchmark/outputs/runs/tokenized/mimiciv-3.1_meds_70-10-20/deciles_none_unfused_time_tokens_first_24h-tokenized/test/logistic_regression-preds-model-soft-time_tokens.pkl,/gpfs/data/bbj-lab/users/daniel/input-representation-benchmark/outputs/runs/tokenized/mimiciv-3.1_meds_70-10-20/deciles_none_unfused_time_tokens_first_24h-tokenized/test/tokens_timelines_extended_outcomes.parquet
exp2_additional_binary,classification,severe_anemia,xval_tt,roc_auc,True,46844,0.7676794663609627,0.7593881317762496,0.7765329458655827,/gpfs/data/bbj-lab/users/daniel/input-representation-benchmark/outputs/runs/tokenized/mimiciv-3.1_meds_70-10-20/deciles_none_unfused_time_tokens_numencxval_first_24h-tokenized/test/logistic_regression-preds-model-xval-time_tokens.pkl,/gpfs/data/bbj-lab/users/daniel/input-representation-benchmark/outputs/runs/tokenized/mimiciv-3.1_meds_70-10-20/deciles_none_unfused_time_tokens_numencxval_first_24h-tokenized/test/tokens_timelines_extended_outcomes.parquet
exp2_additional_binary,classification,severe_anemia,xval_tt,pr_auc,True,46844,0.2147817807877245,0.2011854496528443,0.2299651064294187,/gpfs/data/bbj-lab/users/daniel/input-representation-benchmark/outputs/runs/tokenized/mimiciv-3.1_meds_70-10-20/deciles_none_unfused_time_tokens_numencxval_first_24h-tokenized/test/logistic_regression-preds-model-xval-time_tokens.pkl,/gpfs/data/bbj-lab/users/daniel/input-representation-benchmark/outputs/runs/tokenized/mimiciv-3.1_meds_70-10-20/deciles_none_unfused_time_tokens_numencxval_first_24h-tokenized/test/tokens_timelines_extended_outcomes.parquet
exp2_additional_binary,classification,severe_anemia,xval_tt,brier,False,46844,0.0525938683548723,0.0509316610013613,0.054225322777875,/gpfs/data/bbj-lab/users/daniel/input-representation-benchmark/outputs/runs/tokenized/mimiciv-3.1_meds_70-10-20/deciles_none_unfused_time_tokens_numencxval_first_24h-tokenized/test/logistic_regression-preds-model-xval-time_tokens.pkl,/gpfs/data/bbj-lab/users/daniel/input-representation-benchmark/outputs/runs/tokenized/mimiciv-3.1_meds_70-10-20/deciles_none_unfused_time_tokens_numencxval_first_24h-tokenized/test/tokens_timelines_extended_outcomes.parquet
exp2_additional_binary,classification,severe_anemia,xval_tt,ece_15,False,46844,0.0057734887038394,0.0045410662782226,0.0081430504193196,/gpfs/data/bbj-lab/users/daniel/input-representation-benchmark/outputs/runs/tokenized/mimiciv-3.1_meds_70-10-20/deciles_none_unfused_time_tokens_numencxval_first_24h-tokenized/test/logistic_regression-preds-model-xval-time_tokens.pkl,/gpfs/data/bbj-lab/users/daniel/input-representation-benchmark/outputs/runs/tokenized/mimiciv-3.1_meds_70-10-20/deciles_none_unfused_time_tokens_numencxval_first_24h-tokenized/test/tokens_timelines_extended_outcomes.parquet
exp2_additional_binary,classification,severe_anemia,xval_affine_tt,roc_auc,True,46844,0.7505404168538102,0.7414563103763181,0.7596177915141555,/gpfs/data/bbj-lab/users/daniel/input-representation-benchmark/outputs/runs/tokenized/mimiciv-3.1_meds_70-10-20/deciles_none_unfused_time_tokens_numencxval_first_24h-tokenized/test/logistic_regression-preds-model-xval_affine-time_tokens.pkl,/gpfs/data/bbj-lab/users/daniel/input-representation-benchmark/outputs/runs/tokenized/mimiciv-3.1_meds_70-10-20/deciles_none_unfused_time_tokens_numencxval_first_24h-tokenized/test/tokens_timelines_extended_outcomes.parquet
exp2_additional_binary,classification,severe_anemia,xval_affine_tt,pr_auc,True,46844,0.1922976696834415,0.17989316065637,0.206195423401799,/gpfs/data/bbj-lab/users/daniel/input-representation-benchmark/outputs/runs/tokenized/mimiciv-3.1_meds_70-10-20/deciles_none_unfused_time_tokens_numencxval_first_24h-tokenized/test/logistic_regression-preds-model-xval_affine-time_tokens.pkl,/gpfs/data/bbj-lab/users/daniel/input-representation-benchmark/outputs/runs/tokenized/mimiciv-3.1_meds_70-10-20/deciles_none_unfused_time_tokens_numencxval_first_24h-tokenized/test/tokens_timelines_extended_outcomes.parquet
exp2_additional_binary,classification,severe_anemia,xval_affine_tt,brier,False,46844,0.0533768963879047,0.0516468486055673,0.0550536329716038,/gpfs/data/bbj-lab/users/daniel/input-representation-benchmark/outputs/runs/tokenized/mimiciv-3.1_meds_70-10-20/deciles_none_unfused_time_tokens_numencxval_first_24h-tokenized/test/logistic_regression-preds-model-xval_affine-time_tokens.pkl,/gpfs/data/bbj-lab/users/daniel/input-representation-benchmark/outputs/runs/tokenized/mimiciv-3.1_meds_70-10-20/deciles_none_unfused_time_tokens_numencxval_first_24h-tokenized/test/tokens_timelines_extended_outcomes.parquet
exp2_additional_binary,classification,severe_anemia,xval_affine_tt,ece_15,False,46844,0.0050282128459291,0.0037410657202554,0.0073799702161822,/gpfs/data/bbj-lab/users/daniel/input-representation-benchmark/outputs/runs/tokenized/mimiciv-3.1_meds_70-10-20/deciles_none_unfused_time_tokens_numencxval_first_24h-tokenized/test/logistic_regression-preds-model-xval_affine-time_tokens.pkl,/gpfs/data/bbj-lab/users/daniel/input-representation-benchmark/outputs/runs/tokenized/mimiciv-3.1_meds_70-10-20/deciles_none_unfused_time_tokens_numencxval_first_24h-tokenized/test/tokens_timelines_extended_outcomes.parquet
exp2_additional_binary,classification,severe_anemia,discrete_rope,roc_auc,True,46844,0.8365727339944762,0.8296727684820147,0.8438556200261441,/gpfs/data/bbj-lab/users/daniel/input-representation-benchmark/outputs/runs/tokenized/mimiciv-3.1_meds_70-10-20/deciles_none_unfused_time_rope_first_24h-tokenized/test/logistic_regression-preds-model-discrete-time_rope.pkl,/gpfs/data/bbj-lab/users/daniel/input-representation-benchmark/outputs/runs/tokenized/mimiciv-3.1_meds_70-10-20/deciles_none_unfused_time_rope_first_24h-tokenized/test/tokens_timelines_extended_outcomes.parquet
exp2_additional_binary,classification,severe_anemia,discrete_rope,pr_auc,True,46844,0.2919508707322604,0.2755956403748182,0.3097316710570068,/gpfs/data/bbj-lab/users/daniel/input-representation-benchmark/outputs/runs/tokenized/mimiciv-3.1_meds_70-10-20/deciles_none_unfused_time_rope_first_24h-tokenized/test/logistic_regression-preds-model-discrete-time_rope.pkl,/gpfs/data/bbj-lab/users/daniel/input-representation-benchmark/outputs/runs/tokenized/mimiciv-3.1_meds_70-10-20/deciles_none_unfused_time_rope_first_24h-tokenized/test/tokens_timelines_extended_outcomes.parquet
exp2_additional_binary,classification,severe_anemia,discrete_rope,brier,False,46844,0.0494573699954423,0.0478364988735643,0.0510070944948666,/gpfs/data/bbj-lab/users/daniel/input-representation-benchmark/outputs/runs/tokenized/mimiciv-3.1_meds_70-10-20/deciles_none_unfused_time_rope_first_24h-tokenized/test/logistic_regression-preds-model-discrete-time_rope.pkl,/gpfs/data/bbj-lab/users/daniel/input-representation-benchmark/outputs/runs/tokenized/mimiciv-3.1_meds_70-10-20/deciles_none_unfused_time_rope_first_24h-tokenized/test/tokens_timelines_extended_outcomes.parquet
exp2_additional_binary,classification,severe_anemia,discrete_rope,ece_15,False,46844,0.0050657357774312,0.0043330055241779,0.0076929126032422,/gpfs/data/bbj-lab/users/daniel/input-representation-benchmark/outputs/runs/tokenized/mimiciv-3.1_meds_70-10-20/deciles_none_unfused_time_rope_first_24h-tokenized/test/logistic_regression-preds-model-discrete-time_rope.pkl,/gpfs/data/bbj-lab/users/daniel/input-representation-benchmark/outputs/runs/tokenized/mimiciv-3.1_meds_70-10-20/deciles_none_unfused_time_rope_first_24h-tokenized/test/tokens_timelines_extended_outcomes.parquet
exp2_additional_binary,classification,severe_anemia,soft_rope,roc_auc,True,46844,0.8311114500099088,0.8235361968351895,0.8384819743073267,/gpfs/data/bbj-lab/users/daniel/input-representation-benchmark/outputs/runs/tokenized/mimiciv-3.1_meds_70-10-20/deciles_none_unfused_time_rope_first_24h-tokenized/test/logistic_regression-preds-model-soft-time_rope.pkl,/gpfs/data/bbj-lab/users/daniel/input-representation-benchmark/outputs/runs/tokenized/mimiciv-3.1_meds_70-10-20/deciles_none_unfused_time_rope_first_24h-tokenized/test/tokens_timelines_extended_outcomes.parquet
exp2_additional_binary,classification,severe_anemia,soft_rope,pr_auc,True,46844,0.2914198203000508,0.2755545252832935,0.3084767716398377,/gpfs/data/bbj-lab/users/daniel/input-representation-benchmark/outputs/runs/tokenized/mimiciv-3.1_meds_70-10-20/deciles_none_unfused_time_rope_first_24h-tokenized/test/logistic_regression-preds-model-soft-time_rope.pkl,/gpfs/data/bbj-lab/users/daniel/input-representation-benchmark/outputs/runs/tokenized/mimiciv-3.1_meds_70-10-20/deciles_none_unfused_time_rope_first_24h-tokenized/test/tokens_timelines_extended_outcomes.parquet
exp2_additional_binary,classification,severe_anemia,soft_rope,brier,False,46844,0.0495203430975454,0.0479055844314579,0.0510406087528763,/gpfs/data/bbj-lab/users/daniel/input-representation-benchmark/outputs/runs/tokenized/mimiciv-3.1_meds_70-10-20/deciles_none_unfused_time_rope_first_24h-tokenized/test/logistic_regression-preds-model-soft-time_rope.pkl,/gpfs/data/bbj-lab/users/daniel/input-representation-benchmark/outputs/runs/tokenized/mimiciv-3.1_meds_70-10-20/deciles_none_unfused_time_rope_first_24h-tokenized/test/tokens_timelines_extended_outcomes.parquet
exp2_additional_binary,classification,severe_anemia,soft_rope,ece_15,False,46844,0.0043724725097345,0.0036864610717689,0.0070875500338725,/gpfs/data/bbj-lab/users/daniel/input-representation-benchmark/outputs/runs/tokenized/mimiciv-3.1_meds_70-10-20/deciles_none_unfused_time_rope_first_24h-tokenized/test/logistic_regression-preds-model-soft-time_rope.pkl,/gpfs/data/bbj-lab/users/daniel/input-representation-benchmark/outputs/runs/tokenized/mimiciv-3.1_meds_70-10-20/deciles_none_unfused_time_rope_first_24h-tokenized/test/tokens_timelines_extended_outcomes.parquet
exp2_additional_binary,classification,severe_anemia,xval_rope,roc_auc,True,46844,0.7669375115251097,0.7582709761337336,0.7756133177868507,/gpfs/data/bbj-lab/users/daniel/input-representation-benchmark/outputs/runs/tokenized/mimiciv-3.1_meds_70-10-20/deciles_none_unfused_time_rope_numencxval_first_24h-tokenized/test/logistic_regression-preds-model-xval-time_rope.pkl,/gpfs/data/bbj-lab/users/daniel/input-representation-benchmark/outputs/runs/tokenized/mimiciv-3.1_meds_70-10-20/deciles_none_unfused_time_rope_numencxval_first_24h-tokenized/test/tokens_timelines_extended_outcomes.parquet
exp2_additional_binary,classification,severe_anemia,xval_rope,pr_auc,True,46844,0.2208879568784899,0.2061879798444004,0.2359441817505288,/gpfs/data/bbj-lab/users/daniel/input-representation-benchmark/outputs/runs/tokenized/mimiciv-3.1_meds_70-10-20/deciles_none_unfused_time_rope_numencxval_first_24h-tokenized/test/logistic_regression-preds-model-xval-time_rope.pkl,/gpfs/data/bbj-lab/users/daniel/input-representation-benchmark/outputs/runs/tokenized/mimiciv-3.1_meds_70-10-20/deciles_none_unfused_time_rope_numencxval_first_24h-tokenized/test/tokens_timelines_extended_outcomes.parquet
exp2_additional_binary,classification,severe_anemia,xval_rope,brier,False,46844,0.0523564062701313,0.0506995485483443,0.0540326724036211,/gpfs/data/bbj-lab/users/daniel/input-representation-benchmark/outputs/runs/tokenized/mimiciv-3.1_meds_70-10-20/deciles_none_unfused_time_rope_numencxval_first_24h-tokenized/test/logistic_regression-preds-model-xval-time_rope.pkl,/gpfs/data/bbj-lab/users/daniel/input-representation-benchmark/outputs/runs/tokenized/mimiciv-3.1_meds_70-10-20/deciles_none_unfused_time_rope_numencxval_first_24h-tokenized/test/tokens_timelines_extended_outcomes.parquet
exp2_additional_binary,classification,severe_anemia,xval_rope,ece_15,False,46844,0.0052834686554933,0.004455184320533,0.0081157294721847,/gpfs/data/bbj-lab/users/daniel/input-representation-benchmark/outputs/runs/tokenized/mimiciv-3.1_meds_70-10-20/deciles_none_unfused_time_rope_numencxval_first_24h-tokenized/test/logistic_regression-preds-model-xval-time_rope.pkl,/gpfs/data/bbj-lab/users/daniel/input-representation-benchmark/outputs/runs/tokenized/mimiciv-3.1_meds_70-10-20/deciles_none_unfused_time_rope_numencxval_first_24h-tokenized/test/tokens_timelines_extended_outcomes.parquet
exp2_additional_binary,classification,severe_anemia,xval_affine_rope,roc_auc,True,46844,0.742403924581978,0.7331744221930879,0.7515558283511347,/gpfs/data/bbj-lab/users/daniel/input-representation-benchmark/outputs/runs/tokenized/mimiciv-3.1_meds_70-10-20/deciles_none_unfused_time_rope_numencxval_first_24h-tokenized/test/logistic_regression-preds-model-xval_affine-time_rope.pkl,/gpfs/data/bbj-lab/users/daniel/input-representation-benchmark/outputs/runs/tokenized/mimiciv-3.1_meds_70-10-20/deciles_none_unfused_time_rope_numencxval_first_24h-tokenized/test/tokens_timelines_extended_outcomes.parquet
exp2_additional_binary,classification,severe_anemia,xval_affine_rope,pr_auc,True,46844,0.182268960605224,0.1702931544251739,0.1952716092329725,/gpfs/data/bbj-lab/users/daniel/input-representation-benchmark/outputs/runs/tokenized/mimiciv-3.1_meds_70-10-20/deciles_none_unfused_time_rope_numencxval_first_24h-tokenized/test/logistic_regression-preds-model-xval_affine-time_rope.pkl,/gpfs/data/bbj-lab/users/daniel/input-representation-benchmark/outputs/runs/tokenized/mimiciv-3.1_meds_70-10-20/deciles_none_unfused_time_rope_numencxval_first_24h-tokenized/test/tokens_timelines_extended_outcomes.parquet
exp2_additional_binary,classification,severe_anemia,xval_affine_rope,brier,False,46844,0.0538386817270279,0.0520975275672867,0.0555921206720958,/gpfs/data/bbj-lab/users/daniel/input-representation-benchmark/outputs/runs/tokenized/mimiciv-3.1_meds_70-10-20/deciles_none_unfused_time_rope_numencxval_first_24h-tokenized/test/logistic_regression-preds-model-xval_affine-time_rope.pkl,/gpfs/data/bbj-lab/users/daniel/input-representation-benchmark/outputs/runs/tokenized/mimiciv-3.1_meds_70-10-20/deciles_none_unfused_time_rope_numencxval_first_24h-tokenized/test/tokens_timelines_extended_outcomes.parquet
exp2_additional_binary,classification,severe_anemia,xval_affine_rope,ece_15,False,46844,0.0059983629933624,0.005112577259132,0.0088106003694095,/gpfs/data/bbj-lab/users/daniel/input-representation-benchmark/outputs/runs/tokenized/mimiciv-3.1_meds_70-10-20/deciles_none_unfused_time_rope_numencxval_first_24h-tokenized/test/logistic_regression-preds-model-xval_affine-time_rope.pkl,/gpfs/data/bbj-lab/users/daniel/input-representation-benchmark/outputs/runs/tokenized/mimiciv-3.1_meds_70-10-20/deciles_none_unfused_time_rope_numencxval_first_24h-tokenized/test/tokens_timelines_extended_outcomes.parquet
exp2_additional_binary,classification,severe_hypernatremia,discrete_tt,roc_auc,True,47890,0.8641904383390808,0.816055149896626,0.9082602161258378,/gpfs/data/bbj-lab/users/daniel/input-representation-benchmark/outputs/runs/tokenized/mimiciv-3.1_meds_70-10-20/deciles_none_unfused_time_tokens_first_24h-tokenized/test/logistic_regression-preds-model-discrete-time_tokens.pkl,/gpfs/data/bbj-lab/users/daniel/input-representation-benchmark/outputs/runs/tokenized/mimiciv-3.1_meds_70-10-20/deciles_none_unfused_time_tokens_first_24h-tokenized/test/tokens_timelines_extended_outcomes.parquet
exp2_additional_binary,classification,severe_hypernatremia,discrete_tt,pr_auc,True,47890,0.0759722144619697,0.0407697320989619,0.1321024605025021,/gpfs/data/bbj-lab/users/daniel/input-representation-benchmark/outputs/runs/tokenized/mimiciv-3.1_meds_70-10-20/deciles_none_unfused_time_tokens_first_24h-tokenized/test/logistic_regression-preds-model-discrete-time_tokens.pkl,/gpfs/data/bbj-lab/users/daniel/input-representation-benchmark/outputs/runs/tokenized/mimiciv-3.1_meds_70-10-20/deciles_none_unfused_time_tokens_first_24h-tokenized/test/tokens_timelines_extended_outcomes.parquet
exp2_additional_binary,classification,severe_hypernatremia,discrete_tt,brier,False,47890,0.0016972781381764,0.0013532879390909,0.0020726027062691,/gpfs/data/bbj-lab/users/daniel/input-representation-benchmark/outputs/runs/tokenized/mimiciv-3.1_meds_70-10-20/deciles_none_unfused_time_tokens_first_24h-tokenized/test/logistic_regression-preds-model-discrete-time_tokens.pkl,/gpfs/data/bbj-lab/users/daniel/input-representation-benchmark/outputs/runs/tokenized/mimiciv-3.1_meds_70-10-20/deciles_none_unfused_time_tokens_first_24h-tokenized/test/tokens_timelines_extended_outcomes.parquet
exp2_additional_binary,classification,severe_hypernatremia,discrete_tt,ece_15,False,47890,0.0003993319188563,0.0003314509219629,0.0008611559042862,/gpfs/data/bbj-lab/users/daniel/input-representation-benchmark/outputs/runs/tokenized/mimiciv-3.1_meds_70-10-20/deciles_none_unfused_time_tokens_first_24h-tokenized/test/logistic_regression-preds-model-discrete-time_tokens.pkl,/gpfs/data/bbj-lab/users/daniel/input-representation-benchmark/outputs/runs/tokenized/mimiciv-3.1_meds_70-10-20/deciles_none_unfused_time_tokens_first_24h-tokenized/test/tokens_timelines_extended_outcomes.parquet
exp2_additional_binary,classification,severe_hypernatremia,soft_tt,roc_auc,True,47890,0.8704003083892637,0.8255246085577552,0.9103412385333264,/gpfs/data/bbj-lab/users/daniel/input-representation-benchmark/outputs/runs/tokenized/mimiciv-3.1_meds_70-10-20/deciles_none_unfused_time_tokens_first_24h-tokenized/test/logistic_regression-preds-model-soft-time_tokens.pkl,/gpfs/data/bbj-lab/users/daniel/input-representation-benchmark/outputs/runs/tokenized/mimiciv-3.1_meds_70-10-20/deciles_none_unfused_time_tokens_first_24h-tokenized/test/tokens_timelines_extended_outcomes.parquet
exp2_additional_binary,classification,severe_hypernatremia,soft_tt,pr_auc,True,47890,0.0607293538210043,0.0326393661301423,0.119055915349183,/gpfs/data/bbj-lab/users/daniel/input-representation-benchmark/outputs/runs/tokenized/mimiciv-3.1_meds_70-10-20/deciles_none_unfused_time_tokens_first_24h-tokenized/test/logistic_regression-preds-model-soft-time_tokens.pkl,/gpfs/data/bbj-lab/users/daniel/input-representation-benchmark/outputs/runs/tokenized/mimiciv-3.1_meds_70-10-20/deciles_none_unfused_time_tokens_first_24h-tokenized/test/tokens_timelines_extended_outcomes.parquet
exp2_additional_binary,classification,severe_hypernatremia,soft_tt,brier,False,47890,0.001710422083421,0.0013670569583924,0.0020818690651819,/gpfs/data/bbj-lab/users/daniel/input-representation-benchmark/outputs/runs/tokenized/mimiciv-3.1_meds_70-10-20/deciles_none_unfused_time_tokens_first_24h-tokenized/test/logistic_regression-preds-model-soft-time_tokens.pkl,/gpfs/data/bbj-lab/users/daniel/input-representation-benchmark/outputs/runs/tokenized/mimiciv-3.1_meds_70-10-20/deciles_none_unfused_time_tokens_first_24h-tokenized/test/tokens_timelines_extended_outcomes.parquet
exp2_additional_binary,classification,severe_hypernatremia,soft_tt,ece_15,False,47890,0.0003756347540197,0.0003417995226182,0.0008742016124852,/gpfs/data/bbj-lab/users/daniel/input-representation-benchmark/outputs/runs/tokenized/mimiciv-3.1_meds_70-10-20/deciles_none_unfused_time_tokens_first_24h-tokenized/test/logistic_regression-preds-model-soft-time_tokens.pkl,/gpfs/data/bbj-lab/users/daniel/input-representation-benchmark/outputs/runs/tokenized/mimiciv-3.1_meds_70-10-20/deciles_none_unfused_time_tokens_first_24h-tokenized/test/tokens_timelines_extended_outcomes.parquet
exp2_additional_binary,classification,severe_hypernatremia,xval_tt,roc_auc,True,47890,0.780219732330869,0.7229831214975109,0.8307431531693297,/gpfs/data/bbj-lab/users/daniel/input-representation-benchmark/outputs/runs/tokenized/mimiciv-3.1_meds_70-10-20/deciles_none_unfused_time_tokens_numencxval_first_24h-tokenized/test/logistic_regression-preds-model-xval-time_tokens.pkl,/gpfs/data/bbj-lab/users/daniel/input-representation-benchmark/outputs/runs/tokenized/mimiciv-3.1_meds_70-10-20/deciles_none_unfused_time_tokens_numencxval_first_24h-tokenized/test/tokens_timelines_extended_outcomes.parquet
exp2_additional_binary,classification,severe_hypernatremia,xval_tt,pr_auc,True,47890,0.0607975542790792,0.0241392099634179,0.1278739429339038,/gpfs/data/bbj-lab/users/daniel/input-representation-benchmark/outputs/runs/tokenized/mimiciv-3.1_meds_70-10-20/deciles_none_unfused_time_tokens_numencxval_first_24h-tokenized/test/logistic_regression-preds-model-xval-time_tokens.pkl,/gpfs/data/bbj-lab/users/daniel/input-representation-benchmark/outputs/runs/tokenized/mimiciv-3.1_meds_70-10-20/deciles_none_unfused_time_tokens_numencxval_first_24h-tokenized/test/tokens_timelines_extended_outcomes.parquet
exp2_additional_binary,classification,severe_hypernatremia,xval_tt,brier,False,47890,0.0017082921280437,0.0013526378694508,0.0020804721894172,/gpfs/data/bbj-lab/users/daniel/input-representation-benchmark/outputs/runs/tokenized/mimiciv-3.1_meds_70-10-20/deciles_none_unfused_time_tokens_numencxval_first_24h-tokenized/test/logistic_regression-preds-model-xval-time_tokens.pkl,/gpfs/data/bbj-lab/users/daniel/input-representation-benchmark/outputs/runs/tokenized/mimiciv-3.1_meds_70-10-20/deciles_none_unfused_time_tokens_numencxval_first_24h-tokenized/test/tokens_timelines_extended_outcomes.parquet
exp2_additional_binary,classification,severe_hypernatremia,xval_tt,ece_15,False,47890,0.0004655594107983,0.0003799672113869,0.0009113236032051,/gpfs/data/bbj-lab/users/daniel/input-representation-benchmark/outputs/runs/tokenized/mimiciv-3.1_meds_70-10-20/deciles_none_unfused_time_tokens_numencxval_first_24h-tokenized/test/logistic_regression-preds-model-xval-time_tokens.pkl,/gpfs/data/bbj-lab/users/daniel/input-representation-benchmark/outputs/runs/tokenized/mimiciv-3.1_meds_70-10-20/deciles_none_unfused_time_tokens_numencxval_first_24h-tokenized/test/tokens_timelines_extended_outcomes.parquet
exp2_additional_binary,classification,severe_hypernatremia,xval_affine_tt,roc_auc,True,47890,0.7914786548012502,0.737342668766164,0.8451448150690893,/gpfs/data/bbj-lab/users/daniel/input-representation-benchmark/outputs/runs/tokenized/mimiciv-3.1_meds_70-10-20/deciles_none_unfused_time_tokens_numencxval_first_24h-tokenized/test/logistic_regression-preds-model-xval_affine-time_tokens.pkl,/gpfs/data/bbj-lab/users/daniel/input-representation-benchmark/outputs/runs/tokenized/mimiciv-3.1_meds_70-10-20/deciles_none_unfused_time_tokens_numencxval_first_24h-tokenized/test/tokens_timelines_extended_outcomes.parquet
exp2_additional_binary,classification,severe_hypernatremia,xval_affine_tt,pr_auc,True,47890,0.0223420414132472,0.011873583834871,0.0466972637839468,/gpfs/data/bbj-lab/users/daniel/input-representation-benchmark/outputs/runs/tokenized/mimiciv-3.1_meds_70-10-20/deciles_none_unfused_time_tokens_numencxval_first_24h-tokenized/test/logistic_regression-preds-model-xval_affine-time_tokens.pkl,/gpfs/data/bbj-lab/users/daniel/input-representation-benchmark/outputs/runs/tokenized/mimiciv-3.1_meds_70-10-20/deciles_none_unfused_time_tokens_numencxval_first_24h-tokenized/test/tokens_timelines_extended_outcomes.parquet
exp2_additional_binary,classification,severe_hypernatremia,xval_affine_tt,brier,False,47890,0.0017388230602775,0.001375492334001,0.0021087379146431,/gpfs/data/bbj-lab/users/daniel/input-representation-benchmark/outputs/runs/tokenized/mimiciv-3.1_meds_70-10-20/deciles_none_unfused_time_tokens_numencxval_first_24h-tokenized/test/logistic_regression-preds-model-xval_affine-time_tokens.pkl,/gpfs/data/bbj-lab/users/daniel/input-representation-benchmark/outputs/runs/tokenized/mimiciv-3.1_meds_70-10-20/deciles_none_unfused_time_tokens_numencxval_first_24h-tokenized/test/tokens_timelines_extended_outcomes.parquet
exp2_additional_binary,classification,severe_hypernatremia,xval_affine_tt,ece_15,False,47890,0.0005049940596756,0.0004028362200936,0.0009480631309842,/gpfs/data/bbj-lab/users/daniel/input-representation-benchmark/outputs/runs/tokenized/mimiciv-3.1_meds_70-10-20/deciles_none_unfused_time_tokens_numencxval_first_24h-tokenized/test/logistic_regression-preds-model-xval_affine-time_tokens.pkl,/gpfs/data/bbj-lab/users/daniel/input-representation-benchmark/outputs/runs/tokenized/mimiciv-3.1_meds_70-10-20/deciles_none_unfused_time_tokens_numencxval_first_24h-tokenized/test/tokens_timelines_extended_outcomes.parquet
exp2_additional_binary,classification,severe_hypernatremia,discrete_rope,roc_auc,True,47890,0.8689589670951844,0.8258148559669538,0.9062779787107152,/gpfs/data/bbj-lab/users/daniel/input-representation-benchmark/outputs/runs/tokenized/mimiciv-3.1_meds_70-10-20/deciles_none_unfused_time_rope_first_24h-tokenized/test/logistic_regression-preds-model-discrete-time_rope.pkl,/gpfs/data/bbj-lab/users/daniel/input-representation-benchmark/outputs/runs/tokenized/mimiciv-3.1_meds_70-10-20/deciles_none_unfused_time_rope_first_24h-tokenized/test/tokens_timelines_extended_outcomes.parquet
exp2_additional_binary,classification,severe_hypernatremia,discrete_rope,pr_auc,True,47890,0.0684129043229694,0.0385754144990573,0.1311560367871689,/gpfs/data/bbj-lab/users/daniel/input-representation-benchmark/outputs/runs/tokenized/mimiciv-3.1_meds_70-10-20/deciles_none_unfused_time_rope_first_24h-tokenized/test/logistic_regression-preds-model-discrete-time_rope.pkl,/gpfs/data/bbj-lab/users/daniel/input-representation-benchmark/outputs/runs/tokenized/mimiciv-3.1_meds_70-10-20/deciles_none_unfused_time_rope_first_24h-tokenized/test/tokens_timelines_extended_outcomes.parquet
exp2_additional_binary,classification,severe_hypernatremia,discrete_rope,brier,False,47890,0.0017102275740574,0.0013697996068758,0.002055209646726,/gpfs/data/bbj-lab/users/daniel/input-representation-benchmark/outputs/runs/tokenized/mimiciv-3.1_meds_70-10-20/deciles_none_unfused_time_rope_first_24h-tokenized/test/logistic_regression-preds-model-discrete-time_rope.pkl,/gpfs/data/bbj-lab/users/daniel/input-representation-benchmark/outputs/runs/tokenized/mimiciv-3.1_meds_70-10-20/deciles_none_unfused_time_rope_first_24h-tokenized/test/tokens_timelines_extended_outcomes.parquet
exp2_additional_binary,classification,severe_hypernatremia,discrete_rope,ece_15,False,47890,0.0004755330961481,0.0003522705334623,0.0009062013320549,/gpfs/data/bbj-lab/users/daniel/input-representation-benchmark/outputs/runs/tokenized/mimiciv-3.1_meds_70-10-20/deciles_none_unfused_time_rope_first_24h-tokenized/test/logistic_regression-preds-model-discrete-time_rope.pkl,/gpfs/data/bbj-lab/users/daniel/input-representation-benchmark/outputs/runs/tokenized/mimiciv-3.1_meds_70-10-20/deciles_none_unfused_time_rope_first_24h-tokenized/test/tokens_timelines_extended_outcomes.parquet
exp2_additional_binary,classification,severe_hypernatremia,soft_rope,roc_auc,True,47890,0.8629117086319112,0.8206539851086636,0.9000277181576185,/gpfs/data/bbj-lab/users/daniel/input-representation-benchmark/outputs/runs/tokenized/mimiciv-3.1_meds_70-10-20/deciles_none_unfused_time_rope_first_24h-tokenized/test/logistic_regression-preds-model-soft-time_rope.pkl,/gpfs/data/bbj-lab/users/daniel/input-representation-benchmark/outputs/runs/tokenized/mimiciv-3.1_meds_70-10-20/deciles_none_unfused_time_rope_first_24h-tokenized/test/tokens_timelines_extended_outcomes.parquet
exp2_additional_binary,classification,severe_hypernatremia,soft_rope,pr_auc,True,47890,0.1137135593226677,0.0577055675933617,0.193744376510129,/gpfs/data/bbj-lab/users/daniel/input-representation-benchmark/outputs/runs/tokenized/mimiciv-3.1_meds_70-10-20/deciles_none_unfused_time_rope_first_24h-tokenized/test/logistic_regression-preds-model-soft-time_rope.pkl,/gpfs/data/bbj-lab/users/daniel/input-representation-benchmark/outputs/runs/tokenized/mimiciv-3.1_meds_70-10-20/deciles_none_unfused_time_rope_first_24h-tokenized/test/tokens_timelines_extended_outcomes.parquet
exp2_additional_binary,classification,severe_hypernatremia,soft_rope,brier,False,47890,0.0016526880857341,0.0013173233597886,0.0019978546344306,/gpfs/data/bbj-lab/users/daniel/input-representation-benchmark/outputs/runs/tokenized/mimiciv-3.1_meds_70-10-20/deciles_none_unfused_time_rope_first_24h-tokenized/test/logistic_regression-preds-model-soft-time_rope.pkl,/gpfs/data/bbj-lab/users/daniel/input-representation-benchmark/outputs/runs/tokenized/mimiciv-3.1_meds_70-10-20/deciles_none_unfused_time_rope_first_24h-tokenized/test/tokens_timelines_extended_outcomes.parquet
exp2_additional_binary,classification,severe_hypernatremia,soft_rope,ece_15,False,47890,0.0005515404186956,0.0003957538169731,0.0009782714695652,/gpfs/data/bbj-lab/users/daniel/input-representation-benchmark/outputs/runs/tokenized/mimiciv-3.1_meds_70-10-20/deciles_none_unfused_time_rope_first_24h-tokenized/test/logistic_regression-preds-model-soft-time_rope.pkl,/gpfs/data/bbj-lab/users/daniel/input-representation-benchmark/outputs/runs/tokenized/mimiciv-3.1_meds_70-10-20/deciles_none_unfused_time_rope_first_24h-tokenized/test/tokens_timelines_extended_outcomes.parquet
exp2_additional_binary,classification,severe_hypernatremia,xval_rope,roc_auc,True,47890,0.779228872446774,0.7299614002825571,0.8256130001608328,/gpfs/data/bbj-lab/users/daniel/input-representation-benchmark/outputs/runs/tokenized/mimiciv-3.1_meds_70-10-20/deciles_none_unfused_time_rope_numencxval_first_24h-tokenized/test/logistic_regression-preds-model-xval-time_rope.pkl,/gpfs/data/bbj-lab/users/daniel/input-representation-benchmark/outputs/runs/tokenized/mimiciv-3.1_meds_70-10-20/deciles_none_unfused_time_rope_numencxval_first_24h-tokenized/test/tokens_timelines_extended_outcomes.parquet
exp2_additional_binary,classification,severe_hypernatremia,xval_rope,pr_auc,True,47890,0.044654667004454,0.0177066695436172,0.1077018800628533,/gpfs/data/bbj-lab/users/daniel/input-representation-benchmark/outputs/runs/tokenized/mimiciv-3.1_meds_70-10-20/deciles_none_unfused_time_rope_numencxval_first_24h-tokenized/test/logistic_regression-preds-model-xval-time_rope.pkl,/gpfs/data/bbj-lab/users/daniel/input-representation-benchmark/outputs/runs/tokenized/mimiciv-3.1_meds_70-10-20/deciles_none_unfused_time_rope_numencxval_first_24h-tokenized/test/tokens_timelines_extended_outcomes.parquet
exp2_additional_binary,classification,severe_hypernatremia,xval_rope,brier,False,47890,0.0017221058595365,0.0013775175494747,0.0020971159658716,/gpfs/data/bbj-lab/users/daniel/input-representation-benchmark/outputs/runs/tokenized/mimiciv-3.1_meds_70-10-20/deciles_none_unfused_time_rope_numencxval_first_24h-tokenized/test/logistic_regression-preds-model-xval-time_rope.pkl,/gpfs/data/bbj-lab/users/daniel/input-representation-benchmark/outputs/runs/tokenized/mimiciv-3.1_meds_70-10-20/deciles_none_unfused_time_rope_numencxval_first_24h-tokenized/test/tokens_timelines_extended_outcomes.parquet
exp2_additional_binary,classification,severe_hypernatremia,xval_rope,ece_15,False,47890,0.000615947604868,0.0004355636081244,0.0010272607041296,/gpfs/data/bbj-lab/users/daniel/input-representation-benchmark/outputs/runs/tokenized/mimiciv-3.1_meds_70-10-20/deciles_none_unfused_time_rope_numencxval_first_24h-tokenized/test/logistic_regression-preds-model-xval-time_rope.pkl,/gpfs/data/bbj-lab/users/daniel/input-representation-benchmark/outputs/runs/tokenized/mimiciv-3.1_meds_70-10-20/deciles_none_unfused_time_rope_numencxval_first_24h-tokenized/test/tokens_timelines_extended_outcomes.parquet
exp2_additional_binary,classification,severe_hypernatremia,xval_affine_rope,roc_auc,True,47890,0.7803163529981295,0.7253773111830949,0.8300126993764416,/gpfs/data/bbj-lab/users/daniel/input-representation-benchmark/outputs/runs/tokenized/mimiciv-3.1_meds_70-10-20/deciles_none_unfused_time_rope_numencxval_first_24h-tokenized/test/logistic_regression-preds-model-xval_affine-time_rope.pkl,/gpfs/data/bbj-lab/users/daniel/input-representation-benchmark/outputs/runs/tokenized/mimiciv-3.1_meds_70-10-20/deciles_none_unfused_time_rope_numencxval_first_24h-tokenized/test/tokens_timelines_extended_outcomes.parquet
exp2_additional_binary,classification,severe_hypernatremia,xval_affine_rope,pr_auc,True,47890,0.02163981161523,0.0116878751900043,0.0453611526341584,/gpfs/data/bbj-lab/users/daniel/input-representation-benchmark/outputs/runs/tokenized/mimiciv-3.1_meds_70-10-20/deciles_none_unfused_time_rope_numencxval_first_24h-tokenized/test/logistic_regression-preds-model-xval_affine-time_rope.pkl,/gpfs/data/bbj-lab/users/daniel/input-representation-benchmark/outputs/runs/tokenized/mimiciv-3.1_meds_70-10-20/deciles_none_unfused_time_rope_numencxval_first_24h-tokenized/test/tokens_timelines_extended_outcomes.parquet
exp2_additional_binary,classification,severe_hypernatremia,xval_affine_rope,brier,False,47890,0.0017519239990419,0.001399977142381,0.0021379978742775,/gpfs/data/bbj-lab/users/daniel/input-representation-benchmark/outputs/runs/tokenized/mimiciv-3.1_meds_70-10-20/deciles_none_unfused_time_rope_numencxval_first_24h-tokenized/test/logistic_regression-preds-model-xval_affine-time_rope.pkl,/gpfs/data/bbj-lab/users/daniel/input-representation-benchmark/outputs/runs/tokenized/mimiciv-3.1_meds_70-10-20/deciles_none_unfused_time_rope_numencxval_first_24h-tokenized/test/tokens_timelines_extended_outcomes.parquet
exp2_additional_binary,classification,severe_hypernatremia,xval_affine_rope,ece_15,False,47890,0.0004735752132499,0.0004047765384402,0.0009611011039922,/gpfs/data/bbj-lab/users/daniel/input-representation-benchmark/outputs/runs/tokenized/mimiciv-3.1_meds_70-10-20/deciles_none_unfused_time_rope_numencxval_first_24h-tokenized/test/logistic_regression-preds-model-xval_affine-time_rope.pkl,/gpfs/data/bbj-lab/users/daniel/input-representation-benchmark/outputs/runs/tokenized/mimiciv-3.1_meds_70-10-20/deciles_none_unfused_time_rope_numencxval_first_24h-tokenized/test/tokens_timelines_extended_outcomes.parquet
exp2_additional_binary,classification,severe_hypertension,discrete_tt,roc_auc,True,9647,0.7016609423634218,0.6889351716944664,0.7136384290987848,/gpfs/data/bbj-lab/users/daniel/input-representation-benchmark/outputs/runs/tokenized/mimiciv-3.1_meds_70-10-20/deciles_none_unfused_time_tokens_first_24h-tokenized/test/logistic_regression-preds-model-discrete-time_tokens.pkl,/gpfs/data/bbj-lab/users/daniel/input-representation-benchmark/outputs/runs/tokenized/mimiciv-3.1_meds_70-10-20/deciles_none_unfused_time_tokens_first_24h-tokenized/test/tokens_timelines_extended_outcomes.parquet
exp2_additional_binary,classification,severe_hypertension,discrete_tt,pr_auc,True,9647,0.3779197292971663,0.3577452543074023,0.3991615425355183,/gpfs/data/bbj-lab/users/daniel/input-representation-benchmark/outputs/runs/tokenized/mimiciv-3.1_meds_70-10-20/deciles_none_unfused_time_tokens_first_24h-tokenized/test/logistic_regression-preds-model-discrete-time_tokens.pkl,/gpfs/data/bbj-lab/users/daniel/input-representation-benchmark/outputs/runs/tokenized/mimiciv-3.1_meds_70-10-20/deciles_none_unfused_time_tokens_first_24h-tokenized/test/tokens_timelines_extended_outcomes.parquet
exp2_additional_binary,classification,severe_hypertension,discrete_tt,brier,False,9647,0.1521991406229703,0.1478422956491979,0.1564676655770963,/gpfs/data/bbj-lab/users/daniel/input-representation-benchmark/outputs/runs/tokenized/mimiciv-3.1_meds_70-10-20/deciles_none_unfused_time_tokens_first_24h-tokenized/test/logistic_regression-preds-model-discrete-time_tokens.pkl,/gpfs/data/bbj-lab/users/daniel/input-representation-benchmark/outputs/runs/tokenized/mimiciv-3.1_meds_70-10-20/deciles_none_unfused_time_tokens_first_24h-tokenized/test/tokens_timelines_extended_outcomes.parquet
exp2_additional_binary,classification,severe_hypertension,discrete_tt,ece_15,False,9647,0.0227166036595341,0.0204972630144122,0.0332086183656027,/gpfs/data/bbj-lab/users/daniel/input-representation-benchmark/outputs/runs/tokenized/mimiciv-3.1_meds_70-10-20/deciles_none_unfused_time_tokens_first_24h-tokenized/test/logistic_regression-preds-model-discrete-time_tokens.pkl,/gpfs/data/bbj-lab/users/daniel/input-representation-benchmark/outputs/runs/tokenized/mimiciv-3.1_meds_70-10-20/deciles_none_unfused_time_tokens_first_24h-tokenized/test/tokens_timelines_extended_outcomes.parquet
exp2_additional_binary,classification,severe_hypertension,soft_tt,roc_auc,True,9647,0.6937369433776189,0.6814273007387484,0.7059140879744413,/gpfs/data/bbj-lab/users/daniel/input-representation-benchmark/outputs/runs/tokenized/mimiciv-3.1_meds_70-10-20/deciles_none_unfused_time_tokens_first_24h-tokenized/test/logistic_regression-preds-model-soft-time_tokens.pkl,/gpfs/data/bbj-lab/users/daniel/input-representation-benchmark/outputs/runs/tokenized/mimiciv-3.1_meds_70-10-20/deciles_none_unfused_time_tokens_first_24h-tokenized/test/tokens_timelines_extended_outcomes.parquet
exp2_additional_binary,classification,severe_hypertension,soft_tt,pr_auc,True,9647,0.36405930166507,0.3446173979125627,0.3850838047106718,/gpfs/data/bbj-lab/users/daniel/input-representation-benchmark/outputs/runs/tokenized/mimiciv-3.1_meds_70-10-20/deciles_none_unfused_time_tokens_first_24h-tokenized/test/logistic_regression-preds-model-soft-time_tokens.pkl,/gpfs/data/bbj-lab/users/daniel/input-representation-benchmark/outputs/runs/tokenized/mimiciv-3.1_meds_70-10-20/deciles_none_unfused_time_tokens_first_24h-tokenized/test/tokens_timelines_extended_outcomes.parquet
exp2_additional_binary,classification,severe_hypertension,soft_tt,brier,False,9647,0.1541589447596218,0.1497668421686337,0.158594257261598,/gpfs/data/bbj-lab/users/daniel/input-representation-benchmark/outputs/runs/tokenized/mimiciv-3.1_meds_70-10-20/deciles_none_unfused_time_tokens_first_24h-tokenized/test/logistic_regression-preds-model-soft-time_tokens.pkl,/gpfs/data/bbj-lab/users/daniel/input-representation-benchmark/outputs/runs/tokenized/mimiciv-3.1_meds_70-10-20/deciles_none_unfused_time_tokens_first_24h-tokenized/test/tokens_timelines_extended_outcomes.parquet
exp2_additional_binary,classification,severe_hypertension,soft_tt,ece_15,False,9647,0.0314205634765742,0.0250480662024636,0.0398883131456493,/gpfs/data/bbj-lab/users/daniel/input-representation-benchmark/outputs/runs/tokenized/mimiciv-3.1_meds_70-10-20/deciles_none_unfused_time_tokens_first_24h-tokenized/test/logistic_regression-preds-model-soft-time_tokens.pkl,/gpfs/data/bbj-lab/users/daniel/input-representation-benchmark/outputs/runs/tokenized/mimiciv-3.1_meds_70-10-20/deciles_none_unfused_time_tokens_first_24h-tokenized/test/tokens_timelines_extended_outcomes.parquet
exp2_additional_binary,classification,severe_hypertension,xval_tt,roc_auc,True,9647,0.6505329072253254,0.6376533280417747,0.6641743378267105,/gpfs/data/bbj-lab/users/daniel/input-representation-benchmark/outputs/runs/tokenized/mimiciv-3.1_meds_70-10-20/deciles_none_unfused_time_tokens_numencxval_first_24h-tokenized/test/logistic_regression-preds-model-xval-time_tokens.pkl,/gpfs/data/bbj-lab/users/daniel/input-representation-benchmark/outputs/runs/tokenized/mimiciv-3.1_meds_70-10-20/deciles_none_unfused_time_tokens_numencxval_first_24h-tokenized/test/tokens_timelines_extended_outcomes.parquet
exp2_additional_binary,classification,severe_hypertension,xval_tt,pr_auc,True,9647,0.3278177413181849,0.3100184031439333,0.34860173598523,/gpfs/data/bbj-lab/users/daniel/input-representation-benchmark/outputs/runs/tokenized/mimiciv-3.1_meds_70-10-20/deciles_none_unfused_time_tokens_numencxval_first_24h-tokenized/test/logistic_regression-preds-model-xval-time_tokens.pkl,/gpfs/data/bbj-lab/users/daniel/input-representation-benchmark/outputs/runs/tokenized/mimiciv-3.1_meds_70-10-20/deciles_none_unfused_time_tokens_numencxval_first_24h-tokenized/test/tokens_timelines_extended_outcomes.parquet
exp2_additional_binary,classification,severe_hypertension,xval_tt,brier,False,9647,0.1581870027369525,0.1537101458145654,0.1626376771936838,/gpfs/data/bbj-lab/users/daniel/input-representation-benchmark/outputs/runs/tokenized/mimiciv-3.1_meds_70-10-20/deciles_none_unfused_time_tokens_numencxval_first_24h-tokenized/test/logistic_regression-preds-model-xval-time_tokens.pkl,/gpfs/data/bbj-lab/users/daniel/input-representation-benchmark/outputs/runs/tokenized/mimiciv-3.1_meds_70-10-20/deciles_none_unfused_time_tokens_numencxval_first_24h-tokenized/test/tokens_timelines_extended_outcomes.parquet
exp2_additional_binary,classification,severe_hypertension,xval_tt,ece_15,False,9647,0.0253090364420446,0.0200337915628713,0.033271729188149,/gpfs/data/bbj-lab/users/daniel/input-representation-benchmark/outputs/runs/tokenized/mimiciv-3.1_meds_70-10-20/deciles_none_unfused_time_tokens_numencxval_first_24h-tokenized/test/logistic_regression-preds-model-xval-time_tokens.pkl,/gpfs/data/bbj-lab/users/daniel/input-representation-benchmark/outputs/runs/tokenized/mimiciv-3.1_meds_70-10-20/deciles_none_unfused_time_tokens_numencxval_first_24h-tokenized/test/tokens_timelines_extended_outcomes.parquet
exp2_additional_binary,classification,severe_hypertension,xval_affine_tt,roc_auc,True,9647,0.646308835493169,0.633326583973613,0.6602077211384063,/gpfs/data/bbj-lab/users/daniel/input-representation-benchmark/outputs/runs/tokenized/mimiciv-3.1_meds_70-10-20/deciles_none_unfused_time_tokens_numencxval_first_24h-tokenized/test/logistic_regression-preds-model-xval_affine-time_tokens.pkl,/gpfs/data/bbj-lab/users/daniel/input-representation-benchmark/outputs/runs/tokenized/mimiciv-3.1_meds_70-10-20/deciles_none_unfused_time_tokens_numencxval_first_24h-tokenized/test/tokens_timelines_extended_outcomes.parquet
exp2_additional_binary,classification,severe_hypertension,xval_affine_tt,pr_auc,True,9647,0.3201177914166687,0.3031249590726686,0.3405564920978855,/gpfs/data/bbj-lab/users/daniel/input-representation-benchmark/outputs/runs/tokenized/mimiciv-3.1_meds_70-10-20/deciles_none_unfused_time_tokens_numencxval_first_24h-tokenized/test/logistic_regression-preds-model-xval_affine-time_tokens.pkl,/gpfs/data/bbj-lab/users/daniel/input-representation-benchmark/outputs/runs/tokenized/mimiciv-3.1_meds_70-10-20/deciles_none_unfused_time_tokens_numencxval_first_24h-tokenized/test/tokens_timelines_extended_outcomes.parquet
exp2_additional_binary,classification,severe_hypertension,xval_affine_tt,brier,False,9647,0.1592282687822707,0.15471956740727,0.1637463832137564,/gpfs/data/bbj-lab/users/daniel/input-representation-benchmark/outputs/runs/tokenized/mimiciv-3.1_meds_70-10-20/deciles_none_unfused_time_tokens_numencxval_first_24h-tokenized/test/logistic_regression-preds-model-xval_affine-time_tokens.pkl,/gpfs/data/bbj-lab/users/daniel/input-representation-benchmark/outputs/runs/tokenized/mimiciv-3.1_meds_70-10-20/deciles_none_unfused_time_tokens_numencxval_first_24h-tokenized/test/tokens_timelines_extended_outcomes.parquet
exp2_additional_binary,classification,severe_hypertension,xval_affine_tt,ece_15,False,9647,0.0206741434296813,0.0194798479272941,0.0319042327888494,/gpfs/data/bbj-lab/users/daniel/input-representation-benchmark/outputs/runs/tokenized/mimiciv-3.1_meds_70-10-20/deciles_none_unfused_time_tokens_numencxval_first_24h-tokenized/test/logistic_regression-preds-model-xval_affine-time_tokens.pkl,/gpfs/data/bbj-lab/users/daniel/input-representation-benchmark/outputs/runs/tokenized/mimiciv-3.1_meds_70-10-20/deciles_none_unfused_time_tokens_numencxval_first_24h-tokenized/test/tokens_timelines_extended_outcomes.parquet
exp2_additional_binary,classification,severe_hypertension,discrete_rope,roc_auc,True,9647,0.7006492080602753,0.6884578877428973,0.7133810221347673,/gpfs/data/bbj-lab/users/daniel/input-representation-benchmark/outputs/runs/tokenized/mimiciv-3.1_meds_70-10-20/deciles_none_unfused_time_rope_first_24h-tokenized/test/logistic_regression-preds-model-discrete-time_rope.pkl,/gpfs/data/bbj-lab/users/daniel/input-representation-benchmark/outputs/runs/tokenized/mimiciv-3.1_meds_70-10-20/deciles_none_unfused_time_rope_first_24h-tokenized/test/tokens_timelines_extended_outcomes.parquet
exp2_additional_binary,classification,severe_hypertension,discrete_rope,pr_auc,True,9647,0.3790772538449511,0.3576343101263744,0.4014062095206784,/gpfs/data/bbj-lab/users/daniel/input-representation-benchmark/outputs/runs/tokenized/mimiciv-3.1_meds_70-10-20/deciles_none_unfused_time_rope_first_24h-tokenized/test/logistic_regression-preds-model-discrete-time_rope.pkl,/gpfs/data/bbj-lab/users/daniel/input-representation-benchmark/outputs/runs/tokenized/mimiciv-3.1_meds_70-10-20/deciles_none_unfused_time_rope_first_24h-tokenized/test/tokens_timelines_extended_outcomes.parquet
exp2_additional_binary,classification,severe_hypertension,discrete_rope,brier,False,9647,0.1526894962649283,0.1480739611715542,0.1571276418883873,/gpfs/data/bbj-lab/users/daniel/input-representation-benchmark/outputs/runs/tokenized/mimiciv-3.1_meds_70-10-20/deciles_none_unfused_time_rope_first_24h-tokenized/test/logistic_regression-preds-model-discrete-time_rope.pkl,/gpfs/data/bbj-lab/users/daniel/input-representation-benchmark/outputs/runs/tokenized/mimiciv-3.1_meds_70-10-20/deciles_none_unfused_time_rope_first_24h-tokenized/test/tokens_timelines_extended_outcomes.parquet
exp2_additional_binary,classification,severe_hypertension,discrete_rope,ece_15,False,9647,0.0256449344272861,0.022090167403243,0.03521863616816,/gpfs/data/bbj-lab/users/daniel/input-representation-benchmark/outputs/runs/tokenized/mimiciv-3.1_meds_70-10-20/deciles_none_unfused_time_rope_first_24h-tokenized/test/logistic_regression-preds-model-discrete-time_rope.pkl,/gpfs/data/bbj-lab/users/daniel/input-representation-benchmark/outputs/runs/tokenized/mimiciv-3.1_meds_70-10-20/deciles_none_unfused_time_rope_first_24h-tokenized/test/tokens_timelines_extended_outcomes.parquet
exp2_additional_binary,classification,severe_hypertension,soft_rope,roc_auc,True,9647,0.6887739361688338,0.6766353018284713,0.7018285766849665,/gpfs/data/bbj-lab/users/daniel/input-representation-benchmark/outputs/runs/tokenized/mimiciv-3.1_meds_70-10-20/deciles_none_unfused_time_rope_first_24h-tokenized/test/logistic_regression-preds-model-soft-time_rope.pkl,/gpfs/data/bbj-lab/users/daniel/input-representation-benchmark/outputs/runs/tokenized/mimiciv-3.1_meds_70-10-20/deciles_none_unfused_time_rope_first_24h-tokenized/test/tokens_timelines_extended_outcomes.parquet
exp2_additional_binary,classification,severe_hypertension,soft_rope,pr_auc,True,9647,0.3571415920110083,0.3375782110817305,0.3793032962289192,/gpfs/data/bbj-lab/users/daniel/input-representation-benchmark/outputs/runs/tokenized/mimiciv-3.1_meds_70-10-20/deciles_none_unfused_time_rope_first_24h-tokenized/test/logistic_regression-preds-model-soft-time_rope.pkl,/gpfs/data/bbj-lab/users/daniel/input-representation-benchmark/outputs/runs/tokenized/mimiciv-3.1_meds_70-10-20/deciles_none_unfused_time_rope_first_24h-tokenized/test/tokens_timelines_extended_outcomes.parquet
exp2_additional_binary,classification,severe_hypertension,soft_rope,brier,False,9647,0.1551245483457606,0.1505393869924629,0.1595789182828832,/gpfs/data/bbj-lab/users/daniel/input-representation-benchmark/outputs/runs/tokenized/mimiciv-3.1_meds_70-10-20/deciles_none_unfused_time_rope_first_24h-tokenized/test/logistic_regression-preds-model-soft-time_rope.pkl,/gpfs/data/bbj-lab/users/daniel/input-representation-benchmark/outputs/runs/tokenized/mimiciv-3.1_meds_70-10-20/deciles_none_unfused_time_rope_first_24h-tokenized/test/tokens_timelines_extended_outcomes.parquet
exp2_additional_binary,classification,severe_hypertension,soft_rope,ece_15,False,9647,0.0307238059322862,0.0266105727880156,0.0405964570321406,/gpfs/data/bbj-lab/users/daniel/input-representation-benchmark/outputs/runs/tokenized/mimiciv-3.1_meds_70-10-20/deciles_none_unfused_time_rope_first_24h-tokenized/test/logistic_regression-preds-model-soft-time_rope.pkl,/gpfs/data/bbj-lab/users/daniel/input-representation-benchmark/outputs/runs/tokenized/mimiciv-3.1_meds_70-10-20/deciles_none_unfused_time_rope_first_24h-tokenized/test/tokens_timelines_extended_outcomes.parquet
exp2_additional_binary,classification,severe_hypertension,xval_rope,roc_auc,True,9647,0.6536021694798195,0.6407797022867258,0.6672013228120726,/gpfs/data/bbj-lab/users/daniel/input-representation-benchmark/outputs/runs/tokenized/mimiciv-3.1_meds_70-10-20/deciles_none_unfused_time_rope_numencxval_first_24h-tokenized/test/logistic_regression-preds-model-xval-time_rope.pkl,/gpfs/data/bbj-lab/users/daniel/input-representation-benchmark/outputs/runs/tokenized/mimiciv-3.1_meds_70-10-20/deciles_none_unfused_time_rope_numencxval_first_24h-tokenized/test/tokens_timelines_extended_outcomes.parquet
exp2_additional_binary,classification,severe_hypertension,xval_rope,pr_auc,True,9647,0.3341628947299361,0.3161888794591975,0.3541400503353729,/gpfs/data/bbj-lab/users/daniel/input-representation-benchmark/outputs/runs/tokenized/mimiciv-3.1_meds_70-10-20/deciles_none_unfused_time_rope_numencxval_first_24h-tokenized/test/logistic_regression-preds-model-xval-time_rope.pkl,/gpfs/data/bbj-lab/users/daniel/input-representation-benchmark/outputs/runs/tokenized/mimiciv-3.1_meds_70-10-20/deciles_none_unfused_time_rope_numencxval_first_24h-tokenized/test/tokens_timelines_extended_outcomes.parquet
exp2_additional_binary,classification,severe_hypertension,xval_rope,brier,False,9647,0.1578391277799911,0.1533218606626402,0.1623677718996494,/gpfs/data/bbj-lab/users/daniel/input-representation-benchmark/outputs/runs/tokenized/mimiciv-3.1_meds_70-10-20/deciles_none_unfused_time_rope_numencxval_first_24h-tokenized/test/logistic_regression-preds-model-xval-time_rope.pkl,/gpfs/data/bbj-lab/users/daniel/input-representation-benchmark/outputs/runs/tokenized/mimiciv-3.1_meds_70-10-20/deciles_none_unfused_time_rope_numencxval_first_24h-tokenized/test/tokens_timelines_extended_outcomes.parquet
exp2_additional_binary,classification,severe_hypertension,xval_rope,ece_15,False,9647,0.0232291715343889,0.0201604912988862,0.0335637020373086,/gpfs/data/bbj-lab/users/daniel/input-representation-benchmark/outputs/runs/tokenized/mimiciv-3.1_meds_70-10-20/deciles_none_unfused_time_rope_numencxval_first_24h-tokenized/test/logistic_regression-preds-model-xval-time_rope.pkl,/gpfs/data/bbj-lab/users/daniel/input-representation-benchmark/outputs/runs/tokenized/mimiciv-3.1_meds_70-10-20/deciles_none_unfused_time_rope_numencxval_first_24h-tokenized/test/tokens_timelines_extended_outcomes.parquet
exp2_additional_binary,classification,severe_hypertension,xval_affine_rope,roc_auc,True,9647,0.6418892546946805,0.62821367820595,0.6548857758137354,/gpfs/data/bbj-lab/users/daniel/input-representation-benchmark/outputs/runs/tokenized/mimiciv-3.1_meds_70-10-20/deciles_none_unfused_time_rope_numencxval_first_24h-tokenized/test/logistic_regression-preds-model-xval_affine-time_rope.pkl,/gpfs/data/bbj-lab/users/daniel/input-representation-benchmark/outputs/runs/tokenized/mimiciv-3.1_meds_70-10-20/deciles_none_unfused_time_rope_numencxval_first_24h-tokenized/test/tokens_timelines_extended_outcomes.parquet
exp2_additional_binary,classification,severe_hypertension,xval_affine_rope,pr_auc,True,9647,0.3187606577381799,0.3011474838329609,0.3392287208383205,/gpfs/data/bbj-lab/users/daniel/input-representation-benchmark/outputs/runs/tokenized/mimiciv-3.1_meds_70-10-20/deciles_none_unfused_time_rope_numencxval_first_24h-tokenized/test/logistic_regression-preds-model-xval_affine-time_rope.pkl,/gpfs/data/bbj-lab/users/daniel/input-representation-benchmark/outputs/runs/tokenized/mimiciv-3.1_meds_70-10-20/deciles_none_unfused_time_rope_numencxval_first_24h-tokenized/test/tokens_timelines_extended_outcomes.parquet
exp2_additional_binary,classification,severe_hypertension,xval_affine_rope,brier,False,9647,0.1593537616768195,0.1547613011448909,0.1639705171739089,/gpfs/data/bbj-lab/users/daniel/input-representation-benchmark/outputs/runs/tokenized/mimiciv-3.1_meds_70-10-20/deciles_none_unfused_time_rope_numencxval_first_24h-tokenized/test/logistic_regression-preds-model-xval_affine-time_rope.pkl,/gpfs/data/bbj-lab/users/daniel/input-representation-benchmark/outputs/runs/tokenized/mimiciv-3.1_meds_70-10-20/deciles_none_unfused_time_rope_numencxval_first_24h-tokenized/test/tokens_timelines_extended_outcomes.parquet
exp2_additional_binary,classification,severe_hypertension,xval_affine_rope,ece_15,False,9647,0.022135608610968,0.0184590363104315,0.0310937461181739,/gpfs/data/bbj-lab/users/daniel/input-representation-benchmark/outputs/runs/tokenized/mimiciv-3.1_meds_70-10-20/deciles_none_unfused_time_rope_numencxval_first_24h-tokenized/test/logistic_regression-preds-model-xval_affine-time_rope.pkl,/gpfs/data/bbj-lab/users/daniel/input-representation-benchmark/outputs/runs/tokenized/mimiciv-3.1_meds_70-10-20/deciles_none_unfused_time_rope_numencxval_first_24h-tokenized/test/tokens_timelines_extended_outcomes.parquet
exp2_additional_binary,classification,severe_hypokalemia,discrete_tt,roc_auc,True,47948,0.7287783281836663,0.6848338703123331,0.7682739713266652,/gpfs/data/bbj-lab/users/daniel/input-representation-benchmark/outputs/runs/tokenized/mimiciv-3.1_meds_70-10-20/deciles_none_unfused_time_tokens_first_24h-tokenized/test/logistic_regression-preds-model-discrete-time_tokens.pkl,/gpfs/data/bbj-lab/users/daniel/input-representation-benchmark/outputs/runs/tokenized/mimiciv-3.1_meds_70-10-20/deciles_none_unfused_time_tokens_first_24h-tokenized/test/tokens_timelines_extended_outcomes.parquet
exp2_additional_binary,classification,severe_hypokalemia,discrete_tt,pr_auc,True,47948,0.0093160700117087,0.0067493134404182,0.0136309113771188,/gpfs/data/bbj-lab/users/daniel/input-representation-benchmark/outputs/runs/tokenized/mimiciv-3.1_meds_70-10-20/deciles_none_unfused_time_tokens_first_24h-tokenized/test/logistic_regression-preds-model-discrete-time_tokens.pkl,/gpfs/data/bbj-lab/users/daniel/input-representation-benchmark/outputs/runs/tokenized/mimiciv-3.1_meds_70-10-20/deciles_none_unfused_time_tokens_first_24h-tokenized/test/tokens_timelines_extended_outcomes.parquet
exp2_additional_binary,classification,severe_hypokalemia,discrete_tt,brier,False,47948,0.0030544943842929,0.0025938094000301,0.0035510527175684,/gpfs/data/bbj-lab/users/daniel/input-representation-benchmark/outputs/runs/tokenized/mimiciv-3.1_meds_70-10-20/deciles_none_unfused_time_tokens_first_24h-tokenized/test/logistic_regression-preds-model-discrete-time_tokens.pkl,/gpfs/data/bbj-lab/users/daniel/input-representation-benchmark/outputs/runs/tokenized/mimiciv-3.1_meds_70-10-20/deciles_none_unfused_time_tokens_first_24h-tokenized/test/tokens_timelines_extended_outcomes.parquet
exp2_additional_binary,classification,severe_hypokalemia,discrete_tt,ece_15,False,47948,0.0013275777555612,0.0010851989499725,0.0019727346854932,/gpfs/data/bbj-lab/users/daniel/input-representation-benchmark/outputs/runs/tokenized/mimiciv-3.1_meds_70-10-20/deciles_none_unfused_time_tokens_first_24h-tokenized/test/logistic_regression-preds-model-discrete-time_tokens.pkl,/gpfs/data/bbj-lab/users/daniel/input-representation-benchmark/outputs/runs/tokenized/mimiciv-3.1_meds_70-10-20/deciles_none_unfused_time_tokens_first_24h-tokenized/test/tokens_timelines_extended_outcomes.parquet
exp2_additional_binary,classification,severe_hypokalemia,soft_tt,roc_auc,True,47948,0.7009996429334934,0.6580109584358066,0.7430802980530347,/gpfs/data/bbj-lab/users/daniel/input-representation-benchmark/outputs/runs/tokenized/mimiciv-3.1_meds_70-10-20/deciles_none_unfused_time_tokens_first_24h-tokenized/test/logistic_regression-preds-model-soft-time_tokens.pkl,/gpfs/data/bbj-lab/users/daniel/input-representation-benchmark/outputs/runs/tokenized/mimiciv-3.1_meds_70-10-20/deciles_none_unfused_time_tokens_first_24h-tokenized/test/tokens_timelines_extended_outcomes.parquet
exp2_additional_binary,classification,severe_hypokalemia,soft_tt,pr_auc,True,47948,0.0096002823850142,0.0065136119328934,0.0168010107985531,/gpfs/data/bbj-lab/users/daniel/input-representation-benchmark/outputs/runs/tokenized/mimiciv-3.1_meds_70-10-20/deciles_none_unfused_time_tokens_first_24h-tokenized/test/logistic_regression-preds-model-soft-time_tokens.pkl,/gpfs/data/bbj-lab/users/daniel/input-representation-benchmark/outputs/runs/tokenized/mimiciv-3.1_meds_70-10-20/deciles_none_unfused_time_tokens_first_24h-tokenized/test/tokens_timelines_extended_outcomes.parquet
exp2_additional_binary,classification,severe_hypokalemia,soft_tt,brier,False,47948,0.0030515954218919,0.002590294330233,0.0035523962598742,/gpfs/data/bbj-lab/users/daniel/input-representation-benchmark/outputs/runs/tokenized/mimiciv-3.1_meds_70-10-20/deciles_none_unfused_time_tokens_first_24h-tokenized/test/logistic_regression-preds-model-soft-time_tokens.pkl,/gpfs/data/bbj-lab/users/daniel/input-representation-benchmark/outputs/runs/tokenized/mimiciv-3.1_meds_70-10-20/deciles_none_unfused_time_tokens_first_24h-tokenized/test/tokens_timelines_extended_outcomes.parquet
exp2_additional_binary,classification,severe_hypokalemia,soft_tt,ece_15,False,47948,0.0015897409191257,0.0013597729578033,0.0022378450215789,/gpfs/data/bbj-lab/users/daniel/input-representation-benchmark/outputs/runs/tokenized/mimiciv-3.1_meds_70-10-20/deciles_none_unfused_time_tokens_first_24h-tokenized/test/logistic_regression-preds-model-soft-time_tokens.pkl,/gpfs/data/bbj-lab/users/daniel/input-representation-benchmark/outputs/runs/tokenized/mimiciv-3.1_meds_70-10-20/deciles_none_unfused_time_tokens_first_24h-tokenized/test/tokens_timelines_extended_outcomes.parquet
exp2_additional_binary,classification,severe_hypokalemia,xval_tt,roc_auc,True,47948,0.6343146071150803,0.5862824318454742,0.6785379724802387,/gpfs/data/bbj-lab/users/daniel/input-representation-benchmark/outputs/runs/tokenized/mimiciv-3.1_meds_70-10-20/deciles_none_unfused_time_tokens_numencxval_first_24h-tokenized/test/logistic_regression-preds-model-xval-time_tokens.pkl,/gpfs/data/bbj-lab/users/daniel/input-representation-benchmark/outputs/runs/tokenized/mimiciv-3.1_meds_70-10-20/deciles_none_unfused_time_tokens_numencxval_first_24h-tokenized/test/tokens_timelines_extended_outcomes.parquet
exp2_additional_binary,classification,severe_hypokalemia,xval_tt,pr_auc,True,47948,0.0061601636476408,0.0044520204245362,0.0099638655598584,/gpfs/data/bbj-lab/users/daniel/input-representation-benchmark/outputs/runs/tokenized/mimiciv-3.1_meds_70-10-20/deciles_none_unfused_time_tokens_numencxval_first_24h-tokenized/test/logistic_regression-preds-model-xval-time_tokens.pkl,/gpfs/data/bbj-lab/users/daniel/input-representation-benchmark/outputs/runs/tokenized/mimiciv-3.1_meds_70-10-20/deciles_none_unfused_time_tokens_numencxval_first_24h-tokenized/test/tokens_timelines_extended_outcomes.parquet
exp2_additional_binary,classification,severe_hypokalemia,xval_tt,brier,False,47948,0.003060896367305,0.0025734321475971,0.0035496446331762,/gpfs/data/bbj-lab/users/daniel/input-representation-benchmark/outputs/runs/tokenized/mimiciv-3.1_meds_70-10-20/deciles_none_unfused_time_tokens_numencxval_first_24h-tokenized/test/logistic_regression-preds-model-xval-time_tokens.pkl,/gpfs/data/bbj-lab/users/daniel/input-representation-benchmark/outputs/runs/tokenized/mimiciv-3.1_meds_70-10-20/deciles_none_unfused_time_tokens_numencxval_first_24h-tokenized/test/tokens_timelines_extended_outcomes.parquet
exp2_additional_binary,classification,severe_hypokalemia,xval_tt,ece_15,False,47948,0.0019748299646685,0.0015420622578601,0.0024031926369394,/gpfs/data/bbj-lab/users/daniel/input-representation-benchmark/outputs/runs/tokenized/mimiciv-3.1_meds_70-10-20/deciles_none_unfused_time_tokens_numencxval_first_24h-tokenized/test/logistic_regression-preds-model-xval-time_tokens.pkl,/gpfs/data/bbj-lab/users/daniel/input-representation-benchmark/outputs/runs/tokenized/mimiciv-3.1_meds_70-10-20/deciles_none_unfused_time_tokens_numencxval_first_24h-tokenized/test/tokens_timelines_extended_outcomes.parquet
exp2_additional_binary,classification,severe_hypokalemia,xval_affine_tt,roc_auc,True,47948,0.6273743059985453,0.5809159625577952,0.6718507420050414,/gpfs/data/bbj-lab/users/daniel/input-representation-benchmark/outputs/runs/tokenized/mimiciv-3.1_meds_70-10-20/deciles_none_unfused_time_tokens_numencxval_first_24h-tokenized/test/logistic_regression-preds-model-xval_affine-time_tokens.pkl,/gpfs/data/bbj-lab/users/daniel/input-representation-benchmark/outputs/runs/tokenized/mimiciv-3.1_meds_70-10-20/deciles_none_unfused_time_tokens_numencxval_first_24h-tokenized/test/tokens_timelines_extended_outcomes.parquet
exp2_additional_binary,classification,severe_hypokalemia,xval_affine_tt,pr_auc,True,47948,0.0116235507244763,0.0051638055504254,0.0314853133685777,/gpfs/data/bbj-lab/users/daniel/input-representation-benchmark/outputs/runs/tokenized/mimiciv-3.1_meds_70-10-20/deciles_none_unfused_time_tokens_numencxval_first_24h-tokenized/test/logistic_regression-preds-model-xval_affine-time_tokens.pkl,/gpfs/data/bbj-lab/users/daniel/input-representation-benchmark/outputs/runs/tokenized/mimiciv-3.1_meds_70-10-20/deciles_none_unfused_time_tokens_numencxval_first_24h-tokenized/test/tokens_timelines_extended_outcomes.parquet
exp2_additional_binary,classification,severe_hypokalemia,xval_affine_tt,brier,False,47948,0.0030317657334838,0.002538362115887,0.0035211531650924,/gpfs/data/bbj-lab/users/daniel/input-representation-benchmark/outputs/runs/tokenized/mimiciv-3.1_meds_70-10-20/deciles_none_unfused_time_tokens_numencxval_first_24h-tokenized/test/logistic_regression-preds-model-xval_affine-time_tokens.pkl,/gpfs/data/bbj-lab/users/daniel/input-representation-benchmark/outputs/runs/tokenized/mimiciv-3.1_meds_70-10-20/deciles_none_unfused_time_tokens_numencxval_first_24h-tokenized/test/tokens_timelines_extended_outcomes.parquet
exp2_additional_binary,classification,severe_hypokalemia,xval_affine_tt,ece_15,False,47948,0.0017216035665523,0.0012856746243955,0.0021405226592724,/gpfs/data/bbj-lab/users/daniel/input-representation-benchmark/outputs/runs/tokenized/mimiciv-3.1_meds_70-10-20/deciles_none_unfused_time_tokens_numencxval_first_24h-tokenized/test/logistic_regression-preds-model-xval_affine-time_tokens.pkl,/gpfs/data/bbj-lab/users/daniel/input-representation-benchmark/outputs/runs/tokenized/mimiciv-3.1_meds_70-10-20/deciles_none_unfused_time_tokens_numencxval_first_24h-tokenized/test/tokens_timelines_extended_outcomes.parquet
exp2_additional_binary,classification,severe_hypokalemia,discrete_rope,roc_auc,True,47948,0.716374565631174,0.6738591024899551,0.7567215935012257,/gpfs/data/bbj-lab/users/daniel/input-representation-benchmark/outputs/runs/tokenized/mimiciv-3.1_meds_70-10-20/deciles_none_unfused_time_rope_first_24h-tokenized/test/logistic_regression-preds-model-discrete-time_rope.pkl,/gpfs/data/bbj-lab/users/daniel/input-representation-benchmark/outputs/runs/tokenized/mimiciv-3.1_meds_70-10-20/deciles_none_unfused_time_rope_first_24h-tokenized/test/tokens_timelines_extended_outcomes.parquet
exp2_additional_binary,classification,severe_hypokalemia,discrete_rope,pr_auc,True,47948,0.0101020505867769,0.0069487879345102,0.016744758480146,/gpfs/data/bbj-lab/users/daniel/input-representation-benchmark/outputs/runs/tokenized/mimiciv-3.1_meds_70-10-20/deciles_none_unfused_time_rope_first_24h-tokenized/test/logistic_regression-preds-model-discrete-time_rope.pkl,/gpfs/data/bbj-lab/users/daniel/input-representation-benchmark/outputs/runs/tokenized/mimiciv-3.1_meds_70-10-20/deciles_none_unfused_time_rope_first_24h-tokenized/test/tokens_timelines_extended_outcomes.parquet
exp2_additional_binary,classification,severe_hypokalemia,discrete_rope,brier,False,47948,0.0030515800590459,0.0025638477270467,0.0035351209501382,/gpfs/data/bbj-lab/users/daniel/input-representation-benchmark/outputs/runs/tokenized/mimiciv-3.1_meds_70-10-20/deciles_none_unfused_time_rope_first_24h-tokenized/test/logistic_regression-preds-model-discrete-time_rope.pkl,/gpfs/data/bbj-lab/users/daniel/input-representation-benchmark/outputs/runs/tokenized/mimiciv-3.1_meds_70-10-20/deciles_none_unfused_time_rope_first_24h-tokenized/test/tokens_timelines_extended_outcomes.parquet
exp2_additional_binary,classification,severe_hypokalemia,discrete_rope,ece_15,False,47948,0.0015626290139618,0.001293680898972,0.002172938163333,/gpfs/data/bbj-lab/users/daniel/input-representation-benchmark/outputs/runs/tokenized/mimiciv-3.1_meds_70-10-20/deciles_none_unfused_time_rope_first_24h-tokenized/test/logistic_regression-preds-model-discrete-time_rope.pkl,/gpfs/data/bbj-lab/users/daniel/input-representation-benchmark/outputs/runs/tokenized/mimiciv-3.1_meds_70-10-20/deciles_none_unfused_time_rope_first_24h-tokenized/test/tokens_timelines_extended_outcomes.parquet
exp2_additional_binary,classification,severe_hypokalemia,soft_rope,roc_auc,True,47948,0.7139113512187545,0.6720688868450756,0.7538423925573998,/gpfs/data/bbj-lab/users/daniel/input-representation-benchmark/outputs/runs/tokenized/mimiciv-3.1_meds_70-10-20/deciles_none_unfused_time_rope_first_24h-tokenized/test/logistic_regression-preds-model-soft-time_rope.pkl,/gpfs/data/bbj-lab/users/daniel/input-representation-benchmark/outputs/runs/tokenized/mimiciv-3.1_meds_70-10-20/deciles_none_unfused_time_rope_first_24h-tokenized/test/tokens_timelines_extended_outcomes.parquet
exp2_additional_binary,classification,severe_hypokalemia,soft_rope,pr_auc,True,47948,0.0098789020272716,0.0068412311129058,0.0152673302648745,/gpfs/data/bbj-lab/users/daniel/input-representation-benchmark/outputs/runs/tokenized/mimiciv-3.1_meds_70-10-20/deciles_none_unfused_time_rope_first_24h-tokenized/test/logistic_regression-preds-model-soft-time_rope.pkl,/gpfs/data/bbj-lab/users/daniel/input-representation-benchmark/outputs/runs/tokenized/mimiciv-3.1_meds_70-10-20/deciles_none_unfused_time_rope_first_24h-tokenized/test/tokens_timelines_extended_outcomes.parquet
exp2_additional_binary,classification,severe_hypokalemia,soft_rope,brier,False,47948,0.0030531040353856,0.0025701612245199,0.0035398490031194,/gpfs/data/bbj-lab/users/daniel/input-representation-benchmark/outputs/runs/tokenized/mimiciv-3.1_meds_70-10-20/deciles_none_unfused_time_rope_first_24h-tokenized/test/logistic_regression-preds-model-soft-time_rope.pkl,/gpfs/data/bbj-lab/users/daniel/input-representation-benchmark/outputs/runs/tokenized/mimiciv-3.1_meds_70-10-20/deciles_none_unfused_time_rope_first_24h-tokenized/test/tokens_timelines_extended_outcomes.parquet
exp2_additional_binary,classification,severe_hypokalemia,soft_rope,ece_15,False,47948,0.0015597769539024,0.0012866902182126,0.0021619638270972,/gpfs/data/bbj-lab/users/daniel/input-representation-benchmark/outputs/runs/tokenized/mimiciv-3.1_meds_70-10-20/deciles_none_unfused_time_rope_first_24h-tokenized/test/logistic_regression-preds-model-soft-time_rope.pkl,/gpfs/data/bbj-lab/users/daniel/input-representation-benchmark/outputs/runs/tokenized/mimiciv-3.1_meds_70-10-20/deciles_none_unfused_time_rope_first_24h-tokenized/test/tokens_timelines_extended_outcomes.parquet
exp2_additional_binary,classification,severe_hypokalemia,xval_rope,roc_auc,True,47948,0.660175062887837,0.6147600036728788,0.7033993343766255,/gpfs/data/bbj-lab/users/daniel/input-representation-benchmark/outputs/runs/tokenized/mimiciv-3.1_meds_70-10-20/deciles_none_unfused_time_rope_numencxval_first_24h-tokenized/test/logistic_regression-preds-model-xval-time_rope.pkl,/gpfs/data/bbj-lab/users/daniel/input-representation-benchmark/outputs/runs/tokenized/mimiciv-3.1_meds_70-10-20/deciles_none_unfused_time_rope_numencxval_first_24h-tokenized/test/tokens_timelines_extended_outcomes.parquet
exp2_additional_binary,classification,severe_hypokalemia,xval_rope,pr_auc,True,47948,0.0070523942264809,0.0049724566825934,0.0114866143979631,/gpfs/data/bbj-lab/users/daniel/input-representation-benchmark/outputs/runs/tokenized/mimiciv-3.1_meds_70-10-20/deciles_none_unfused_time_rope_numencxval_first_24h-tokenized/test/logistic_regression-preds-model-xval-time_rope.pkl,/gpfs/data/bbj-lab/users/daniel/input-representation-benchmark/outputs/runs/tokenized/mimiciv-3.1_meds_70-10-20/deciles_none_unfused_time_rope_numencxval_first_24h-tokenized/test/tokens_timelines_extended_outcomes.parquet
exp2_additional_binary,classification,severe_hypokalemia,xval_rope,brier,False,47948,0.0030701793261542,0.0026166596696246,0.0035502465967617,/gpfs/data/bbj-lab/users/daniel/input-representation-benchmark/outputs/runs/tokenized/mimiciv-3.1_meds_70-10-20/deciles_none_unfused_time_rope_numencxval_first_24h-tokenized/test/logistic_regression-preds-model-xval-time_rope.pkl,/gpfs/data/bbj-lab/users/daniel/input-representation-benchmark/outputs/runs/tokenized/mimiciv-3.1_meds_70-10-20/deciles_none_unfused_time_rope_numencxval_first_24h-tokenized/test/tokens_timelines_extended_outcomes.parquet
exp2_additional_binary,classification,severe_hypokalemia,xval_rope,ece_15,False,47948,0.0014312486366899,0.001303314010231,0.0021141444434671,/gpfs/data/bbj-lab/users/daniel/input-representation-benchmark/outputs/runs/tokenized/mimiciv-3.1_meds_70-10-20/deciles_none_unfused_time_rope_numencxval_first_24h-tokenized/test/logistic_regression-preds-model-xval-time_rope.pkl,/gpfs/data/bbj-lab/users/daniel/input-representation-benchmark/outputs/runs/tokenized/mimiciv-3.1_meds_70-10-20/deciles_none_unfused_time_rope_numencxval_first_24h-tokenized/test/tokens_timelines_extended_outcomes.parquet
exp2_additional_binary,classification,severe_hypokalemia,xval_affine_rope,roc_auc,True,47948,0.6210997791689807,0.5746121587376611,0.6669946890126535,/gpfs/data/bbj-lab/users/daniel/input-representation-benchmark/outputs/runs/tokenized/mimiciv-3.1_meds_70-10-20/deciles_none_unfused_time_rope_numencxval_first_24h-tokenized/test/logistic_regression-preds-model-xval_affine-time_rope.pkl,/gpfs/data/bbj-lab/users/daniel/input-representation-benchmark/outputs/runs/tokenized/mimiciv-3.1_meds_70-10-20/deciles_none_unfused_time_rope_numencxval_first_24h-tokenized/test/tokens_timelines_extended_outcomes.parquet
exp2_additional_binary,classification,severe_hypokalemia,xval_affine_rope,pr_auc,True,47948,0.007366693832862,0.0047871192679201,0.0158907007373649,/gpfs/data/bbj-lab/users/daniel/input-representation-benchmark/outputs/runs/tokenized/mimiciv-3.1_meds_70-10-20/deciles_none_unfused_time_rope_numencxval_first_24h-tokenized/test/logistic_regression-preds-model-xval_affine-time_rope.pkl,/gpfs/data/bbj-lab/users/daniel/input-representation-benchmark/outputs/runs/tokenized/mimiciv-3.1_meds_70-10-20/deciles_none_unfused_time_rope_numencxval_first_24h-tokenized/test/tokens_timelines_extended_outcomes.parquet
exp2_additional_binary,classification,severe_hypokalemia,xval_affine_rope,brier,False,47948,0.0030397695629612,0.0025877327562054,0.0035213957501484,/gpfs/data/bbj-lab/users/daniel/input-representation-benchmark/outputs/runs/tokenized/mimiciv-3.1_meds_70-10-20/deciles_none_unfused_time_rope_numencxval_first_24h-tokenized/test/logistic_regression-preds-model-xval_affine-time_rope.pkl,/gpfs/data/bbj-lab/users/daniel/input-representation-benchmark/outputs/runs/tokenized/mimiciv-3.1_meds_70-10-20/deciles_none_unfused_time_rope_numencxval_first_24h-tokenized/test/tokens_timelines_extended_outcomes.parquet
exp2_additional_binary,classification,severe_hypokalemia,xval_affine_rope,ece_15,False,47948,0.0014773398093156,0.0012969210449631,0.0020975055069073,/gpfs/data/bbj-lab/users/daniel/input-representation-benchmark/outputs/runs/tokenized/mimiciv-3.1_meds_70-10-20/deciles_none_unfused_time_rope_numencxval_first_24h-tokenized/test/logistic_regression-preds-model-xval_affine-time_rope.pkl,/gpfs/data/bbj-lab/users/daniel/input-representation-benchmark/outputs/runs/tokenized/mimiciv-3.1_meds_70-10-20/deciles_none_unfused_time_rope_numencxval_first_24h-tokenized/test/tokens_timelines_extended_outcomes.parquet
exp2_additional_binary,classification,tachycardia_hr130,discrete_tt,roc_auc,True,9933,0.7137307197416214,0.7002989825275645,0.7271453230489268,/gpfs/data/bbj-lab/users/daniel/input-representation-benchmark/outputs/runs/tokenized/mimiciv-3.1_meds_70-10-20/deciles_none_unfused_time_tokens_first_24h-tokenized/test/logistic_regression-preds-model-discrete-time_tokens.pkl,/gpfs/data/bbj-lab/users/daniel/input-representation-benchmark/outputs/runs/tokenized/mimiciv-3.1_meds_70-10-20/deciles_none_unfused_time_tokens_first_24h-tokenized/test/tokens_timelines_extended_outcomes.parquet
exp2_additional_binary,classification,tachycardia_hr130,discrete_tt,pr_auc,True,9933,0.2866893754444694,0.2680553948264478,0.3076263838684286,/gpfs/data/bbj-lab/users/daniel/input-representation-benchmark/outputs/runs/tokenized/mimiciv-3.1_meds_70-10-20/deciles_none_unfused_time_tokens_first_24h-tokenized/test/logistic_regression-preds-model-discrete-time_tokens.pkl,/gpfs/data/bbj-lab/users/daniel/input-representation-benchmark/outputs/runs/tokenized/mimiciv-3.1_meds_70-10-20/deciles_none_unfused_time_tokens_first_24h-tokenized/test/tokens_timelines_extended_outcomes.parquet
exp2_additional_binary,classification,tachycardia_hr130,discrete_tt,brier,False,9933,0.1207936792710151,0.1163063815465366,0.1252483831078398,/gpfs/data/bbj-lab/users/daniel/input-representation-benchmark/outputs/runs/tokenized/mimiciv-3.1_meds_70-10-20/deciles_none_unfused_time_tokens_first_24h-tokenized/test/logistic_regression-preds-model-discrete-time_tokens.pkl,/gpfs/data/bbj-lab/users/daniel/input-representation-benchmark/outputs/runs/tokenized/mimiciv-3.1_meds_70-10-20/deciles_none_unfused_time_tokens_first_24h-tokenized/test/tokens_timelines_extended_outcomes.parquet
exp2_additional_binary,classification,tachycardia_hr130,discrete_tt,ece_15,False,9933,0.0272920156898472,0.0224859955004882,0.0349214973087032,/gpfs/data/bbj-lab/users/daniel/input-representation-benchmark/outputs/runs/tokenized/mimiciv-3.1_meds_70-10-20/deciles_none_unfused_time_tokens_first_24h-tokenized/test/logistic_regression-preds-model-discrete-time_tokens.pkl,/gpfs/data/bbj-lab/users/daniel/input-representation-benchmark/outputs/runs/tokenized/mimiciv-3.1_meds_70-10-20/deciles_none_unfused_time_tokens_first_24h-tokenized/test/tokens_timelines_extended_outcomes.parquet
exp2_additional_binary,classification,tachycardia_hr130,soft_tt,roc_auc,True,9933,0.7052228580786192,0.6910223279618625,0.7186416841068798,/gpfs/data/bbj-lab/users/daniel/input-representation-benchmark/outputs/runs/tokenized/mimiciv-3.1_meds_70-10-20/deciles_none_unfused_time_tokens_first_24h-tokenized/test/logistic_regression-preds-model-soft-time_tokens.pkl,/gpfs/data/bbj-lab/users/daniel/input-representation-benchmark/outputs/runs/tokenized/mimiciv-3.1_meds_70-10-20/deciles_none_unfused_time_tokens_first_24h-tokenized/test/tokens_timelines_extended_outcomes.parquet
exp2_additional_binary,classification,tachycardia_hr130,soft_tt,pr_auc,True,9933,0.2917219018926962,0.2716053416910482,0.3137172417058838,/gpfs/data/bbj-lab/users/daniel/input-representation-benchmark/outputs/runs/tokenized/mimiciv-3.1_meds_70-10-20/deciles_none_unfused_time_tokens_first_24h-tokenized/test/logistic_regression-preds-model-soft-time_tokens.pkl,/gpfs/data/bbj-lab/users/daniel/input-representation-benchmark/outputs/runs/tokenized/mimiciv-3.1_meds_70-10-20/deciles_none_unfused_time_tokens_first_24h-tokenized/test/tokens_timelines_extended_outcomes.parquet
exp2_additional_binary,classification,tachycardia_hr130,soft_tt,brier,False,9933,0.1206375532742177,0.1160424564641608,0.1250568940819337,/gpfs/data/bbj-lab/users/daniel/input-representation-benchmark/outputs/runs/tokenized/mimiciv-3.1_meds_70-10-20/deciles_none_unfused_time_tokens_first_24h-tokenized/test/logistic_regression-preds-model-soft-time_tokens.pkl,/gpfs/data/bbj-lab/users/daniel/input-representation-benchmark/outputs/runs/tokenized/mimiciv-3.1_meds_70-10-20/deciles_none_unfused_time_tokens_first_24h-tokenized/test/tokens_timelines_extended_outcomes.parquet
exp2_additional_binary,classification,tachycardia_hr130,soft_tt,ece_15,False,9933,0.0259671204922702,0.0210033028185676,0.0334820586173789,/gpfs/data/bbj-lab/users/daniel/input-representation-benchmark/outputs/runs/tokenized/mimiciv-3.1_meds_70-10-20/deciles_none_unfused_time_tokens_first_24h-tokenized/test/logistic_regression-preds-model-soft-time_tokens.pkl,/gpfs/data/bbj-lab/users/daniel/input-representation-benchmark/outputs/runs/tokenized/mimiciv-3.1_meds_70-10-20/deciles_none_unfused_time_tokens_first_24h-tokenized/test/tokens_timelines_extended_outcomes.parquet
exp2_additional_binary,classification,tachycardia_hr130,xval_tt,roc_auc,True,9933,0.6684946442499677,0.653331731272506,0.6831017429827048,/gpfs/data/bbj-lab/users/daniel/input-representation-benchmark/outputs/runs/tokenized/mimiciv-3.1_meds_70-10-20/deciles_none_unfused_time_tokens_numencxval_first_24h-tokenized/test/logistic_regression-preds-model-xval-time_tokens.pkl,/gpfs/data/bbj-lab/users/daniel/input-representation-benchmark/outputs/runs/tokenized/mimiciv-3.1_meds_70-10-20/deciles_none_unfused_time_tokens_numencxval_first_24h-tokenized/test/tokens_timelines_extended_outcomes.parquet
exp2_additional_binary,classification,tachycardia_hr130,xval_tt,pr_auc,True,9933,0.256701311342751,0.2396784465350156,0.2764095860854822,/gpfs/data/bbj-lab/users/daniel/input-representation-benchmark/outputs/runs/tokenized/mimiciv-3.1_meds_70-10-20/deciles_none_unfused_time_tokens_numencxval_first_24h-tokenized/test/logistic_regression-preds-model-xval-time_tokens.pkl,/gpfs/data/bbj-lab/users/daniel/input-representation-benchmark/outputs/runs/tokenized/mimiciv-3.1_meds_70-10-20/deciles_none_unfused_time_tokens_numencxval_first_24h-tokenized/test/tokens_timelines_extended_outcomes.parquet
exp2_additional_binary,classification,tachycardia_hr130,xval_tt,brier,False,9933,0.123668548694874,0.1190556140126096,0.1282570175264424,/gpfs/data/bbj-lab/users/daniel/input-representation-benchmark/outputs/runs/tokenized/mimiciv-3.1_meds_70-10-20/deciles_none_unfused_time_tokens_numencxval_first_24h-tokenized/test/logistic_regression-preds-model-xval-time_tokens.pkl,/gpfs/data/bbj-lab/users/daniel/input-representation-benchmark/outputs/runs/tokenized/mimiciv-3.1_meds_70-10-20/deciles_none_unfused_time_tokens_numencxval_first_24h-tokenized/test/tokens_timelines_extended_outcomes.parquet
exp2_additional_binary,classification,tachycardia_hr130,xval_tt,ece_15,False,9933,0.0232964467615447,0.0201277235643643,0.0325253481988135,/gpfs/data/bbj-lab/users/daniel/input-representation-benchmark/outputs/runs/tokenized/mimiciv-3.1_meds_70-10-20/deciles_none_unfused_time_tokens_numencxval_first_24h-tokenized/test/logistic_regression-preds-model-xval-time_tokens.pkl,/gpfs/data/bbj-lab/users/daniel/input-representation-benchmark/outputs/runs/tokenized/mimiciv-3.1_meds_70-10-20/deciles_none_unfused_time_tokens_numencxval_first_24h-tokenized/test/tokens_timelines_extended_outcomes.parquet
exp2_additional_binary,classification,tachycardia_hr130,xval_affine_tt,roc_auc,True,9933,0.6595821196073334,0.6450855710866489,0.6740239430388848,/gpfs/data/bbj-lab/users/daniel/input-representation-benchmark/outputs/runs/tokenized/mimiciv-3.1_meds_70-10-20/deciles_none_unfused_time_tokens_numencxval_first_24h-tokenized/test/logistic_regression-preds-model-xval_affine-time_tokens.pkl,/gpfs/data/bbj-lab/users/daniel/input-representation-benchmark/outputs/runs/tokenized/mimiciv-3.1_meds_70-10-20/deciles_none_unfused_time_tokens_numencxval_first_24h-tokenized/test/tokens_timelines_extended_outcomes.parquet
exp2_additional_binary,classification,tachycardia_hr130,xval_affine_tt,pr_auc,True,9933,0.260165157905349,0.2423162785533272,0.2811600602614772,/gpfs/data/bbj-lab/users/daniel/input-representation-benchmark/outputs/runs/tokenized/mimiciv-3.1_meds_70-10-20/deciles_none_unfused_time_tokens_numencxval_first_24h-tokenized/test/logistic_regression-preds-model-xval_affine-time_tokens.pkl,/gpfs/data/bbj-lab/users/daniel/input-representation-benchmark/outputs/runs/tokenized/mimiciv-3.1_meds_70-10-20/deciles_none_unfused_time_tokens_numencxval_first_24h-tokenized/test/tokens_timelines_extended_outcomes.parquet
exp2_additional_binary,classification,tachycardia_hr130,xval_affine_tt,brier,False,9933,0.1233013915671319,0.118596664317199,0.1278454990386825,/gpfs/data/bbj-lab/users/daniel/input-representation-benchmark/outputs/runs/tokenized/mimiciv-3.1_meds_70-10-20/deciles_none_unfused_time_tokens_numencxval_first_24h-tokenized/test/logistic_regression-preds-model-xval_affine-time_tokens.pkl,/gpfs/data/bbj-lab/users/daniel/input-representation-benchmark/outputs/runs/tokenized/mimiciv-3.1_meds_70-10-20/deciles_none_unfused_time_tokens_numencxval_first_24h-tokenized/test/tokens_timelines_extended_outcomes.parquet
exp2_additional_binary,classification,tachycardia_hr130,xval_affine_tt,ece_15,False,9933,0.0215297885643811,0.0171635339109652,0.0292474765674536,/gpfs/data/bbj-lab/users/daniel/input-representation-benchmark/outputs/runs/tokenized/mimiciv-3.1_meds_70-10-20/deciles_none_unfused_time_tokens_numencxval_first_24h-tokenized/test/logistic_regression-preds-model-xval_affine-time_tokens.pkl,/gpfs/data/bbj-lab/users/daniel/input-representation-benchmark/outputs/runs/tokenized/mimiciv-3.1_meds_70-10-20/deciles_none_unfused_time_tokens_numencxval_first_24h-tokenized/test/tokens_timelines_extended_outcomes.parquet
exp2_additional_binary,classification,tachycardia_hr130,discrete_rope,roc_auc,True,9933,0.7119486644386275,0.6985958611501731,0.7249397695528176,/gpfs/data/bbj-lab/users/daniel/input-representation-benchmark/outputs/runs/tokenized/mimiciv-3.1_meds_70-10-20/deciles_none_unfused_time_rope_first_24h-tokenized/test/logistic_regression-preds-model-discrete-time_rope.pkl,/gpfs/data/bbj-lab/users/daniel/input-representation-benchmark/outputs/runs/tokenized/mimiciv-3.1_meds_70-10-20/deciles_none_unfused_time_rope_first_24h-tokenized/test/tokens_timelines_extended_outcomes.parquet
exp2_additional_binary,classification,tachycardia_hr130,discrete_rope,pr_auc,True,9933,0.2890455249477549,0.2693384814588329,0.3119892390880189,/gpfs/data/bbj-lab/users/daniel/input-representation-benchmark/outputs/runs/tokenized/mimiciv-3.1_meds_70-10-20/deciles_none_unfused_time_rope_first_24h-tokenized/test/logistic_regression-preds-model-discrete-time_rope.pkl,/gpfs/data/bbj-lab/users/daniel/input-representation-benchmark/outputs/runs/tokenized/mimiciv-3.1_meds_70-10-20/deciles_none_unfused_time_rope_first_24h-tokenized/test/tokens_timelines_extended_outcomes.parquet
exp2_additional_binary,classification,tachycardia_hr130,discrete_rope,brier,False,9933,0.1206541608289369,0.1163557879064823,0.1251777344498751,/gpfs/data/bbj-lab/users/daniel/input-representation-benchmark/outputs/runs/tokenized/mimiciv-3.1_meds_70-10-20/deciles_none_unfused_time_rope_first_24h-tokenized/test/logistic_regression-preds-model-discrete-time_rope.pkl,/gpfs/data/bbj-lab/users/daniel/input-representation-benchmark/outputs/runs/tokenized/mimiciv-3.1_meds_70-10-20/deciles_none_unfused_time_rope_first_24h-tokenized/test/tokens_timelines_extended_outcomes.parquet
exp2_additional_binary,classification,tachycardia_hr130,discrete_rope,ece_15,False,9933,0.0259605087679355,0.0224405961979871,0.0340203951201331,/gpfs/data/bbj-lab/users/daniel/input-representation-benchmark/outputs/runs/tokenized/mimiciv-3.1_meds_70-10-20/deciles_none_unfused_time_rope_first_24h-tokenized/test/logistic_regression-preds-model-discrete-time_rope.pkl,/gpfs/data/bbj-lab/users/daniel/input-representation-benchmark/outputs/runs/tokenized/mimiciv-3.1_meds_70-10-20/deciles_none_unfused_time_rope_first_24h-tokenized/test/tokens_timelines_extended_outcomes.parquet
exp2_additional_binary,classification,tachycardia_hr130,soft_rope,roc_auc,True,9933,0.7081498019754495,0.6943601954012977,0.7212826558450014,/gpfs/data/bbj-lab/users/daniel/input-representation-benchmark/outputs/runs/tokenized/mimiciv-3.1_meds_70-10-20/deciles_none_unfused_time_rope_first_24h-tokenized/test/logistic_regression-preds-model-soft-time_rope.pkl,/gpfs/data/bbj-lab/users/daniel/input-representation-benchmark/outputs/runs/tokenized/mimiciv-3.1_meds_70-10-20/deciles_none_unfused_time_rope_first_24h-tokenized/test/tokens_timelines_extended_outcomes.parquet
exp2_additional_binary,classification,tachycardia_hr130,soft_rope,pr_auc,True,9933,0.2957992789946075,0.2758399653892589,0.3172434536404939,/gpfs/data/bbj-lab/users/daniel/input-representation-benchmark/outputs/runs/tokenized/mimiciv-3.1_meds_70-10-20/deciles_none_unfused_time_rope_first_24h-tokenized/test/logistic_regression-preds-model-soft-time_rope.pkl,/gpfs/data/bbj-lab/users/daniel/input-representation-benchmark/outputs/runs/tokenized/mimiciv-3.1_meds_70-10-20/deciles_none_unfused_time_rope_first_24h-tokenized/test/tokens_timelines_extended_outcomes.parquet
exp2_additional_binary,classification,tachycardia_hr130,soft_rope,brier,False,9933,0.1202939284967179,0.1158713825989522,0.1248725434827399,/gpfs/data/bbj-lab/users/daniel/input-representation-benchmark/outputs/runs/tokenized/mimiciv-3.1_meds_70-10-20/deciles_none_unfused_time_rope_first_24h-tokenized/test/logistic_regression-preds-model-soft-time_rope.pkl,/gpfs/data/bbj-lab/users/daniel/input-representation-benchmark/outputs/runs/tokenized/mimiciv-3.1_meds_70-10-20/deciles_none_unfused_time_rope_first_24h-tokenized/test/tokens_timelines_extended_outcomes.parquet
exp2_additional_binary,classification,tachycardia_hr130,soft_rope,ece_15,False,9933,0.0231480515235754,0.0193497662065413,0.0311100301030024,/gpfs/data/bbj-lab/users/daniel/input-representation-benchmark/outputs/runs/tokenized/mimiciv-3.1_meds_70-10-20/deciles_none_unfused_time_rope_first_24h-tokenized/test/logistic_regression-preds-model-soft-time_rope.pkl,/gpfs/data/bbj-lab/users/daniel/input-representation-benchmark/outputs/runs/tokenized/mimiciv-3.1_meds_70-10-20/deciles_none_unfused_time_rope_first_24h-tokenized/test/tokens_timelines_extended_outcomes.parquet
exp2_additional_binary,classification,tachycardia_hr130,xval_rope,roc_auc,True,9933,0.6747732309680612,0.6605091423107372,0.6895702547404297,/gpfs/data/bbj-lab/users/daniel/input-representation-benchmark/outputs/runs/tokenized/mimiciv-3.1_meds_70-10-20/deciles_none_unfused_time_rope_numencxval_first_24h-tokenized/test/logistic_regression-preds-model-xval-time_rope.pkl,/gpfs/data/bbj-lab/users/daniel/input-representation-benchmark/outputs/runs/tokenized/mimiciv-3.1_meds_70-10-20/deciles_none_unfused_time_rope_numencxval_first_24h-tokenized/test/tokens_timelines_extended_outcomes.parquet
exp2_additional_binary,classification,tachycardia_hr130,xval_rope,pr_auc,True,9933,0.2658496504197934,0.2478749616923168,0.2867674451138232,/gpfs/data/bbj-lab/users/daniel/input-representation-benchmark/outputs/runs/tokenized/mimiciv-3.1_meds_70-10-20/deciles_none_unfused_time_rope_numencxval_first_24h-tokenized/test/logistic_regression-preds-model-xval-time_rope.pkl,/gpfs/data/bbj-lab/users/daniel/input-representation-benchmark/outputs/runs/tokenized/mimiciv-3.1_meds_70-10-20/deciles_none_unfused_time_rope_numencxval_first_24h-tokenized/test/tokens_timelines_extended_outcomes.parquet
exp2_additional_binary,classification,tachycardia_hr130,xval_rope,brier,False,9933,0.1228640849548819,0.1180514002615513,0.1271812471966842,/gpfs/data/bbj-lab/users/daniel/input-representation-benchmark/outputs/runs/tokenized/mimiciv-3.1_meds_70-10-20/deciles_none_unfused_time_rope_numencxval_first_24h-tokenized/test/logistic_regression-preds-model-xval-time_rope.pkl,/gpfs/data/bbj-lab/users/daniel/input-representation-benchmark/outputs/runs/tokenized/mimiciv-3.1_meds_70-10-20/deciles_none_unfused_time_rope_numencxval_first_24h-tokenized/test/tokens_timelines_extended_outcomes.parquet
exp2_additional_binary,classification,tachycardia_hr130,xval_rope,ece_15,False,9933,0.02037404025478,0.0178856387390721,0.0290877113414996,/gpfs/data/bbj-lab/users/daniel/input-representation-benchmark/outputs/runs/tokenized/mimiciv-3.1_meds_70-10-20/deciles_none_unfused_time_rope_numencxval_first_24h-tokenized/test/logistic_regression-preds-model-xval-time_rope.pkl,/gpfs/data/bbj-lab/users/daniel/input-representation-benchmark/outputs/runs/tokenized/mimiciv-3.1_meds_70-10-20/deciles_none_unfused_time_rope_numencxval_first_24h-tokenized/test/tokens_timelines_extended_outcomes.parquet
exp2_additional_binary,classification,tachycardia_hr130,xval_affine_rope,roc_auc,True,9933,0.653879132453056,0.6387463863824387,0.6679718244428993,/gpfs/data/bbj-lab/users/daniel/input-representation-benchmark/outputs/runs/tokenized/mimiciv-3.1_meds_70-10-20/deciles_none_unfused_time_rope_numencxval_first_24h-tokenized/test/logistic_regression-preds-model-xval_affine-time_rope.pkl,/gpfs/data/bbj-lab/users/daniel/input-representation-benchmark/outputs/runs/tokenized/mimiciv-3.1_meds_70-10-20/deciles_none_unfused_time_rope_numencxval_first_24h-tokenized/test/tokens_timelines_extended_outcomes.parquet
exp2_additional_binary,classification,tachycardia_hr130,xval_affine_rope,pr_auc,True,9933,0.2596642920875499,0.2410988942043109,0.2806603844988934,/gpfs/data/bbj-lab/users/daniel/input-representation-benchmark/outputs/runs/tokenized/mimiciv-3.1_meds_70-10-20/deciles_none_unfused_time_rope_numencxval_first_24h-tokenized/test/logistic_regression-preds-model-xval_affine-time_rope.pkl,/gpfs/data/bbj-lab/users/daniel/input-representation-benchmark/outputs/runs/tokenized/mimiciv-3.1_meds_70-10-20/deciles_none_unfused_time_rope_numencxval_first_24h-tokenized/test/tokens_timelines_extended_outcomes.parquet
exp2_additional_binary,classification,tachycardia_hr130,xval_affine_rope,brier,False,9933,0.1236307766755402,0.1188848942789789,0.1282431986406418,/gpfs/data/bbj-lab/users/daniel/input-representation-benchmark/outputs/runs/tokenized/mimiciv-3.1_meds_70-10-20/deciles_none_unfused_time_rope_numencxval_first_24h-tokenized/test/logistic_regression-preds-model-xval_affine-time_rope.pkl,/gpfs/data/bbj-lab/users/daniel/input-representation-benchmark/outputs/runs/tokenized/mimiciv-3.1_meds_70-10-20/deciles_none_unfused_time_rope_numencxval_first_24h-tokenized/test/tokens_timelines_extended_outcomes.parquet
exp2_additional_binary,classification,tachycardia_hr130,xval_affine_rope,ece_15,False,9933,0.0201968179818897,0.0170460551830801,0.0284793135802436,/gpfs/data/bbj-lab/users/daniel/input-representation-benchmark/outputs/runs/tokenized/mimiciv-3.1_meds_70-10-20/deciles_none_unfused_time_rope_numencxval_first_24h-tokenized/test/logistic_regression-preds-model-xval_affine-time_rope.pkl,/gpfs/data/bbj-lab/users/daniel/input-representation-benchmark/outputs/runs/tokenized/mimiciv-3.1_meds_70-10-20/deciles_none_unfused_time_rope_numencxval_first_24h-tokenized/test/tokens_timelines_extended_outcomes.parquet
exp2_additional_binary,classification,vasopressor_initiation,discrete_tt,roc_auc,True,61647,0.8678827204356605,0.8584615505088066,0.8771474864468874,/gpfs/data/bbj-lab/users/daniel/input-representation-benchmark/outputs/runs/tokenized/mimiciv-3.1_meds_70-10-20/deciles_none_unfused_time_tokens_first_24h-tokenized/test/logistic_regression-preds-model-discrete-time_tokens.pkl,/gpfs/data/bbj-lab/users/daniel/input-representation-benchmark/outputs/runs/tokenized/mimiciv-3.1_meds_70-10-20/deciles_none_unfused_time_tokens_first_24h-tokenized/test/tokens_timelines_extended_outcomes.parquet
exp2_additional_binary,classification,vasopressor_initiation,discrete_tt,pr_auc,True,61647,0.2884978928571493,0.2639222221103767,0.3139037741185989,/gpfs/data/bbj-lab/users/daniel/input-representation-benchmark/outputs/runs/tokenized/mimiciv-3.1_meds_70-10-20/deciles_none_unfused_time_tokens_first_24h-tokenized/test/logistic_regression-preds-model-discrete-time_tokens.pkl,/gpfs/data/bbj-lab/users/daniel/input-representation-benchmark/outputs/runs/tokenized/mimiciv-3.1_meds_70-10-20/deciles_none_unfused_time_tokens_first_24h-tokenized/test/tokens_timelines_extended_outcomes.parquet
exp2_additional_binary,classification,vasopressor_initiation,discrete_tt,brier,False,61647,0.0203457408006573,0.0194319915246813,0.0212450546434464,/gpfs/data/bbj-lab/users/daniel/input-representation-benchmark/outputs/runs/tokenized/mimiciv-3.1_meds_70-10-20/deciles_none_unfused_time_tokens_first_24h-tokenized/test/logistic_regression-preds-model-discrete-time_tokens.pkl,/gpfs/data/bbj-lab/users/daniel/input-representation-benchmark/outputs/runs/tokenized/mimiciv-3.1_meds_70-10-20/deciles_none_unfused_time_tokens_first_24h-tokenized/test/tokens_timelines_extended_outcomes.parquet
exp2_additional_binary,classification,vasopressor_initiation,discrete_tt,ece_15,False,61647,0.0025459208202065,0.0020406790270345,0.0040420959292507,/gpfs/data/bbj-lab/users/daniel/input-representation-benchmark/outputs/runs/tokenized/mimiciv-3.1_meds_70-10-20/deciles_none_unfused_time_tokens_first_24h-tokenized/test/logistic_regression-preds-model-discrete-time_tokens.pkl,/gpfs/data/bbj-lab/users/daniel/input-representation-benchmark/outputs/runs/tokenized/mimiciv-3.1_meds_70-10-20/deciles_none_unfused_time_tokens_first_24h-tokenized/test/tokens_timelines_extended_outcomes.parquet
exp2_additional_binary,classification,vasopressor_initiation,soft_tt,roc_auc,True,61647,0.8607817056138857,0.8512071289638898,0.8699857476980795,/gpfs/data/bbj-lab/users/daniel/input-representation-benchmark/outputs/runs/tokenized/mimiciv-3.1_meds_70-10-20/deciles_none_unfused_time_tokens_first_24h-tokenized/test/logistic_regression-preds-model-soft-time_tokens.pkl,/gpfs/data/bbj-lab/users/daniel/input-representation-benchmark/outputs/runs/tokenized/mimiciv-3.1_meds_70-10-20/deciles_none_unfused_time_tokens_first_24h-tokenized/test/tokens_timelines_extended_outcomes.parquet
exp2_additional_binary,classification,vasopressor_initiation,soft_tt,pr_auc,True,61647,0.2740454941904988,0.2512694688551157,0.2970973052783667,/gpfs/data/bbj-lab/users/daniel/input-representation-benchmark/outputs/runs/tokenized/mimiciv-3.1_meds_70-10-20/deciles_none_unfused_time_tokens_first_24h-tokenized/test/logistic_regression-preds-model-soft-time_tokens.pkl,/gpfs/data/bbj-lab/users/daniel/input-representation-benchmark/outputs/runs/tokenized/mimiciv-3.1_meds_70-10-20/deciles_none_unfused_time_tokens_first_24h-tokenized/test/tokens_timelines_extended_outcomes.parquet
exp2_additional_binary,classification,vasopressor_initiation,soft_tt,brier,False,61647,0.0206393252938272,0.0196974847769773,0.0216022062061449,/gpfs/data/bbj-lab/users/daniel/input-representation-benchmark/outputs/runs/tokenized/mimiciv-3.1_meds_70-10-20/deciles_none_unfused_time_tokens_first_24h-tokenized/test/logistic_regression-preds-model-soft-time_tokens.pkl,/gpfs/data/bbj-lab/users/daniel/input-representation-benchmark/outputs/runs/tokenized/mimiciv-3.1_meds_70-10-20/deciles_none_unfused_time_tokens_first_24h-tokenized/test/tokens_timelines_extended_outcomes.parquet
exp2_additional_binary,classification,vasopressor_initiation,soft_tt,ece_15,False,61647,0.0026425537279276,0.0020326916718,0.0040212839396873,/gpfs/data/bbj-lab/users/daniel/input-representation-benchmark/outputs/runs/tokenized/mimiciv-3.1_meds_70-10-20/deciles_none_unfused_time_tokens_first_24h-tokenized/test/logistic_regression-preds-model-soft-time_tokens.pkl,/gpfs/data/bbj-lab/users/daniel/input-representation-benchmark/outputs/runs/tokenized/mimiciv-3.1_meds_70-10-20/deciles_none_unfused_time_tokens_first_24h-tokenized/test/tokens_timelines_extended_outcomes.parquet
exp2_additional_binary,classification,vasopressor_initiation,xval_tt,roc_auc,True,61647,0.8047498828884001,0.7940598517591438,0.8162299846724784,/gpfs/data/bbj-lab/users/daniel/input-representation-benchmark/outputs/runs/tokenized/mimiciv-3.1_meds_70-10-20/deciles_none_unfused_time_tokens_numencxval_first_24h-tokenized/test/logistic_regression-preds-model-xval-time_tokens.pkl,/gpfs/data/bbj-lab/users/daniel/input-representation-benchmark/outputs/runs/tokenized/mimiciv-3.1_meds_70-10-20/deciles_none_unfused_time_tokens_numencxval_first_24h-tokenized/test/tokens_timelines_extended_outcomes.parquet
exp2_additional_binary,classification,vasopressor_initiation,xval_tt,pr_auc,True,61647,0.20883662970343,0.1878559374392586,0.2309913324748605,/gpfs/data/bbj-lab/users/daniel/input-representation-benchmark/outputs/runs/tokenized/mimiciv-3.1_meds_70-10-20/deciles_none_unfused_time_tokens_numencxval_first_24h-tokenized/test/logistic_regression-preds-model-xval-time_tokens.pkl,/gpfs/data/bbj-lab/users/daniel/input-representation-benchmark/outputs/runs/tokenized/mimiciv-3.1_meds_70-10-20/deciles_none_unfused_time_tokens_numencxval_first_24h-tokenized/test/tokens_timelines_extended_outcomes.parquet
exp2_additional_binary,classification,vasopressor_initiation,xval_tt,brier,False,61647,0.0216843393778962,0.0206350798802887,0.0226746239240171,/gpfs/data/bbj-lab/users/daniel/input-representation-benchmark/outputs/runs/tokenized/mimiciv-3.1_meds_70-10-20/deciles_none_unfused_time_tokens_numencxval_first_24h-tokenized/test/logistic_regression-preds-model-xval-time_tokens.pkl,/gpfs/data/bbj-lab/users/daniel/input-representation-benchmark/outputs/runs/tokenized/mimiciv-3.1_meds_70-10-20/deciles_none_unfused_time_tokens_numencxval_first_24h-tokenized/test/tokens_timelines_extended_outcomes.parquet
exp2_additional_binary,classification,vasopressor_initiation,xval_tt,ece_15,False,61647,0.003100577730687,0.0020741131408053,0.0040001117444188,/gpfs/data/bbj-lab/users/daniel/input-representation-benchmark/outputs/runs/tokenized/mimiciv-3.1_meds_70-10-20/deciles_none_unfused_time_tokens_numencxval_first_24h-tokenized/test/logistic_regression-preds-model-xval-time_tokens.pkl,/gpfs/data/bbj-lab/users/daniel/input-representation-benchmark/outputs/runs/tokenized/mimiciv-3.1_meds_70-10-20/deciles_none_unfused_time_tokens_numencxval_first_24h-tokenized/test/tokens_timelines_extended_outcomes.parquet
exp2_additional_binary,classification,vasopressor_initiation,xval_affine_tt,roc_auc,True,61647,0.7978010340722498,0.7866006949530536,0.8092204948642318,/gpfs/data/bbj-lab/users/daniel/input-representation-benchmark/outputs/runs/tokenized/mimiciv-3.1_meds_70-10-20/deciles_none_unfused_time_tokens_numencxval_first_24h-tokenized/test/logistic_regression-preds-model-xval_affine-time_tokens.pkl,/gpfs/data/bbj-lab/users/daniel/input-representation-benchmark/outputs/runs/tokenized/mimiciv-3.1_meds_70-10-20/deciles_none_unfused_time_tokens_numencxval_first_24h-tokenized/test/tokens_timelines_extended_outcomes.parquet
exp2_additional_binary,classification,vasopressor_initiation,xval_affine_tt,pr_auc,True,61647,0.1894968975067309,0.1700012628601689,0.2113468714467666,/gpfs/data/bbj-lab/users/daniel/input-representation-benchmark/outputs/runs/tokenized/mimiciv-3.1_meds_70-10-20/deciles_none_unfused_time_tokens_numencxval_first_24h-tokenized/test/logistic_regression-preds-model-xval_affine-time_tokens.pkl,/gpfs/data/bbj-lab/users/daniel/input-representation-benchmark/outputs/runs/tokenized/mimiciv-3.1_meds_70-10-20/deciles_none_unfused_time_tokens_numencxval_first_24h-tokenized/test/tokens_timelines_extended_outcomes.parquet
exp2_additional_binary,classification,vasopressor_initiation,xval_affine_tt,brier,False,61647,0.0219291032378681,0.0208546682781504,0.0229305963968901,/gpfs/data/bbj-lab/users/daniel/input-representation-benchmark/outputs/runs/tokenized/mimiciv-3.1_meds_70-10-20/deciles_none_unfused_time_tokens_numencxval_first_24h-tokenized/test/logistic_regression-preds-model-xval_affine-time_tokens.pkl,/gpfs/data/bbj-lab/users/daniel/input-representation-benchmark/outputs/runs/tokenized/mimiciv-3.1_meds_70-10-20/deciles_none_unfused_time_tokens_numencxval_first_24h-tokenized/test/tokens_timelines_extended_outcomes.parquet
exp2_additional_binary,classification,vasopressor_initiation,xval_affine_tt,ece_15,False,61647,0.0031615118929325,0.0022526280022616,0.0043493423224751,/gpfs/data/bbj-lab/users/daniel/input-representation-benchmark/outputs/runs/tokenized/mimiciv-3.1_meds_70-10-20/deciles_none_unfused_time_tokens_numencxval_first_24h-tokenized/test/logistic_regression-preds-model-xval_affine-time_tokens.pkl,/gpfs/data/bbj-lab/users/daniel/input-representation-benchmark/outputs/runs/tokenized/mimiciv-3.1_meds_70-10-20/deciles_none_unfused_time_tokens_numencxval_first_24h-tokenized/test/tokens_timelines_extended_outcomes.parquet
exp2_additional_binary,classification,vasopressor_initiation,discrete_rope,roc_auc,True,61647,0.866751561442553,0.8572964316967723,0.8762640851679793,/gpfs/data/bbj-lab/users/daniel/input-representation-benchmark/outputs/runs/tokenized/mimiciv-3.1_meds_70-10-20/deciles_none_unfused_time_rope_first_24h-tokenized/test/logistic_regression-preds-model-discrete-time_rope.pkl,/gpfs/data/bbj-lab/users/daniel/input-representation-benchmark/outputs/runs/tokenized/mimiciv-3.1_meds_70-10-20/deciles_none_unfused_time_rope_first_24h-tokenized/test/tokens_timelines_extended_outcomes.parquet
exp2_additional_binary,classification,vasopressor_initiation,discrete_rope,pr_auc,True,61647,0.2846874537606181,0.2617394443984043,0.3099649991704451,/gpfs/data/bbj-lab/users/daniel/input-representation-benchmark/outputs/runs/tokenized/mimiciv-3.1_meds_70-10-20/deciles_none_unfused_time_rope_first_24h-tokenized/test/logistic_regression-preds-model-discrete-time_rope.pkl,/gpfs/data/bbj-lab/users/daniel/input-representation-benchmark/outputs/runs/tokenized/mimiciv-3.1_meds_70-10-20/deciles_none_unfused_time_rope_first_24h-tokenized/test/tokens_timelines_extended_outcomes.parquet
exp2_additional_binary,classification,vasopressor_initiation,discrete_rope,brier,False,61647,0.0204546793572141,0.019493335252886,0.0214000352228115,/gpfs/data/bbj-lab/users/daniel/input-representation-benchmark/outputs/runs/tokenized/mimiciv-3.1_meds_70-10-20/deciles_none_unfused_time_rope_first_24h-tokenized/test/logistic_regression-preds-model-discrete-time_rope.pkl,/gpfs/data/bbj-lab/users/daniel/input-representation-benchmark/outputs/runs/tokenized/mimiciv-3.1_meds_70-10-20/deciles_none_unfused_time_rope_first_24h-tokenized/test/tokens_timelines_extended_outcomes.parquet
exp2_additional_binary,classification,vasopressor_initiation,discrete_rope,ece_15,False,61647,0.0027041524559599,0.0019948046337468,0.0039659780596905,/gpfs/data/bbj-lab/users/daniel/input-representation-benchmark/outputs/runs/tokenized/mimiciv-3.1_meds_70-10-20/deciles_none_unfused_time_rope_first_24h-tokenized/test/logistic_regression-preds-model-discrete-time_rope.pkl,/gpfs/data/bbj-lab/users/daniel/input-representation-benchmark/outputs/runs/tokenized/mimiciv-3.1_meds_70-10-20/deciles_none_unfused_time_rope_first_24h-tokenized/test/tokens_timelines_extended_outcomes.parquet
exp2_additional_binary,classification,vasopressor_initiation,soft_rope,roc_auc,True,61647,0.8627646844858078,0.8530094863334508,0.8723958504035022,/gpfs/data/bbj-lab/users/daniel/input-representation-benchmark/outputs/runs/tokenized/mimiciv-3.1_meds_70-10-20/deciles_none_unfused_time_rope_first_24h-tokenized/test/logistic_regression-preds-model-soft-time_rope.pkl,/gpfs/data/bbj-lab/users/daniel/input-representation-benchmark/outputs/runs/tokenized/mimiciv-3.1_meds_70-10-20/deciles_none_unfused_time_rope_first_24h-tokenized/test/tokens_timelines_extended_outcomes.parquet
exp2_additional_binary,classification,vasopressor_initiation,soft_rope,pr_auc,True,61647,0.2790068519651725,0.2559140948044616,0.3052149548271835,/gpfs/data/bbj-lab/users/daniel/input-representation-benchmark/outputs/runs/tokenized/mimiciv-3.1_meds_70-10-20/deciles_none_unfused_time_rope_first_24h-tokenized/test/logistic_regression-preds-model-soft-time_rope.pkl,/gpfs/data/bbj-lab/users/daniel/input-representation-benchmark/outputs/runs/tokenized/mimiciv-3.1_meds_70-10-20/deciles_none_unfused_time_rope_first_24h-tokenized/test/tokens_timelines_extended_outcomes.parquet
exp2_additional_binary,classification,vasopressor_initiation,soft_rope,brier,False,61647,0.0204921306788366,0.0195283916150271,0.0214509071830633,/gpfs/data/bbj-lab/users/daniel/input-representation-benchmark/outputs/runs/tokenized/mimiciv-3.1_meds_70-10-20/deciles_none_unfused_time_rope_first_24h-tokenized/test/logistic_regression-preds-model-soft-time_rope.pkl,/gpfs/data/bbj-lab/users/daniel/input-representation-benchmark/outputs/runs/tokenized/mimiciv-3.1_meds_70-10-20/deciles_none_unfused_time_rope_first_24h-tokenized/test/tokens_timelines_extended_outcomes.parquet
exp2_additional_binary,classification,vasopressor_initiation,soft_rope,ece_15,False,61647,0.0021084289831301,0.0018102933727324,0.0037028944730166,/gpfs/data/bbj-lab/users/daniel/input-representation-benchmark/outputs/runs/tokenized/mimiciv-3.1_meds_70-10-20/deciles_none_unfused_time_rope_first_24h-tokenized/test/logistic_regression-preds-model-soft-time_rope.pkl,/gpfs/data/bbj-lab/users/daniel/input-representation-benchmark/outputs/runs/tokenized/mimiciv-3.1_meds_70-10-20/deciles_none_unfused_time_rope_first_24h-tokenized/test/tokens_timelines_extended_outcomes.parquet
exp2_additional_binary,classification,vasopressor_initiation,xval_rope,roc_auc,True,61647,0.8025764224764835,0.791913291867453,0.813915857472522,/gpfs/data/bbj-lab/users/daniel/input-representation-benchmark/outputs/runs/tokenized/mimiciv-3.1_meds_70-10-20/deciles_none_unfused_time_rope_numencxval_first_24h-tokenized/test/logistic_regression-preds-model-xval-time_rope.pkl,/gpfs/data/bbj-lab/users/daniel/input-representation-benchmark/outputs/runs/tokenized/mimiciv-3.1_meds_70-10-20/deciles_none_unfused_time_rope_numencxval_first_24h-tokenized/test/tokens_timelines_extended_outcomes.parquet
exp2_additional_binary,classification,vasopressor_initiation,xval_rope,pr_auc,True,61647,0.2128043209342907,0.1918119841256938,0.2363156145991559,/gpfs/data/bbj-lab/users/daniel/input-representation-benchmark/outputs/runs/tokenized/mimiciv-3.1_meds_70-10-20/deciles_none_unfused_time_rope_numencxval_first_24h-tokenized/test/logistic_regression-preds-model-xval-time_rope.pkl,/gpfs/data/bbj-lab/users/daniel/input-representation-benchmark/outputs/runs/tokenized/mimiciv-3.1_meds_70-10-20/deciles_none_unfused_time_rope_numencxval_first_24h-tokenized/test/tokens_timelines_extended_outcomes.parquet
exp2_additional_binary,classification,vasopressor_initiation,xval_rope,brier,False,61647,0.0215517089563409,0.020527398356117,0.0225871644583585,/gpfs/data/bbj-lab/users/daniel/input-representation-benchmark/outputs/runs/tokenized/mimiciv-3.1_meds_70-10-20/deciles_none_unfused_time_rope_numencxval_first_24h-tokenized/test/logistic_regression-preds-model-xval-time_rope.pkl,/gpfs/data/bbj-lab/users/daniel/input-representation-benchmark/outputs/runs/tokenized/mimiciv-3.1_meds_70-10-20/deciles_none_unfused_time_rope_numencxval_first_24h-tokenized/test/tokens_timelines_extended_outcomes.parquet
exp2_additional_binary,classification,vasopressor_initiation,xval_rope,ece_15,False,61647,0.0025755042859078,0.0019503179556718,0.0039551263844086,/gpfs/data/bbj-lab/users/daniel/input-representation-benchmark/outputs/runs/tokenized/mimiciv-3.1_meds_70-10-20/deciles_none_unfused_time_rope_numencxval_first_24h-tokenized/test/logistic_regression-preds-model-xval-time_rope.pkl,/gpfs/data/bbj-lab/users/daniel/input-representation-benchmark/outputs/runs/tokenized/mimiciv-3.1_meds_70-10-20/deciles_none_unfused_time_rope_numencxval_first_24h-tokenized/test/tokens_timelines_extended_outcomes.parquet
exp2_additional_binary,classification,vasopressor_initiation,xval_affine_rope,roc_auc,True,61647,0.7966077936610859,0.7854289676112775,0.8078282335742937,/gpfs/data/bbj-lab/users/daniel/input-representation-benchmark/outputs/runs/tokenized/mimiciv-3.1_meds_70-10-20/deciles_none_unfused_time_rope_numencxval_first_24h-tokenized/test/logistic_regression-preds-model-xval_affine-time_rope.pkl,/gpfs/data/bbj-lab/users/daniel/input-representation-benchmark/outputs/runs/tokenized/mimiciv-3.1_meds_70-10-20/deciles_none_unfused_time_rope_numencxval_first_24h-tokenized/test/tokens_timelines_extended_outcomes.parquet
exp2_additional_binary,classification,vasopressor_initiation,xval_affine_rope,pr_auc,True,61647,0.1960633538169321,0.1744162353915815,0.2192644796618398,/gpfs/data/bbj-lab/users/daniel/input-representation-benchmark/outputs/runs/tokenized/mimiciv-3.1_meds_70-10-20/deciles_none_unfused_time_rope_numencxval_first_24h-tokenized/test/logistic_regression-preds-model-xval_affine-time_rope.pkl,/gpfs/data/bbj-lab/users/daniel/input-representation-benchmark/outputs/runs/tokenized/mimiciv-3.1_meds_70-10-20/deciles_none_unfused_time_rope_numencxval_first_24h-tokenized/test/tokens_timelines_extended_outcomes.parquet
exp2_additional_binary,classification,vasopressor_initiation,xval_affine_rope,brier,False,61647,0.0218216501400911,0.0208093710412968,0.022868627541847,/gpfs/data/bbj-lab/users/daniel/input-representation-benchmark/outputs/runs/tokenized/mimiciv-3.1_meds_70-10-20/deciles_none_unfused_time_rope_numencxval_first_24h-tokenized/test/logistic_regression-preds-model-xval_affine-time_rope.pkl,/gpfs/data/bbj-lab/users/daniel/input-representation-benchmark/outputs/runs/tokenized/mimiciv-3.1_meds_70-10-20/deciles_none_unfused_time_rope_numencxval_first_24h-tokenized/test/tokens_timelines_extended_outcomes.parquet
exp2_additional_binary,classification,vasopressor_initiation,xval_affine_rope,ece_15,False,61647,0.0024758586218094,0.0019181053545932,0.0038918117560284,/gpfs/data/bbj-lab/users/daniel/input-representation-benchmark/outputs/runs/tokenized/mimiciv-3.1_meds_70-10-20/deciles_none_unfused_time_rope_numencxval_first_24h-tokenized/test/logistic_regression-preds-model-xval_affine-time_rope.pkl,/gpfs/data/bbj-lab/users/daniel/input-representation-benchmark/outputs/runs/tokenized/mimiciv-3.1_meds_70-10-20/deciles_none_unfused_time_rope_numencxval_first_24h-tokenized/test/tokens_timelines_extended_outcomes.parquet
exp2_length_of_stay,regression,length_of_stay,discrete_tt,spearman_rho,True,63750,0.5376714168054437,0.5316322390303191,0.5436193063538993,/gpfs/data/bbj-lab/users/daniel/input-representation-benchmark/outputs/runs/tokenized/mimiciv-3.1_meds_70-10-20/deciles_none_unfused_time_tokens_first_24h-tokenized/test/reg_ridge_regression-preds-paper-length_of_stay-model-discrete-time_tokens.pkl,/gpfs/data/bbj-lab/users/daniel/input-representation-benchmark/outputs/runs/tokenized/mimiciv-3.1_meds_70-10-20/deciles_none_unfused_time_tokens_first_24h-tokenized/test/tokens_timelines_outcomes.parquet
exp2_length_of_stay,regression,length_of_stay,discrete_tt,r2,True,63750,0.1708260791696991,0.1621071645016257,0.1797492558537362,/gpfs/data/bbj-lab/users/daniel/input-representation-benchmark/outputs/runs/tokenized/mimiciv-3.1_meds_70-10-20/deciles_none_unfused_time_tokens_first_24h-tokenized/test/reg_ridge_regression-preds-paper-length_of_stay-model-discrete-time_tokens.pkl,/gpfs/data/bbj-lab/users/daniel/input-representation-benchmark/outputs/runs/tokenized/mimiciv-3.1_meds_70-10-20/deciles_none_unfused_time_tokens_first_24h-tokenized/test/tokens_timelines_outcomes.parquet
exp2_length_of_stay,regression,length_of_stay,discrete_tt,mae,False,63750,85.78535397003328,84.72983136620392,86.86370907905517,/gpfs/data/bbj-lab/users/daniel/input-representation-benchmark/outputs/runs/tokenized/mimiciv-3.1_meds_70-10-20/deciles_none_unfused_time_tokens_first_24h-tokenized/test/reg_ridge_regression-preds-paper-length_of_stay-model-discrete-time_tokens.pkl,/gpfs/data/bbj-lab/users/daniel/input-representation-benchmark/outputs/runs/tokenized/mimiciv-3.1_meds_70-10-20/deciles_none_unfused_time_tokens_first_24h-tokenized/test/tokens_timelines_outcomes.parquet
exp2_length_of_stay,regression,length_of_stay,discrete_tt,rmse,False,63750,161.4006317336867,156.17875102611524,166.81540842939026,/gpfs/data/bbj-lab/users/daniel/input-representation-benchmark/outputs/runs/tokenized/mimiciv-3.1_meds_70-10-20/deciles_none_unfused_time_tokens_first_24h-tokenized/test/reg_ridge_regression-preds-paper-length_of_stay-model-discrete-time_tokens.pkl,/gpfs/data/bbj-lab/users/daniel/input-representation-benchmark/outputs/runs/tokenized/mimiciv-3.1_meds_70-10-20/deciles_none_unfused_time_tokens_first_24h-tokenized/test/tokens_timelines_outcomes.parquet
exp2_length_of_stay,regression,length_of_stay,soft_tt,spearman_rho,True,63750,0.5388972570532365,0.5331758559562458,0.5446725536235952,/gpfs/data/bbj-lab/users/daniel/input-representation-benchmark/outputs/runs/tokenized/mimiciv-3.1_meds_70-10-20/deciles_none_unfused_time_tokens_first_24h-tokenized/test/reg_ridge_regression-preds-paper-length_of_stay-model-soft-time_tokens.pkl,/gpfs/data/bbj-lab/users/daniel/input-representation-benchmark/outputs/runs/tokenized/mimiciv-3.1_meds_70-10-20/deciles_none_unfused_time_tokens_first_24h-tokenized/test/tokens_timelines_outcomes.parquet
exp2_length_of_stay,regression,length_of_stay,soft_tt,r2,True,63750,0.1679721613514382,0.1599783260233305,0.1765491633312672,/gpfs/data/bbj-lab/users/daniel/input-representation-benchmark/outputs/runs/tokenized/mimiciv-3.1_meds_70-10-20/deciles_none_unfused_time_tokens_first_24h-tokenized/test/reg_ridge_regression-preds-paper-length_of_stay-model-soft-time_tokens.pkl,/gpfs/data/bbj-lab/users/daniel/input-representation-benchmark/outputs/runs/tokenized/mimiciv-3.1_meds_70-10-20/deciles_none_unfused_time_tokens_first_24h-tokenized/test/tokens_timelines_outcomes.parquet
exp2_length_of_stay,regression,length_of_stay,soft_tt,mae,False,63750,85.82655028695888,84.77782823647894,86.9223825434938,/gpfs/data/bbj-lab/users/daniel/input-representation-benchmark/outputs/runs/tokenized/mimiciv-3.1_meds_70-10-20/deciles_none_unfused_time_tokens_first_24h-tokenized/test/reg_ridge_regression-preds-paper-length_of_stay-model-soft-time_tokens.pkl,/gpfs/data/bbj-lab/users/daniel/input-representation-benchmark/outputs/runs/tokenized/mimiciv-3.1_meds_70-10-20/deciles_none_unfused_time_tokens_first_24h-tokenized/test/tokens_timelines_outcomes.parquet
exp2_length_of_stay,regression,length_of_stay,soft_tt,rmse,False,63750,161.67815400887568,156.4010539711061,167.01172702075306,/gpfs/data/bbj-lab/users/daniel/input-representation-benchmark/outputs/runs/tokenized/mimiciv-3.1_meds_70-10-20/deciles_none_unfused_time_tokens_first_24h-tokenized/test/reg_ridge_regression-preds-paper-length_of_stay-model-soft-time_tokens.pkl,/gpfs/data/bbj-lab/users/daniel/input-representation-benchmark/outputs/runs/tokenized/mimiciv-3.1_meds_70-10-20/deciles_none_unfused_time_tokens_first_24h-tokenized/test/tokens_timelines_outcomes.parquet
exp2_length_of_stay,regression,length_of_stay,xval_tt,spearman_rho,True,63750,0.4213697237319419,0.4148574041406776,0.4279885574627904,/gpfs/data/bbj-lab/users/daniel/input-representation-benchmark/outputs/runs/tokenized/mimiciv-3.1_meds_70-10-20/deciles_none_unfused_time_tokens_numencxval_first_24h-tokenized/test/reg_ridge_regression-preds-paper-length_of_stay-model-xval-time_tokens.pkl,/gpfs/data/bbj-lab/users/daniel/input-representation-benchmark/outputs/runs/tokenized/mimiciv-3.1_meds_70-10-20/deciles_none_unfused_time_tokens_numencxval_first_24h-tokenized/test/tokens_timelines_outcomes.parquet
exp2_length_of_stay,regression,length_of_stay,xval_tt,r2,True,63750,0.1094296455608114,0.1023945623916721,0.1164306088641025,/gpfs/data/bbj-lab/users/daniel/input-representation-benchmark/outputs/runs/tokenized/mimiciv-3.1_meds_70-10-20/deciles_none_unfused_time_tokens_numencxval_first_24h-tokenized/test/reg_ridge_regression-preds-paper-length_of_stay-model-xval-time_tokens.pkl,/gpfs/data/bbj-lab/users/daniel/input-representation-benchmark/outputs/runs/tokenized/mimiciv-3.1_meds_70-10-20/deciles_none_unfused_time_tokens_numencxval_first_24h-tokenized/test/tokens_timelines_outcomes.parquet
exp2_length_of_stay,regression,length_of_stay,xval_tt,mae,False,63750,90.04219286256031,88.92562555061531,91.14677222415187,/gpfs/data/bbj-lab/users/daniel/input-representation-benchmark/outputs/runs/tokenized/mimiciv-3.1_meds_70-10-20/deciles_none_unfused_time_tokens_numencxval_first_24h-tokenized/test/reg_ridge_regression-preds-paper-length_of_stay-model-xval-time_tokens.pkl,/gpfs/data/bbj-lab/users/daniel/input-representation-benchmark/outputs/runs/tokenized/mimiciv-3.1_meds_70-10-20/deciles_none_unfused_time_tokens_numencxval_first_24h-tokenized/test/tokens_timelines_outcomes.parquet
exp2_length_of_stay,regression,length_of_stay,xval_tt,rmse,False,63750,167.26941198610945,161.8448556432345,172.88832742594207,/gpfs/data/bbj-lab/users/daniel/input-representation-benchmark/outputs/runs/tokenized/mimiciv-3.1_meds_70-10-20/deciles_none_unfused_time_tokens_numencxval_first_24h-tokenized/test/reg_ridge_regression-preds-paper-length_of_stay-model-xval-time_tokens.pkl,/gpfs/data/bbj-lab/users/daniel/input-representation-benchmark/outputs/runs/tokenized/mimiciv-3.1_meds_70-10-20/deciles_none_unfused_time_tokens_numencxval_first_24h-tokenized/test/tokens_timelines_outcomes.parquet
exp2_length_of_stay,regression,length_of_stay,xval_affine_tt,spearman_rho,True,63750,0.4103939713879109,0.4035634511943312,0.4169749899443645,/gpfs/data/bbj-lab/users/daniel/input-representation-benchmark/outputs/runs/tokenized/mimiciv-3.1_meds_70-10-20/deciles_none_unfused_time_tokens_numencxval_first_24h-tokenized/test/reg_ridge_regression-preds-paper-length_of_stay-model-xval_affine-time_tokens.pkl,/gpfs/data/bbj-lab/users/daniel/input-representation-benchmark/outputs/runs/tokenized/mimiciv-3.1_meds_70-10-20/deciles_none_unfused_time_tokens_numencxval_first_24h-tokenized/test/tokens_timelines_outcomes.parquet
exp2_length_of_stay,regression,length_of_stay,xval_affine_tt,r2,True,63750,0.1015493249798417,0.0947451149148593,0.1082481225663351,/gpfs/data/bbj-lab/users/daniel/input-representation-benchmark/outputs/runs/tokenized/mimiciv-3.1_meds_70-10-20/deciles_none_unfused_time_tokens_numencxval_first_24h-tokenized/test/reg_ridge_regression-preds-paper-length_of_stay-model-xval_affine-time_tokens.pkl,/gpfs/data/bbj-lab/users/daniel/input-representation-benchmark/outputs/runs/tokenized/mimiciv-3.1_meds_70-10-20/deciles_none_unfused_time_tokens_numencxval_first_24h-tokenized/test/tokens_timelines_outcomes.parquet
exp2_length_of_stay,regression,length_of_stay,xval_affine_tt,mae,False,63750,90.86927957825336,89.75347488494627,91.97572404858364,/gpfs/data/bbj-lab/users/daniel/input-representation-benchmark/outputs/runs/tokenized/mimiciv-3.1_meds_70-10-20/deciles_none_unfused_time_tokens_numencxval_first_24h-tokenized/test/reg_ridge_regression-preds-paper-length_of_stay-model-xval_affine-time_tokens.pkl,/gpfs/data/bbj-lab/users/daniel/input-representation-benchmark/outputs/runs/tokenized/mimiciv-3.1_meds_70-10-20/deciles_none_unfused_time_tokens_numencxval_first_24h-tokenized/test/tokens_timelines_outcomes.parquet
exp2_length_of_stay,regression,length_of_stay,xval_affine_tt,rmse,False,63750,168.0078339929533,162.62487578215965,173.66071622161857,/gpfs/data/bbj-lab/users/daniel/input-representation-benchmark/outputs/runs/tokenized/mimiciv-3.1_meds_70-10-20/deciles_none_unfused_time_tokens_numencxval_first_24h-tokenized/test/reg_ridge_regression-preds-paper-length_of_stay-model-xval_affine-time_tokens.pkl,/gpfs/data/bbj-lab/users/daniel/input-representation-benchmark/outputs/runs/tokenized/mimiciv-3.1_meds_70-10-20/deciles_none_unfused_time_tokens_numencxval_first_24h-tokenized/test/tokens_timelines_outcomes.parquet
exp2_length_of_stay,regression,length_of_stay,discrete_rope,spearman_rho,True,63750,0.5425923433464859,0.5369165251541577,0.5483217421084946,/gpfs/data/bbj-lab/users/daniel/input-representation-benchmark/outputs/runs/tokenized/mimiciv-3.1_meds_70-10-20/deciles_none_unfused_time_rope_first_24h-tokenized/test/reg_ridge_regression-preds-paper-length_of_stay-model-discrete-time_rope.pkl,/gpfs/data/bbj-lab/users/daniel/input-representation-benchmark/outputs/runs/tokenized/mimiciv-3.1_meds_70-10-20/deciles_none_unfused_time_rope_first_24h-tokenized/test/tokens_timelines_outcomes.parquet
exp2_length_of_stay,regression,length_of_stay,discrete_rope,r2,True,63750,0.1730942300651197,0.1645613965472949,0.1811929822065965,/gpfs/data/bbj-lab/users/daniel/input-representation-benchmark/outputs/runs/tokenized/mimiciv-3.1_meds_70-10-20/deciles_none_unfused_time_rope_first_24h-tokenized/test/reg_ridge_regression-preds-paper-length_of_stay-model-discrete-time_rope.pkl,/gpfs/data/bbj-lab/users/daniel/input-representation-benchmark/outputs/runs/tokenized/mimiciv-3.1_meds_70-10-20/deciles_none_unfused_time_rope_first_24h-tokenized/test/tokens_timelines_outcomes.parquet
exp2_length_of_stay,regression,length_of_stay,discrete_rope,mae,False,63750,85.41296101914813,84.38966224537837,86.55182581813575,/gpfs/data/bbj-lab/users/daniel/input-representation-benchmark/outputs/runs/tokenized/mimiciv-3.1_meds_70-10-20/deciles_none_unfused_time_rope_first_24h-tokenized/test/reg_ridge_regression-preds-paper-length_of_stay-model-discrete-time_rope.pkl,/gpfs/data/bbj-lab/users/daniel/input-representation-benchmark/outputs/runs/tokenized/mimiciv-3.1_meds_70-10-20/deciles_none_unfused_time_rope_first_24h-tokenized/test/tokens_timelines_outcomes.parquet
exp2_length_of_stay,regression,length_of_stay,discrete_rope,rmse,False,63750,161.17973014186666,156.01753821742412,166.6555808714392,/gpfs/data/bbj-lab/users/daniel/input-representation-benchmark/outputs/runs/tokenized/mimiciv-3.1_meds_70-10-20/deciles_none_unfused_time_rope_first_24h-tokenized/test/reg_ridge_regression-preds-paper-length_of_stay-model-discrete-time_rope.pkl,/gpfs/data/bbj-lab/users/daniel/input-representation-benchmark/outputs/runs/tokenized/mimiciv-3.1_meds_70-10-20/deciles_none_unfused_time_rope_first_24h-tokenized/test/tokens_timelines_outcomes.parquet
exp2_length_of_stay,regression,length_of_stay,soft_rope,spearman_rho,True,63750,0.53498354023569,0.5292457419584715,0.5405227525406732,/gpfs/data/bbj-lab/users/daniel/input-representation-benchmark/outputs/runs/tokenized/mimiciv-3.1_meds_70-10-20/deciles_none_unfused_time_rope_first_24h-tokenized/test/reg_ridge_regression-preds-paper-length_of_stay-model-soft-time_rope.pkl,/gpfs/data/bbj-lab/users/daniel/input-representation-benchmark/outputs/runs/tokenized/mimiciv-3.1_meds_70-10-20/deciles_none_unfused_time_rope_first_24h-tokenized/test/tokens_timelines_outcomes.parquet
exp2_length_of_stay,regression,length_of_stay,soft_rope,r2,True,63750,0.1669222892722117,0.1584346848696534,0.1749844162491535,/gpfs/data/bbj-lab/users/daniel/input-representation-benchmark/outputs/runs/tokenized/mimiciv-3.1_meds_70-10-20/deciles_none_unfused_time_rope_first_24h-tokenized/test/reg_ridge_regression-preds-paper-length_of_stay-model-soft-time_rope.pkl,/gpfs/data/bbj-lab/users/daniel/input-representation-benchmark/outputs/runs/tokenized/mimiciv-3.1_meds_70-10-20/deciles_none_unfused_time_rope_first_24h-tokenized/test/tokens_timelines_outcomes.parquet
exp2_length_of_stay,regression,length_of_stay,soft_rope,mae,False,63750,85.7187411654204,84.67643567694653,86.82595352923975,/gpfs/data/bbj-lab/users/daniel/input-representation-benchmark/outputs/runs/tokenized/mimiciv-3.1_meds_70-10-20/deciles_none_unfused_time_rope_first_24h-tokenized/test/reg_ridge_regression-preds-paper-length_of_stay-model-soft-time_rope.pkl,/gpfs/data/bbj-lab/users/daniel/input-representation-benchmark/outputs/runs/tokenized/mimiciv-3.1_meds_70-10-20/deciles_none_unfused_time_rope_first_24h-tokenized/test/tokens_timelines_outcomes.parquet
exp2_length_of_stay,regression,length_of_stay,soft_rope,rmse,False,63750,161.7801264788361,156.63038269352967,167.26920305778452,/gpfs/data/bbj-lab/users/daniel/input-representation-benchmark/outputs/runs/tokenized/mimiciv-3.1_meds_70-10-20/deciles_none_unfused_time_rope_first_24h-tokenized/test/reg_ridge_regression-preds-paper-length_of_stay-model-soft-time_rope.pkl,/gpfs/data/bbj-lab/users/daniel/input-representation-benchmark/outputs/runs/tokenized/mimiciv-3.1_meds_70-10-20/deciles_none_unfused_time_rope_first_24h-tokenized/test/tokens_timelines_outcomes.parquet
exp2_length_of_stay,regression,length_of_stay,xval_rope,spearman_rho,True,63750,0.4198595835863183,0.4133418758781279,0.4260827295850296,/gpfs/data/bbj-lab/users/daniel/input-representation-benchmark/outputs/runs/tokenized/mimiciv-3.1_meds_70-10-20/deciles_none_unfused_time_rope_numencxval_first_24h-tokenized/test/reg_ridge_regression-preds-paper-length_of_stay-model-xval-time_rope.pkl,/gpfs/data/bbj-lab/users/daniel/input-representation-benchmark/outputs/runs/tokenized/mimiciv-3.1_meds_70-10-20/deciles_none_unfused_time_rope_numencxval_first_24h-tokenized/test/tokens_timelines_outcomes.parquet
exp2_length_of_stay,regression,length_of_stay,xval_rope,r2,True,63750,0.1110895278706483,0.1041166908747271,0.1182026335140444,/gpfs/data/bbj-lab/users/daniel/input-representation-benchmark/outputs/runs/tokenized/mimiciv-3.1_meds_70-10-20/deciles_none_unfused_time_rope_numencxval_first_24h-tokenized/test/reg_ridge_regression-preds-paper-length_of_stay-model-xval-time_rope.pkl,/gpfs/data/bbj-lab/users/daniel/input-representation-benchmark/outputs/runs/tokenized/mimiciv-3.1_meds_70-10-20/deciles_none_unfused_time_rope_numencxval_first_24h-tokenized/test/tokens_timelines_outcomes.parquet
exp2_length_of_stay,regression,length_of_stay,xval_rope,mae,False,63750,90.09886816240196,89.04812053196738,91.1250917496252,/gpfs/data/bbj-lab/users/daniel/input-representation-benchmark/outputs/runs/tokenized/mimiciv-3.1_meds_70-10-20/deciles_none_unfused_time_rope_numencxval_first_24h-tokenized/test/reg_ridge_regression-preds-paper-length_of_stay-model-xval-time_rope.pkl,/gpfs/data/bbj-lab/users/daniel/input-representation-benchmark/outputs/runs/tokenized/mimiciv-3.1_meds_70-10-20/deciles_none_unfused_time_rope_numencxval_first_24h-tokenized/test/tokens_timelines_outcomes.parquet
exp2_length_of_stay,regression,length_of_stay,xval_rope,rmse,False,63750,167.11345741720316,161.900889350941,172.44499241316913,/gpfs/data/bbj-lab/users/daniel/input-representation-benchmark/outputs/runs/tokenized/mimiciv-3.1_meds_70-10-20/deciles_none_unfused_time_rope_numencxval_first_24h-tokenized/test/reg_ridge_regression-preds-paper-length_of_stay-model-xval-time_rope.pkl,/gpfs/data/bbj-lab/users/daniel/input-representation-benchmark/outputs/runs/tokenized/mimiciv-3.1_meds_70-10-20/deciles_none_unfused_time_rope_numencxval_first_24h-tokenized/test/tokens_timelines_outcomes.parquet
exp2_length_of_stay,regression,length_of_stay,xval_affine_rope,spearman_rho,True,63750,0.4094949864982264,0.4031560613788553,0.4157734258322797,/gpfs/data/bbj-lab/users/daniel/input-representation-benchmark/outputs/runs/tokenized/mimiciv-3.1_meds_70-10-20/deciles_none_unfused_time_rope_numencxval_first_24h-tokenized/test/reg_ridge_regression-preds-paper-length_of_stay-model-xval_affine-time_rope.pkl,/gpfs/data/bbj-lab/users/daniel/input-representation-benchmark/outputs/runs/tokenized/mimiciv-3.1_meds_70-10-20/deciles_none_unfused_time_rope_numencxval_first_24h-tokenized/test/tokens_timelines_outcomes.parquet
exp2_length_of_stay,regression,length_of_stay,xval_affine_rope,r2,True,63750,0.0982980862492259,0.0919687023167478,0.1045371304835361,/gpfs/data/bbj-lab/users/daniel/input-representation-benchmark/outputs/runs/tokenized/mimiciv-3.1_meds_70-10-20/deciles_none_unfused_time_rope_numencxval_first_24h-tokenized/test/reg_ridge_regression-preds-paper-length_of_stay-model-xval_affine-time_rope.pkl,/gpfs/data/bbj-lab/users/daniel/input-representation-benchmark/outputs/runs/tokenized/mimiciv-3.1_meds_70-10-20/deciles_none_unfused_time_rope_numencxval_first_24h-tokenized/test/tokens_timelines_outcomes.parquet
exp2_length_of_stay,regression,length_of_stay,xval_affine_rope,mae,False,63750,91.12850251977282,90.07867106222947,92.15199334998312,/gpfs/data/bbj-lab/users/daniel/input-representation-benchmark/outputs/runs/tokenized/mimiciv-3.1_meds_70-10-20/deciles_none_unfused_time_rope_numencxval_first_24h-tokenized/test/reg_ridge_regression-preds-paper-length_of_stay-model-xval_affine-time_rope.pkl,/gpfs/data/bbj-lab/users/daniel/input-representation-benchmark/outputs/runs/tokenized/mimiciv-3.1_meds_70-10-20/deciles_none_unfused_time_rope_numencxval_first_24h-tokenized/test/tokens_timelines_outcomes.parquet
exp2_length_of_stay,regression,length_of_stay,xval_affine_rope,rmse,False,63750,168.3115458816647,163.12590246339,173.65950805417825,/gpfs/data/bbj-lab/users/daniel/input-representation-benchmark/outputs/runs/tokenized/mimiciv-3.1_meds_70-10-20/deciles_none_unfused_time_rope_numencxval_first_24h-tokenized/test/reg_ridge_regression-preds-paper-length_of_stay-model-xval_affine-time_rope.pkl,/gpfs/data/bbj-lab/users/daniel/input-representation-benchmark/outputs/runs/tokenized/mimiciv-3.1_meds_70-10-20/deciles_none_unfused_time_rope_numencxval_first_24h-tokenized/test/tokens_timelines_outcomes.parquet
exp2_extended_regression,regression,max_dbp,discrete_tt,spearman_rho,True,10701,0.3755262519763581,0.3584821519566754,0.3925627760382363,/gpfs/data/bbj-lab/users/daniel/input-representation-benchmark/outputs/runs/tokenized/mimiciv-3.1_meds_70-10-20/deciles_none_unfused_time_tokens_first_24h-tokenized/test/reg_ridge_regression-preds-model-discrete-time_tokens.pkl,/gpfs/data/bbj-lab/users/daniel/input-representation-benchmark/outputs/runs/tokenized/mimiciv-3.1_meds_70-10-20/deciles_none_unfused_time_tokens_first_24h-tokenized/test/tokens_timelines_extended_outcomes.parquet
exp2_extended_regression,regression,max_dbp,discrete_tt,r2,True,10701,0.1247487884528153,0.1108842850240743,0.1382016388168769,/gpfs/data/bbj-lab/users/daniel/input-representation-benchmark/outputs/runs/tokenized/mimiciv-3.1_meds_70-10-20/deciles_none_unfused_time_tokens_first_24h-tokenized/test/reg_ridge_regression-preds-model-discrete-time_tokens.pkl,/gpfs/data/bbj-lab/users/daniel/input-representation-benchmark/outputs/runs/tokenized/mimiciv-3.1_meds_70-10-20/deciles_none_unfused_time_tokens_first_24h-tokenized/test/tokens_timelines_extended_outcomes.parquet
exp2_extended_regression,regression,max_dbp,discrete_tt,mae,False,10701,17.45366724164517,17.152071695937515,17.750435346083663,/gpfs/data/bbj-lab/users/daniel/input-representation-benchmark/outputs/runs/tokenized/mimiciv-3.1_meds_70-10-20/deciles_none_unfused_time_tokens_first_24h-tokenized/test/reg_ridge_regression-preds-model-discrete-time_tokens.pkl,/gpfs/data/bbj-lab/users/daniel/input-representation-benchmark/outputs/runs/tokenized/mimiciv-3.1_meds_70-10-20/deciles_none_unfused_time_tokens_first_24h-tokenized/test/tokens_timelines_extended_outcomes.parquet
exp2_extended_regression,regression,max_dbp,discrete_tt,rmse,False,10701,23.555483486521474,23.02480011113469,24.146888939006605,/gpfs/data/bbj-lab/users/daniel/input-representation-benchmark/outputs/runs/tokenized/mimiciv-3.1_meds_70-10-20/deciles_none_unfused_time_tokens_first_24h-tokenized/test/reg_ridge_regression-preds-model-discrete-time_tokens.pkl,/gpfs/data/bbj-lab/users/daniel/input-representation-benchmark/outputs/runs/tokenized/mimiciv-3.1_meds_70-10-20/deciles_none_unfused_time_tokens_first_24h-tokenized/test/tokens_timelines_extended_outcomes.parquet
exp2_extended_regression,regression,max_dbp,soft_tt,spearman_rho,True,10701,0.3725517052435546,0.3545966692678836,0.3888450105820973,/gpfs/data/bbj-lab/users/daniel/input-representation-benchmark/outputs/runs/tokenized/mimiciv-3.1_meds_70-10-20/deciles_none_unfused_time_tokens_first_24h-tokenized/test/reg_ridge_regression-preds-model-soft-time_tokens.pkl,/gpfs/data/bbj-lab/users/daniel/input-representation-benchmark/outputs/runs/tokenized/mimiciv-3.1_meds_70-10-20/deciles_none_unfused_time_tokens_first_24h-tokenized/test/tokens_timelines_extended_outcomes.parquet
exp2_extended_regression,regression,max_dbp,soft_tt,r2,True,10701,0.1200401623739163,0.1062642765361832,0.1334054408225309,/gpfs/data/bbj-lab/users/daniel/input-representation-benchmark/outputs/runs/tokenized/mimiciv-3.1_meds_70-10-20/deciles_none_unfused_time_tokens_first_24h-tokenized/test/reg_ridge_regression-preds-model-soft-time_tokens.pkl,/gpfs/data/bbj-lab/users/daniel/input-representation-benchmark/outputs/runs/tokenized/mimiciv-3.1_meds_70-10-20/deciles_none_unfused_time_tokens_first_24h-tokenized/test/tokens_timelines_extended_outcomes.parquet
exp2_extended_regression,regression,max_dbp,soft_tt,mae,False,10701,17.56547524108541,17.277337754405988,17.87026280083555,/gpfs/data/bbj-lab/users/daniel/input-representation-benchmark/outputs/runs/tokenized/mimiciv-3.1_meds_70-10-20/deciles_none_unfused_time_tokens_first_24h-tokenized/test/reg_ridge_regression-preds-model-soft-time_tokens.pkl,/gpfs/data/bbj-lab/users/daniel/input-representation-benchmark/outputs/runs/tokenized/mimiciv-3.1_meds_70-10-20/deciles_none_unfused_time_tokens_first_24h-tokenized/test/tokens_timelines_extended_outcomes.parquet
exp2_extended_regression,regression,max_dbp,soft_tt,rmse,False,10701,23.618759715194347,23.065382843350825,24.20613679115532,/gpfs/data/bbj-lab/users/daniel/input-representation-benchmark/outputs/runs/tokenized/mimiciv-3.1_meds_70-10-20/deciles_none_unfused_time_tokens_first_24h-tokenized/test/reg_ridge_regression-preds-model-soft-time_tokens.pkl,/gpfs/data/bbj-lab/users/daniel/input-representation-benchmark/outputs/runs/tokenized/mimiciv-3.1_meds_70-10-20/deciles_none_unfused_time_tokens_first_24h-tokenized/test/tokens_timelines_extended_outcomes.parquet
exp2_extended_regression,regression,max_dbp,xval_tt,spearman_rho,True,10701,0.2838392722169841,0.2655524814611721,0.3011441219666889,/gpfs/data/bbj-lab/users/daniel/input-representation-benchmark/outputs/runs/tokenized/mimiciv-3.1_meds_70-10-20/deciles_none_unfused_time_tokens_numencxval_first_24h-tokenized/test/reg_ridge_regression-preds-model-xval-time_tokens.pkl,/gpfs/data/bbj-lab/users/daniel/input-representation-benchmark/outputs/runs/tokenized/mimiciv-3.1_meds_70-10-20/deciles_none_unfused_time_tokens_numencxval_first_24h-tokenized/test/tokens_timelines_extended_outcomes.parquet
exp2_extended_regression,regression,max_dbp,xval_tt,r2,True,10701,0.0729721663751022,0.0605802430052113,0.0843955927276544,/gpfs/data/bbj-lab/users/daniel/input-representation-benchmark/outputs/runs/tokenized/mimiciv-3.1_meds_70-10-20/deciles_none_unfused_time_tokens_numencxval_first_24h-tokenized/test/reg_ridge_regression-preds-model-xval-time_tokens.pkl,/gpfs/data/bbj-lab/users/daniel/input-representation-benchmark/outputs/runs/tokenized/mimiciv-3.1_meds_70-10-20/deciles_none_unfused_time_tokens_numencxval_first_24h-tokenized/test/tokens_timelines_extended_outcomes.parquet
exp2_extended_regression,regression,max_dbp,xval_tt,mae,False,10701,18.111860139157933,17.80444724626375,18.42303963802416,/gpfs/data/bbj-lab/users/daniel/input-representation-benchmark/outputs/runs/tokenized/mimiciv-3.1_meds_70-10-20/deciles_none_unfused_time_tokens_numencxval_first_24h-tokenized/test/reg_ridge_regression-preds-model-xval-time_tokens.pkl,/gpfs/data/bbj-lab/users/daniel/input-representation-benchmark/outputs/runs/tokenized/mimiciv-3.1_meds_70-10-20/deciles_none_unfused_time_tokens_numencxval_first_24h-tokenized/test/tokens_timelines_extended_outcomes.parquet
exp2_extended_regression,regression,max_dbp,xval_tt,rmse,False,10701,24.242201088628885,23.667207238159275,24.81558871160603,/gpfs/data/bbj-lab/users/daniel/input-representation-benchmark/outputs/runs/tokenized/mimiciv-3.1_meds_70-10-20/deciles_none_unfused_time_tokens_numencxval_first_24h-tokenized/test/reg_ridge_regression-preds-model-xval-time_tokens.pkl,/gpfs/data/bbj-lab/users/daniel/input-representation-benchmark/outputs/runs/tokenized/mimiciv-3.1_meds_70-10-20/deciles_none_unfused_time_tokens_numencxval_first_24h-tokenized/test/tokens_timelines_extended_outcomes.parquet
exp2_extended_regression,regression,max_dbp,xval_affine_tt,spearman_rho,True,10701,0.2897721582124757,0.2722205217592764,0.3070310363533812,/gpfs/data/bbj-lab/users/daniel/input-representation-benchmark/outputs/runs/tokenized/mimiciv-3.1_meds_70-10-20/deciles_none_unfused_time_tokens_numencxval_first_24h-tokenized/test/reg_ridge_regression-preds-model-xval_affine-time_tokens.pkl,/gpfs/data/bbj-lab/users/daniel/input-representation-benchmark/outputs/runs/tokenized/mimiciv-3.1_meds_70-10-20/deciles_none_unfused_time_tokens_numencxval_first_24h-tokenized/test/tokens_timelines_extended_outcomes.parquet
exp2_extended_regression,regression,max_dbp,xval_affine_tt,r2,True,10701,0.0722798708185434,0.0606852490625595,0.0836354528606498,/gpfs/data/bbj-lab/users/daniel/input-representation-benchmark/outputs/runs/tokenized/mimiciv-3.1_meds_70-10-20/deciles_none_unfused_time_tokens_numencxval_first_24h-tokenized/test/reg_ridge_regression-preds-model-xval_affine-time_tokens.pkl,/gpfs/data/bbj-lab/users/daniel/input-representation-benchmark/outputs/runs/tokenized/mimiciv-3.1_meds_70-10-20/deciles_none_unfused_time_tokens_numencxval_first_24h-tokenized/test/tokens_timelines_extended_outcomes.parquet
exp2_extended_regression,regression,max_dbp,xval_affine_tt,mae,False,10701,18.08185156875883,17.775649553778376,18.390697400825207,/gpfs/data/bbj-lab/users/daniel/input-representation-benchmark/outputs/runs/tokenized/mimiciv-3.1_meds_70-10-20/deciles_none_unfused_time_tokens_numencxval_first_24h-tokenized/test/reg_ridge_regression-preds-model-xval_affine-time_tokens.pkl,/gpfs/data/bbj-lab/users/daniel/input-representation-benchmark/outputs/runs/tokenized/mimiciv-3.1_meds_70-10-20/deciles_none_unfused_time_tokens_numencxval_first_24h-tokenized/test/tokens_timelines_extended_outcomes.parquet
exp2_extended_regression,regression,max_dbp,xval_affine_tt,rmse,False,10701,24.25125132172481,23.6842316930517,24.828143768889625,/gpfs/data/bbj-lab/users/daniel/input-representation-benchmark/outputs/runs/tokenized/mimiciv-3.1_meds_70-10-20/deciles_none_unfused_time_tokens_numencxval_first_24h-tokenized/test/reg_ridge_regression-preds-model-xval_affine-time_tokens.pkl,/gpfs/data/bbj-lab/users/daniel/input-representation-benchmark/outputs/runs/tokenized/mimiciv-3.1_meds_70-10-20/deciles_none_unfused_time_tokens_numencxval_first_24h-tokenized/test/tokens_timelines_extended_outcomes.parquet
exp2_extended_regression,regression,max_dbp,discrete_rope,spearman_rho,True,10701,0.3831946688996011,0.3661578768092889,0.400338596570794,/gpfs/data/bbj-lab/users/daniel/input-representation-benchmark/outputs/runs/tokenized/mimiciv-3.1_meds_70-10-20/deciles_none_unfused_time_rope_first_24h-tokenized/test/reg_ridge_regression-preds-model-discrete-time_rope.pkl,/gpfs/data/bbj-lab/users/daniel/input-representation-benchmark/outputs/runs/tokenized/mimiciv-3.1_meds_70-10-20/deciles_none_unfused_time_rope_first_24h-tokenized/test/tokens_timelines_extended_outcomes.parquet
exp2_extended_regression,regression,max_dbp,discrete_rope,r2,True,10701,0.1303822763807277,0.1168750778534103,0.1454370194070613,/gpfs/data/bbj-lab/users/daniel/input-representation-benchmark/outputs/runs/tokenized/mimiciv-3.1_meds_70-10-20/deciles_none_unfused_time_rope_first_24h-tokenized/test/reg_ridge_regression-preds-model-discrete-time_rope.pkl,/gpfs/data/bbj-lab/users/daniel/input-representation-benchmark/outputs/runs/tokenized/mimiciv-3.1_meds_70-10-20/deciles_none_unfused_time_rope_first_24h-tokenized/test/tokens_timelines_extended_outcomes.parquet
exp2_extended_regression,regression,max_dbp,discrete_rope,mae,False,10701,17.432311484061486,17.14153130001208,17.72792059440206,/gpfs/data/bbj-lab/users/daniel/input-representation-benchmark/outputs/runs/tokenized/mimiciv-3.1_meds_70-10-20/deciles_none_unfused_time_rope_first_24h-tokenized/test/reg_ridge_regression-preds-model-discrete-time_rope.pkl,/gpfs/data/bbj-lab/users/daniel/input-representation-benchmark/outputs/runs/tokenized/mimiciv-3.1_meds_70-10-20/deciles_none_unfused_time_rope_first_24h-tokenized/test/tokens_timelines_extended_outcomes.parquet
exp2_extended_regression,regression,max_dbp,discrete_rope,rmse,False,10701,23.479554571672946,22.919429026599246,24.04952200658555,/gpfs/data/bbj-lab/users/daniel/input-representation-benchmark/outputs/runs/tokenized/mimiciv-3.1_meds_70-10-20/deciles_none_unfused_time_rope_first_24h-tokenized/test/reg_ridge_regression-preds-model-discrete-time_rope.pkl,/gpfs/data/bbj-lab/users/daniel/input-representation-benchmark/outputs/runs/tokenized/mimiciv-3.1_meds_70-10-20/deciles_none_unfused_time_rope_first_24h-tokenized/test/tokens_timelines_extended_outcomes.parquet
exp2_extended_regression,regression,max_dbp,soft_rope,spearman_rho,True,10701,0.3672774529984561,0.3503639945298176,0.3851506739455686,/gpfs/data/bbj-lab/users/daniel/input-representation-benchmark/outputs/runs/tokenized/mimiciv-3.1_meds_70-10-20/deciles_none_unfused_time_rope_first_24h-tokenized/test/reg_ridge_regression-preds-model-soft-time_rope.pkl,/gpfs/data/bbj-lab/users/daniel/input-representation-benchmark/outputs/runs/tokenized/mimiciv-3.1_meds_70-10-20/deciles_none_unfused_time_rope_first_24h-tokenized/test/tokens_timelines_extended_outcomes.parquet
exp2_extended_regression,regression,max_dbp,soft_rope,r2,True,10701,0.1138822068217269,0.100554201922219,0.1283208772140333,/gpfs/data/bbj-lab/users/daniel/input-representation-benchmark/outputs/runs/tokenized/mimiciv-3.1_meds_70-10-20/deciles_none_unfused_time_rope_first_24h-tokenized/test/reg_ridge_regression-preds-model-soft-time_rope.pkl,/gpfs/data/bbj-lab/users/daniel/input-representation-benchmark/outputs/runs/tokenized/mimiciv-3.1_meds_70-10-20/deciles_none_unfused_time_rope_first_24h-tokenized/test/tokens_timelines_extended_outcomes.parquet
exp2_extended_regression,regression,max_dbp,soft_rope,mae,False,10701,17.586785188868962,17.291519586405116,17.88757116175532,/gpfs/data/bbj-lab/users/daniel/input-representation-benchmark/outputs/runs/tokenized/mimiciv-3.1_meds_70-10-20/deciles_none_unfused_time_rope_first_24h-tokenized/test/reg_ridge_regression-preds-model-soft-time_rope.pkl,/gpfs/data/bbj-lab/users/daniel/input-representation-benchmark/outputs/runs/tokenized/mimiciv-3.1_meds_70-10-20/deciles_none_unfused_time_rope_first_24h-tokenized/test/tokens_timelines_extended_outcomes.parquet
exp2_extended_regression,regression,max_dbp,soft_rope,rmse,False,10701,23.701257631522857,23.155835907978947,24.273764816106358,/gpfs/data/bbj-lab/users/daniel/input-representation-benchmark/outputs/runs/tokenized/mimiciv-3.1_meds_70-10-20/deciles_none_unfused_time_rope_first_24h-tokenized/test/reg_ridge_regression-preds-model-soft-time_rope.pkl,/gpfs/data/bbj-lab/users/daniel/input-representation-benchmark/outputs/runs/tokenized/mimiciv-3.1_meds_70-10-20/deciles_none_unfused_time_rope_first_24h-tokenized/test/tokens_timelines_extended_outcomes.parquet
exp2_extended_regression,regression,max_dbp,xval_rope,spearman_rho,True,10701,0.2886288304685938,0.2706863194878996,0.3067683181003935,/gpfs/data/bbj-lab/users/daniel/input-representation-benchmark/outputs/runs/tokenized/mimiciv-3.1_meds_70-10-20/deciles_none_unfused_time_rope_numencxval_first_24h-tokenized/test/reg_ridge_regression-preds-model-xval-time_rope.pkl,/gpfs/data/bbj-lab/users/daniel/input-representation-benchmark/outputs/runs/tokenized/mimiciv-3.1_meds_70-10-20/deciles_none_unfused_time_rope_numencxval_first_24h-tokenized/test/tokens_timelines_extended_outcomes.parquet
exp2_extended_regression,regression,max_dbp,xval_rope,r2,True,10701,0.0731535367477419,0.0608869668443126,0.0852099645142835,/gpfs/data/bbj-lab/users/daniel/input-representation-benchmark/outputs/runs/tokenized/mimiciv-3.1_meds_70-10-20/deciles_none_unfused_time_rope_numencxval_first_24h-tokenized/test/reg_ridge_regression-preds-model-xval-time_rope.pkl,/gpfs/data/bbj-lab/users/daniel/input-representation-benchmark/outputs/runs/tokenized/mimiciv-3.1_meds_70-10-20/deciles_none_unfused_time_rope_numencxval_first_24h-tokenized/test/tokens_timelines_extended_outcomes.parquet
exp2_extended_regression,regression,max_dbp,xval_rope,mae,False,10701,18.07496352957453,17.779840842409097,18.36129352956852,/gpfs/data/bbj-lab/users/daniel/input-representation-benchmark/outputs/runs/tokenized/mimiciv-3.1_meds_70-10-20/deciles_none_unfused_time_rope_numencxval_first_24h-tokenized/test/reg_ridge_regression-preds-model-xval-time_rope.pkl,/gpfs/data/bbj-lab/users/daniel/input-representation-benchmark/outputs/runs/tokenized/mimiciv-3.1_meds_70-10-20/deciles_none_unfused_time_rope_numencxval_first_24h-tokenized/test/tokens_timelines_extended_outcomes.parquet
exp2_extended_regression,regression,max_dbp,xval_rope,rmse,False,10701,24.23982951360017,23.68820982544718,24.80513598647817,/gpfs/data/bbj-lab/users/daniel/input-representation-benchmark/outputs/runs/tokenized/mimiciv-3.1_meds_70-10-20/deciles_none_unfused_time_rope_numencxval_first_24h-tokenized/test/reg_ridge_regression-preds-model-xval-time_rope.pkl,/gpfs/data/bbj-lab/users/daniel/input-representation-benchmark/outputs/runs/tokenized/mimiciv-3.1_meds_70-10-20/deciles_none_unfused_time_rope_numencxval_first_24h-tokenized/test/tokens_timelines_extended_outcomes.parquet
exp2_extended_regression,regression,max_dbp,xval_affine_rope,spearman_rho,True,10701,0.2825838398360965,0.2648161570094974,0.3005080721692036,/gpfs/data/bbj-lab/users/daniel/input-representation-benchmark/outputs/runs/tokenized/mimiciv-3.1_meds_70-10-20/deciles_none_unfused_time_rope_numencxval_first_24h-tokenized/test/reg_ridge_regression-preds-model-xval_affine-time_rope.pkl,/gpfs/data/bbj-lab/users/daniel/input-representation-benchmark/outputs/runs/tokenized/mimiciv-3.1_meds_70-10-20/deciles_none_unfused_time_rope_numencxval_first_24h-tokenized/test/tokens_timelines_extended_outcomes.parquet
exp2_extended_regression,regression,max_dbp,xval_affine_rope,r2,True,10701,0.0713708241325136,0.0591925843741192,0.0828671269690161,/gpfs/data/bbj-lab/users/daniel/input-representation-benchmark/outputs/runs/tokenized/mimiciv-3.1_meds_70-10-20/deciles_none_unfused_time_rope_numencxval_first_24h-tokenized/test/reg_ridge_regression-preds-model-xval_affine-time_rope.pkl,/gpfs/data/bbj-lab/users/daniel/input-representation-benchmark/outputs/runs/tokenized/mimiciv-3.1_meds_70-10-20/deciles_none_unfused_time_rope_numencxval_first_24h-tokenized/test/tokens_timelines_extended_outcomes.parquet
exp2_extended_regression,regression,max_dbp,xval_affine_rope,mae,False,10701,18.16026270289545,17.866102658761097,18.449125159677426,/gpfs/data/bbj-lab/users/daniel/input-representation-benchmark/outputs/runs/tokenized/mimiciv-3.1_meds_70-10-20/deciles_none_unfused_time_rope_numencxval_first_24h-tokenized/test/reg_ridge_regression-preds-model-xval_affine-time_rope.pkl,/gpfs/data/bbj-lab/users/daniel/input-representation-benchmark/outputs/runs/tokenized/mimiciv-3.1_meds_70-10-20/deciles_none_unfused_time_rope_numencxval_first_24h-tokenized/test/tokens_timelines_extended_outcomes.parquet
exp2_extended_regression,regression,max_dbp,xval_affine_rope,rmse,False,10701,24.26312996979547,23.711350129667743,24.804856679625644,/gpfs/data/bbj-lab/users/daniel/input-representation-benchmark/outputs/runs/tokenized/mimiciv-3.1_meds_70-10-20/deciles_none_unfused_time_rope_numencxval_first_24h-tokenized/test/reg_ridge_regression-preds-model-xval_affine-time_rope.pkl,/gpfs/data/bbj-lab/users/daniel/input-representation-benchmark/outputs/runs/tokenized/mimiciv-3.1_meds_70-10-20/deciles_none_unfused_time_rope_numencxval_first_24h-tokenized/test/tokens_timelines_extended_outcomes.parquet
exp2_extended_regression,regression,max_heart_rate,discrete_tt,spearman_rho,True,10735,0.5117682539991681,0.4972953332696446,0.5266670253955694,/gpfs/data/bbj-lab/users/daniel/input-representation-benchmark/outputs/runs/tokenized/mimiciv-3.1_meds_70-10-20/deciles_none_unfused_time_tokens_first_24h-tokenized/test/reg_ridge_regression-preds-model-discrete-time_tokens.pkl,/gpfs/data/bbj-lab/users/daniel/input-representation-benchmark/outputs/runs/tokenized/mimiciv-3.1_meds_70-10-20/deciles_none_unfused_time_tokens_first_24h-tokenized/test/tokens_timelines_extended_outcomes.parquet
exp2_extended_regression,regression,max_heart_rate,discrete_tt,r2,True,10735,0.2392110074546229,0.2239398132456722,0.2545353803622002,/gpfs/data/bbj-lab/users/daniel/input-representation-benchmark/outputs/runs/tokenized/mimiciv-3.1_meds_70-10-20/deciles_none_unfused_time_tokens_first_24h-tokenized/test/reg_ridge_regression-preds-model-discrete-time_tokens.pkl,/gpfs/data/bbj-lab/users/daniel/input-representation-benchmark/outputs/runs/tokenized/mimiciv-3.1_meds_70-10-20/deciles_none_unfused_time_tokens_first_24h-tokenized/test/tokens_timelines_extended_outcomes.parquet
exp2_extended_regression,regression,max_heart_rate,discrete_tt,mae,False,10735,16.233909239576413,15.97867270376877,16.498035156444885,/gpfs/data/bbj-lab/users/daniel/input-representation-benchmark/outputs/runs/tokenized/mimiciv-3.1_meds_70-10-20/deciles_none_unfused_time_tokens_first_24h-tokenized/test/reg_ridge_regression-preds-model-discrete-time_tokens.pkl,/gpfs/data/bbj-lab/users/daniel/input-representation-benchmark/outputs/runs/tokenized/mimiciv-3.1_meds_70-10-20/deciles_none_unfused_time_tokens_first_24h-tokenized/test/tokens_timelines_extended_outcomes.parquet
exp2_extended_regression,regression,max_heart_rate,discrete_tt,rmse,False,10735,21.31385654035907,20.9180518795786,21.71567643080157,/gpfs/data/bbj-lab/users/daniel/input-representation-benchmark/outputs/runs/tokenized/mimiciv-3.1_meds_70-10-20/deciles_none_unfused_time_tokens_first_24h-tokenized/test/reg_ridge_regression-preds-model-discrete-time_tokens.pkl,/gpfs/data/bbj-lab/users/daniel/input-representation-benchmark/outputs/runs/tokenized/mimiciv-3.1_meds_70-10-20/deciles_none_unfused_time_tokens_first_24h-tokenized/test/tokens_timelines_extended_outcomes.parquet
exp2_extended_regression,regression,max_heart_rate,soft_tt,spearman_rho,True,10735,0.477016274689132,0.4622787851405511,0.4920972863423244,/gpfs/data/bbj-lab/users/daniel/input-representation-benchmark/outputs/runs/tokenized/mimiciv-3.1_meds_70-10-20/deciles_none_unfused_time_tokens_first_24h-tokenized/test/reg_ridge_regression-preds-model-soft-time_tokens.pkl,/gpfs/data/bbj-lab/users/daniel/input-representation-benchmark/outputs/runs/tokenized/mimiciv-3.1_meds_70-10-20/deciles_none_unfused_time_tokens_first_24h-tokenized/test/tokens_timelines_extended_outcomes.parquet
exp2_extended_regression,regression,max_heart_rate,soft_tt,r2,True,10735,0.2090586402682065,0.1942072901244829,0.2240280685444293,/gpfs/data/bbj-lab/users/daniel/input-representation-benchmark/outputs/runs/tokenized/mimiciv-3.1_meds_70-10-20/deciles_none_unfused_time_tokens_first_24h-tokenized/test/reg_ridge_regression-preds-model-soft-time_tokens.pkl,/gpfs/data/bbj-lab/users/daniel/input-representation-benchmark/outputs/runs/tokenized/mimiciv-3.1_meds_70-10-20/deciles_none_unfused_time_tokens_first_24h-tokenized/test/tokens_timelines_extended_outcomes.parquet
exp2_extended_regression,regression,max_heart_rate,soft_tt,mae,False,10735,16.63941435022559,16.36452389522988,16.900055970683425,/gpfs/data/bbj-lab/users/daniel/input-representation-benchmark/outputs/runs/tokenized/mimiciv-3.1_meds_70-10-20/deciles_none_unfused_time_tokens_first_24h-tokenized/test/reg_ridge_regression-preds-model-soft-time_tokens.pkl,/gpfs/data/bbj-lab/users/daniel/input-representation-benchmark/outputs/runs/tokenized/mimiciv-3.1_meds_70-10-20/deciles_none_unfused_time_tokens_first_24h-tokenized/test/tokens_timelines_extended_outcomes.parquet
exp2_extended_regression,regression,max_heart_rate,soft_tt,rmse,False,10735,21.73211883570784,21.330876851262044,22.12189608348467,/gpfs/data/bbj-lab/users/daniel/input-representation-benchmark/outputs/runs/tokenized/mimiciv-3.1_meds_70-10-20/deciles_none_unfused_time_tokens_first_24h-tokenized/test/reg_ridge_regression-preds-model-soft-time_tokens.pkl,/gpfs/data/bbj-lab/users/daniel/input-representation-benchmark/outputs/runs/tokenized/mimiciv-3.1_meds_70-10-20/deciles_none_unfused_time_tokens_first_24h-tokenized/test/tokens_timelines_extended_outcomes.parquet
exp2_extended_regression,regression,max_heart_rate,xval_tt,spearman_rho,True,10735,0.3997714124677018,0.3824988450183556,0.4153435727389312,/gpfs/data/bbj-lab/users/daniel/input-representation-benchmark/outputs/runs/tokenized/mimiciv-3.1_meds_70-10-20/deciles_none_unfused_time_tokens_numencxval_first_24h-tokenized/test/reg_ridge_regression-preds-model-xval-time_tokens.pkl,/gpfs/data/bbj-lab/users/daniel/input-representation-benchmark/outputs/runs/tokenized/mimiciv-3.1_meds_70-10-20/deciles_none_unfused_time_tokens_numencxval_first_24h-tokenized/test/tokens_timelines_extended_outcomes.parquet
exp2_extended_regression,regression,max_heart_rate,xval_tt,r2,True,10735,0.158878530421349,0.1444088795666612,0.1726550809457392,/gpfs/data/bbj-lab/users/daniel/input-representation-benchmark/outputs/runs/tokenized/mimiciv-3.1_meds_70-10-20/deciles_none_unfused_time_tokens_numencxval_first_24h-tokenized/test/reg_ridge_regression-preds-model-xval-time_tokens.pkl,/gpfs/data/bbj-lab/users/daniel/input-representation-benchmark/outputs/runs/tokenized/mimiciv-3.1_meds_70-10-20/deciles_none_unfused_time_tokens_numencxval_first_24h-tokenized/test/tokens_timelines_extended_outcomes.parquet
exp2_extended_regression,regression,max_heart_rate,xval_tt,mae,False,10735,17.281512470839118,17.026430358403392,17.553353969267402,/gpfs/data/bbj-lab/users/daniel/input-representation-benchmark/outputs/runs/tokenized/mimiciv-3.1_meds_70-10-20/deciles_none_unfused_time_tokens_numencxval_first_24h-tokenized/test/reg_ridge_regression-preds-model-xval-time_tokens.pkl,/gpfs/data/bbj-lab/users/daniel/input-representation-benchmark/outputs/runs/tokenized/mimiciv-3.1_meds_70-10-20/deciles_none_unfused_time_tokens_numencxval_first_24h-tokenized/test/tokens_timelines_extended_outcomes.parquet
exp2_extended_regression,regression,max_heart_rate,xval_tt,rmse,False,10735,22.410899463130043,22.01666943666164,22.82608964770106,/gpfs/data/bbj-lab/users/daniel/input-representation-benchmark/outputs/runs/tokenized/mimiciv-3.1_meds_70-10-20/deciles_none_unfused_time_tokens_numencxval_first_24h-tokenized/test/reg_ridge_regression-preds-model-xval-time_tokens.pkl,/gpfs/data/bbj-lab/users/daniel/input-representation-benchmark/outputs/runs/tokenized/mimiciv-3.1_meds_70-10-20/deciles_none_unfused_time_tokens_numencxval_first_24h-tokenized/test/tokens_timelines_extended_outcomes.parquet
exp2_extended_regression,regression,max_heart_rate,xval_affine_tt,spearman_rho,True,10735,0.3663153621205363,0.3490968735096547,0.383194950030361,/gpfs/data/bbj-lab/users/daniel/input-representation-benchmark/outputs/runs/tokenized/mimiciv-3.1_meds_70-10-20/deciles_none_unfused_time_tokens_numencxval_first_24h-tokenized/test/reg_ridge_regression-preds-model-xval_affine-time_tokens.pkl,/gpfs/data/bbj-lab/users/daniel/input-representation-benchmark/outputs/runs/tokenized/mimiciv-3.1_meds_70-10-20/deciles_none_unfused_time_tokens_numencxval_first_24h-tokenized/test/tokens_timelines_extended_outcomes.parquet
exp2_extended_regression,regression,max_heart_rate,xval_affine_tt,r2,True,10735,0.1278689568801446,0.1141593825736697,0.1403949068734886,/gpfs/data/bbj-lab/users/daniel/input-representation-benchmark/outputs/runs/tokenized/mimiciv-3.1_meds_70-10-20/deciles_none_unfused_time_tokens_numencxval_first_24h-tokenized/test/reg_ridge_regression-preds-model-xval_affine-time_tokens.pkl,/gpfs/data/bbj-lab/users/daniel/input-representation-benchmark/outputs/runs/tokenized/mimiciv-3.1_meds_70-10-20/deciles_none_unfused_time_tokens_numencxval_first_24h-tokenized/test/tokens_timelines_extended_outcomes.parquet
exp2_extended_regression,regression,max_heart_rate,xval_affine_tt,mae,False,10735,17.68895120950112,17.432660159327003,17.956134844268856,/gpfs/data/bbj-lab/users/daniel/input-representation-benchmark/outputs/runs/tokenized/mimiciv-3.1_meds_70-10-20/deciles_none_unfused_time_tokens_numencxval_first_24h-tokenized/test/reg_ridge_regression-preds-model-xval_affine-time_tokens.pkl,/gpfs/data/bbj-lab/users/daniel/input-representation-benchmark/outputs/runs/tokenized/mimiciv-3.1_meds_70-10-20/deciles_none_unfused_time_tokens_numencxval_first_24h-tokenized/test/tokens_timelines_extended_outcomes.parquet
exp2_extended_regression,regression,max_heart_rate,xval_affine_tt,rmse,False,10735,22.82027116831193,22.444059708516704,23.21742001094848,/gpfs/data/bbj-lab/users/daniel/input-representation-benchmark/outputs/runs/tokenized/mimiciv-3.1_meds_70-10-20/deciles_none_unfused_time_tokens_numencxval_first_24h-tokenized/test/reg_ridge_regression-preds-model-xval_affine-time_tokens.pkl,/gpfs/data/bbj-lab/users/daniel/input-representation-benchmark/outputs/runs/tokenized/mimiciv-3.1_meds_70-10-20/deciles_none_unfused_time_tokens_numencxval_first_24h-tokenized/test/tokens_timelines_extended_outcomes.parquet
exp2_extended_regression,regression,max_heart_rate,discrete_rope,spearman_rho,True,10735,0.4901586581929106,0.474621776770209,0.5058694877950632,/gpfs/data/bbj-lab/users/daniel/input-representation-benchmark/outputs/runs/tokenized/mimiciv-3.1_meds_70-10-20/deciles_none_unfused_time_rope_first_24h-tokenized/test/reg_ridge_regression-preds-model-discrete-time_rope.pkl,/gpfs/data/bbj-lab/users/daniel/input-representation-benchmark/outputs/runs/tokenized/mimiciv-3.1_meds_70-10-20/deciles_none_unfused_time_rope_first_24h-tokenized/test/tokens_timelines_extended_outcomes.parquet
exp2_extended_regression,regression,max_heart_rate,discrete_rope,r2,True,10735,0.2179266390670821,0.2018289205292691,0.2341174889526131,/gpfs/data/bbj-lab/users/daniel/input-representation-benchmark/outputs/runs/tokenized/mimiciv-3.1_meds_70-10-20/deciles_none_unfused_time_rope_first_24h-tokenized/test/reg_ridge_regression-preds-model-discrete-time_rope.pkl,/gpfs/data/bbj-lab/users/daniel/input-representation-benchmark/outputs/runs/tokenized/mimiciv-3.1_meds_70-10-20/deciles_none_unfused_time_rope_first_24h-tokenized/test/tokens_timelines_extended_outcomes.parquet
exp2_extended_regression,regression,max_heart_rate,discrete_rope,mae,False,10735,16.446102865918192,16.173041434188395,16.7049976273504,/gpfs/data/bbj-lab/users/daniel/input-representation-benchmark/outputs/runs/tokenized/mimiciv-3.1_meds_70-10-20/deciles_none_unfused_time_rope_first_24h-tokenized/test/reg_ridge_regression-preds-model-discrete-time_rope.pkl,/gpfs/data/bbj-lab/users/daniel/input-representation-benchmark/outputs/runs/tokenized/mimiciv-3.1_meds_70-10-20/deciles_none_unfused_time_rope_first_24h-tokenized/test/tokens_timelines_extended_outcomes.parquet
exp2_extended_regression,regression,max_heart_rate,discrete_rope,rmse,False,10735,21.6099456529752,21.20880457926071,22.01466068580868,/gpfs/data/bbj-lab/users/daniel/input-representation-benchmark/outputs/runs/tokenized/mimiciv-3.1_meds_70-10-20/deciles_none_unfused_time_rope_first_24h-tokenized/test/reg_ridge_regression-preds-model-discrete-time_rope.pkl,/gpfs/data/bbj-lab/users/daniel/input-representation-benchmark/outputs/runs/tokenized/mimiciv-3.1_meds_70-10-20/deciles_none_unfused_time_rope_first_24h-tokenized/test/tokens_timelines_extended_outcomes.parquet
exp2_extended_regression,regression,max_heart_rate,soft_rope,spearman_rho,True,10735,0.4796355623096599,0.4635920724008994,0.4949471832291359,/gpfs/data/bbj-lab/users/daniel/input-representation-benchmark/outputs/runs/tokenized/mimiciv-3.1_meds_70-10-20/deciles_none_unfused_time_rope_first_24h-tokenized/test/reg_ridge_regression-preds-model-soft-time_rope.pkl,/gpfs/data/bbj-lab/users/daniel/input-representation-benchmark/outputs/runs/tokenized/mimiciv-3.1_meds_70-10-20/deciles_none_unfused_time_rope_first_24h-tokenized/test/tokens_timelines_extended_outcomes.parquet
exp2_extended_regression,regression,max_heart_rate,soft_rope,r2,True,10735,0.2154657917578776,0.2005097923122994,0.2310814863241838,/gpfs/data/bbj-lab/users/daniel/input-representation-benchmark/outputs/runs/tokenized/mimiciv-3.1_meds_70-10-20/deciles_none_unfused_time_rope_first_24h-tokenized/test/reg_ridge_regression-preds-model-soft-time_rope.pkl,/gpfs/data/bbj-lab/users/daniel/input-representation-benchmark/outputs/runs/tokenized/mimiciv-3.1_meds_70-10-20/deciles_none_unfused_time_rope_first_24h-tokenized/test/tokens_timelines_extended_outcomes.parquet
exp2_extended_regression,regression,max_heart_rate,soft_rope,mae,False,10735,16.597595758343257,16.335685314365318,16.854807040711584,/gpfs/data/bbj-lab/users/daniel/input-representation-benchmark/outputs/runs/tokenized/mimiciv-3.1_meds_70-10-20/deciles_none_unfused_time_rope_first_24h-tokenized/test/reg_ridge_regression-preds-model-soft-time_rope.pkl,/gpfs/data/bbj-lab/users/daniel/input-representation-benchmark/outputs/runs/tokenized/mimiciv-3.1_meds_70-10-20/deciles_none_unfused_time_rope_first_24h-tokenized/test/tokens_timelines_extended_outcomes.parquet
exp2_extended_regression,regression,max_heart_rate,soft_rope,rmse,False,10735,21.643917536105224,21.25718350182109,22.041381916211375,/gpfs/data/bbj-lab/users/daniel/input-representation-benchmark/outputs/runs/tokenized/mimiciv-3.1_meds_70-10-20/deciles_none_unfused_time_rope_first_24h-tokenized/test/reg_ridge_regression-preds-model-soft-time_rope.pkl,/gpfs/data/bbj-lab/users/daniel/input-representation-benchmark/outputs/runs/tokenized/mimiciv-3.1_meds_70-10-20/deciles_none_unfused_time_rope_first_24h-tokenized/test/tokens_timelines_extended_outcomes.parquet
exp2_extended_regression,regression,max_heart_rate,xval_rope,spearman_rho,True,10735,0.4207540254454017,0.4030501183048519,0.4366464768088739,/gpfs/data/bbj-lab/users/daniel/input-representation-benchmark/outputs/runs/tokenized/mimiciv-3.1_meds_70-10-20/deciles_none_unfused_time_rope_numencxval_first_24h-tokenized/test/reg_ridge_regression-preds-model-xval-time_rope.pkl,/gpfs/data/bbj-lab/users/daniel/input-representation-benchmark/outputs/runs/tokenized/mimiciv-3.1_meds_70-10-20/deciles_none_unfused_time_rope_numencxval_first_24h-tokenized/test/tokens_timelines_extended_outcomes.parquet
exp2_extended_regression,regression,max_heart_rate,xval_rope,r2,True,10735,0.1793690514955339,0.1640719453656483,0.1937700474816595,/gpfs/data/bbj-lab/users/daniel/input-representation-benchmark/outputs/runs/tokenized/mimiciv-3.1_meds_70-10-20/deciles_none_unfused_time_rope_numencxval_first_24h-tokenized/test/reg_ridge_regression-preds-model-xval-time_rope.pkl,/gpfs/data/bbj-lab/users/daniel/input-representation-benchmark/outputs/runs/tokenized/mimiciv-3.1_meds_70-10-20/deciles_none_unfused_time_rope_numencxval_first_24h-tokenized/test/tokens_timelines_extended_outcomes.parquet
exp2_extended_regression,regression,max_heart_rate,xval_rope,mae,False,10735,16.963392698483005,16.718867928001057,17.226255624943853,/gpfs/data/bbj-lab/users/daniel/input-representation-benchmark/outputs/runs/tokenized/mimiciv-3.1_meds_70-10-20/deciles_none_unfused_time_rope_numencxval_first_24h-tokenized/test/reg_ridge_regression-preds-model-xval-time_rope.pkl,/gpfs/data/bbj-lab/users/daniel/input-representation-benchmark/outputs/runs/tokenized/mimiciv-3.1_meds_70-10-20/deciles_none_unfused_time_rope_numencxval_first_24h-tokenized/test/tokens_timelines_extended_outcomes.parquet
exp2_extended_regression,regression,max_heart_rate,xval_rope,rmse,False,10735,22.136240973346563,21.766718953910868,22.537533626976195,/gpfs/data/bbj-lab/users/daniel/input-representation-benchmark/outputs/runs/tokenized/mimiciv-3.1_meds_70-10-20/deciles_none_unfused_time_rope_numencxval_first_24h-tokenized/test/reg_ridge_regression-preds-model-xval-time_rope.pkl,/gpfs/data/bbj-lab/users/daniel/input-representation-benchmark/outputs/runs/tokenized/mimiciv-3.1_meds_70-10-20/deciles_none_unfused_time_rope_numencxval_first_24h-tokenized/test/tokens_timelines_extended_outcomes.parquet
exp2_extended_regression,regression,max_heart_rate,xval_affine_rope,spearman_rho,True,10735,0.3514089437421069,0.3340244364244209,0.3681596582476871,/gpfs/data/bbj-lab/users/daniel/input-representation-benchmark/outputs/runs/tokenized/mimiciv-3.1_meds_70-10-20/deciles_none_unfused_time_rope_numencxval_first_24h-tokenized/test/reg_ridge_regression-preds-model-xval_affine-time_rope.pkl,/gpfs/data/bbj-lab/users/daniel/input-representation-benchmark/outputs/runs/tokenized/mimiciv-3.1_meds_70-10-20/deciles_none_unfused_time_rope_numencxval_first_24h-tokenized/test/tokens_timelines_extended_outcomes.parquet
exp2_extended_regression,regression,max_heart_rate,xval_affine_rope,r2,True,10735,0.1181090008421216,0.1046905457820299,0.1313982848875204,/gpfs/data/bbj-lab/users/daniel/input-representation-benchmark/outputs/runs/tokenized/mimiciv-3.1_meds_70-10-20/deciles_none_unfused_time_rope_numencxval_first_24h-tokenized/test/reg_ridge_regression-preds-model-xval_affine-time_rope.pkl,/gpfs/data/bbj-lab/users/daniel/input-representation-benchmark/outputs/runs/tokenized/mimiciv-3.1_meds_70-10-20/deciles_none_unfused_time_rope_numencxval_first_24h-tokenized/test/tokens_timelines_extended_outcomes.parquet
exp2_extended_regression,regression,max_heart_rate,xval_affine_rope,mae,False,10735,17.75586276158368,17.49909836139332,18.01567745947457,/gpfs/data/bbj-lab/users/daniel/input-representation-benchmark/outputs/runs/tokenized/mimiciv-3.1_meds_70-10-20/deciles_none_unfused_time_rope_numencxval_first_24h-tokenized/test/reg_ridge_regression-preds-model-xval_affine-time_rope.pkl,/gpfs/data/bbj-lab/users/daniel/input-representation-benchmark/outputs/runs/tokenized/mimiciv-3.1_meds_70-10-20/deciles_none_unfused_time_rope_numencxval_first_24h-tokenized/test/tokens_timelines_extended_outcomes.parquet
exp2_extended_regression,regression,max_heart_rate,xval_affine_rope,rmse,False,10735,22.947605921019807,22.55676634449935,23.34406073613725,/gpfs/data/bbj-lab/users/daniel/input-representation-benchmark/outputs/runs/tokenized/mimiciv-3.1_meds_70-10-20/deciles_none_unfused_time_rope_numencxval_first_24h-tokenized/test/reg_ridge_regression-preds-model-xval_affine-time_rope.pkl,/gpfs/data/bbj-lab/users/daniel/input-representation-benchmark/outputs/runs/tokenized/mimiciv-3.1_meds_70-10-20/deciles_none_unfused_time_rope_numencxval_first_24h-tokenized/test/tokens_timelines_extended_outcomes.parquet
exp2_extended_regression,regression,max_sbp,discrete_tt,spearman_rho,True,10701,0.4876304982948974,0.4717335232144622,0.5024488671815843,/gpfs/data/bbj-lab/users/daniel/input-representation-benchmark/outputs/runs/tokenized/mimiciv-3.1_meds_70-10-20/deciles_none_unfused_time_tokens_first_24h-tokenized/test/reg_ridge_regression-preds-model-discrete-time_tokens.pkl,/gpfs/data/bbj-lab/users/daniel/input-representation-benchmark/outputs/runs/tokenized/mimiciv-3.1_meds_70-10-20/deciles_none_unfused_time_tokens_first_24h-tokenized/test/tokens_timelines_extended_outcomes.parquet
exp2_extended_regression,regression,max_sbp,discrete_tt,r2,True,10701,0.2251159515004639,0.2082180687355354,0.2405083077326701,/gpfs/data/bbj-lab/users/daniel/input-representation-benchmark/outputs/runs/tokenized/mimiciv-3.1_meds_70-10-20/deciles_none_unfused_time_tokens_first_24h-tokenized/test/reg_ridge_regression-preds-model-discrete-time_tokens.pkl,/gpfs/data/bbj-lab/users/daniel/input-representation-benchmark/outputs/runs/tokenized/mimiciv-3.1_meds_70-10-20/deciles_none_unfused_time_tokens_first_24h-tokenized/test/tokens_timelines_extended_outcomes.parquet
exp2_extended_regression,regression,max_sbp,discrete_tt,mae,False,10701,17.658908606286897,17.36923555435641,17.939348458221474,/gpfs/data/bbj-lab/users/daniel/input-representation-benchmark/outputs/runs/tokenized/mimiciv-3.1_meds_70-10-20/deciles_none_unfused_time_tokens_first_24h-tokenized/test/reg_ridge_regression-preds-model-discrete-time_tokens.pkl,/gpfs/data/bbj-lab/users/daniel/input-representation-benchmark/outputs/runs/tokenized/mimiciv-3.1_meds_70-10-20/deciles_none_unfused_time_tokens_first_24h-tokenized/test/tokens_timelines_extended_outcomes.parquet
exp2_extended_regression,regression,max_sbp,discrete_tt,rmse,False,10701,23.190484708889123,22.7518152128643,23.613500239212257,/gpfs/data/bbj-lab/users/daniel/input-representation-benchmark/outputs/runs/tokenized/mimiciv-3.1_meds_70-10-20/deciles_none_unfused_time_tokens_first_24h-tokenized/test/reg_ridge_regression-preds-model-discrete-time_tokens.pkl,/gpfs/data/bbj-lab/users/daniel/input-representation-benchmark/outputs/runs/tokenized/mimiciv-3.1_meds_70-10-20/deciles_none_unfused_time_tokens_first_24h-tokenized/test/tokens_timelines_extended_outcomes.parquet
exp2_extended_regression,regression,max_sbp,soft_tt,spearman_rho,True,10701,0.4691169739804795,0.4534057527820672,0.4838497729788898,/gpfs/data/bbj-lab/users/daniel/input-representation-benchmark/outputs/runs/tokenized/mimiciv-3.1_meds_70-10-20/deciles_none_unfused_time_tokens_first_24h-tokenized/test/reg_ridge_regression-preds-model-soft-time_tokens.pkl,/gpfs/data/bbj-lab/users/daniel/input-representation-benchmark/outputs/runs/tokenized/mimiciv-3.1_meds_70-10-20/deciles_none_unfused_time_tokens_first_24h-tokenized/test/tokens_timelines_extended_outcomes.parquet
exp2_extended_regression,regression,max_sbp,soft_tt,r2,True,10701,0.2065082924790022,0.1905380407807684,0.2212634954341007,/gpfs/data/bbj-lab/users/daniel/input-representation-benchmark/outputs/runs/tokenized/mimiciv-3.1_meds_70-10-20/deciles_none_unfused_time_tokens_first_24h-tokenized/test/reg_ridge_regression-preds-model-soft-time_tokens.pkl,/gpfs/data/bbj-lab/users/daniel/input-representation-benchmark/outputs/runs/tokenized/mimiciv-3.1_meds_70-10-20/deciles_none_unfused_time_tokens_first_24h-tokenized/test/tokens_timelines_extended_outcomes.parquet
exp2_extended_regression,regression,max_sbp,soft_tt,mae,False,10701,17.884743719690626,17.59769236171319,18.17003971074702,/gpfs/data/bbj-lab/users/daniel/input-representation-benchmark/outputs/runs/tokenized/mimiciv-3.1_meds_70-10-20/deciles_none_unfused_time_tokens_first_24h-tokenized/test/reg_ridge_regression-preds-model-soft-time_tokens.pkl,/gpfs/data/bbj-lab/users/daniel/input-representation-benchmark/outputs/runs/tokenized/mimiciv-3.1_meds_70-10-20/deciles_none_unfused_time_tokens_first_24h-tokenized/test/tokens_timelines_extended_outcomes.parquet
exp2_extended_regression,regression,max_sbp,soft_tt,rmse,False,10701,23.467274959368037,23.02778285598055,23.897852935432947,/gpfs/data/bbj-lab/users/daniel/input-representation-benchmark/outputs/runs/tokenized/mimiciv-3.1_meds_70-10-20/deciles_none_unfused_time_tokens_first_24h-tokenized/test/reg_ridge_regression-preds-model-soft-time_tokens.pkl,/gpfs/data/bbj-lab/users/daniel/input-representation-benchmark/outputs/runs/tokenized/mimiciv-3.1_meds_70-10-20/deciles_none_unfused_time_tokens_first_24h-tokenized/test/tokens_timelines_extended_outcomes.parquet
exp2_extended_regression,regression,max_sbp,xval_tt,spearman_rho,True,10701,0.3598972056536237,0.3438866089788598,0.3767330281183677,/gpfs/data/bbj-lab/users/daniel/input-representation-benchmark/outputs/runs/tokenized/mimiciv-3.1_meds_70-10-20/deciles_none_unfused_time_tokens_numencxval_first_24h-tokenized/test/reg_ridge_regression-preds-model-xval-time_tokens.pkl,/gpfs/data/bbj-lab/users/daniel/input-representation-benchmark/outputs/runs/tokenized/mimiciv-3.1_meds_70-10-20/deciles_none_unfused_time_tokens_numencxval_first_24h-tokenized/test/tokens_timelines_extended_outcomes.parquet
exp2_extended_regression,regression,max_sbp,xval_tt,r2,True,10701,0.1243844580913511,0.111411710663778,0.1383490165684815,/gpfs/data/bbj-lab/users/daniel/input-representation-benchmark/outputs/runs/tokenized/mimiciv-3.1_meds_70-10-20/deciles_none_unfused_time_tokens_numencxval_first_24h-tokenized/test/reg_ridge_regression-preds-model-xval-time_tokens.pkl,/gpfs/data/bbj-lab/users/daniel/input-representation-benchmark/outputs/runs/tokenized/mimiciv-3.1_meds_70-10-20/deciles_none_unfused_time_tokens_numencxval_first_24h-tokenized/test/tokens_timelines_extended_outcomes.parquet
exp2_extended_regression,regression,max_sbp,xval_tt,mae,False,10701,18.914973701373885,18.59225672462491,19.216124330375223,/gpfs/data/bbj-lab/users/daniel/input-representation-benchmark/outputs/runs/tokenized/mimiciv-3.1_meds_70-10-20/deciles_none_unfused_time_tokens_numencxval_first_24h-tokenized/test/reg_ridge_regression-preds-model-xval-time_tokens.pkl,/gpfs/data/bbj-lab/users/daniel/input-representation-benchmark/outputs/runs/tokenized/mimiciv-3.1_meds_70-10-20/deciles_none_unfused_time_tokens_numencxval_first_24h-tokenized/test/tokens_timelines_extended_outcomes.parquet
exp2_extended_regression,regression,max_sbp,xval_tt,rmse,False,10701,24.65177506811896,24.17425193428076,25.09045131307724,/gpfs/data/bbj-lab/users/daniel/input-representation-benchmark/outputs/runs/tokenized/mimiciv-3.1_meds_70-10-20/deciles_none_unfused_time_tokens_numencxval_first_24h-tokenized/test/reg_ridge_regression-preds-model-xval-time_tokens.pkl,/gpfs/data/bbj-lab/users/daniel/input-representation-benchmark/outputs/runs/tokenized/mimiciv-3.1_meds_70-10-20/deciles_none_unfused_time_tokens_numencxval_first_24h-tokenized/test/tokens_timelines_extended_outcomes.parquet
exp2_extended_regression,regression,max_sbp,xval_affine_tt,spearman_rho,True,10701,0.3502389476991502,0.3330111407691826,0.367460485082509,/gpfs/data/bbj-lab/users/daniel/input-representation-benchmark/outputs/runs/tokenized/mimiciv-3.1_meds_70-10-20/deciles_none_unfused_time_tokens_numencxval_first_24h-tokenized/test/reg_ridge_regression-preds-model-xval_affine-time_tokens.pkl,/gpfs/data/bbj-lab/users/daniel/input-representation-benchmark/outputs/runs/tokenized/mimiciv-3.1_meds_70-10-20/deciles_none_unfused_time_tokens_numencxval_first_24h-tokenized/test/tokens_timelines_extended_outcomes.parquet
exp2_extended_regression,regression,max_sbp,xval_affine_tt,r2,True,10701,0.1126187947343991,0.0996977207051189,0.1257475635399884,/gpfs/data/bbj-lab/users/daniel/input-representation-benchmark/outputs/runs/tokenized/mimiciv-3.1_meds_70-10-20/deciles_none_unfused_time_tokens_numencxval_first_24h-tokenized/test/reg_ridge_regression-preds-model-xval_affine-time_tokens.pkl,/gpfs/data/bbj-lab/users/daniel/input-representation-benchmark/outputs/runs/tokenized/mimiciv-3.1_meds_70-10-20/deciles_none_unfused_time_tokens_numencxval_first_24h-tokenized/test/tokens_timelines_extended_outcomes.parquet
exp2_extended_regression,regression,max_sbp,xval_affine_tt,mae,False,10701,19.11139417604993,18.80340457629244,19.41075396180252,/gpfs/data/bbj-lab/users/daniel/input-representation-benchmark/outputs/runs/tokenized/mimiciv-3.1_meds_70-10-20/deciles_none_unfused_time_tokens_numencxval_first_24h-tokenized/test/reg_ridge_regression-preds-model-xval_affine-time_tokens.pkl,/gpfs/data/bbj-lab/users/daniel/input-representation-benchmark/outputs/runs/tokenized/mimiciv-3.1_meds_70-10-20/deciles_none_unfused_time_tokens_numencxval_first_24h-tokenized/test/tokens_timelines_extended_outcomes.parquet
exp2_extended_regression,regression,max_sbp,xval_affine_tt,rmse,False,10701,24.816845599074984,24.35253076257287,25.27086439521312,/gpfs/data/bbj-lab/users/daniel/input-representation-benchmark/outputs/runs/tokenized/mimiciv-3.1_meds_70-10-20/deciles_none_unfused_time_tokens_numencxval_first_24h-tokenized/test/reg_ridge_regression-preds-model-xval_affine-time_tokens.pkl,/gpfs/data/bbj-lab/users/daniel/input-representation-benchmark/outputs/runs/tokenized/mimiciv-3.1_meds_70-10-20/deciles_none_unfused_time_tokens_numencxval_first_24h-tokenized/test/tokens_timelines_extended_outcomes.parquet
exp2_extended_regression,regression,max_sbp,discrete_rope,spearman_rho,True,10701,0.4860475096156164,0.4706452190090359,0.5013488446823149,/gpfs/data/bbj-lab/users/daniel/input-representation-benchmark/outputs/runs/tokenized/mimiciv-3.1_meds_70-10-20/deciles_none_unfused_time_rope_first_24h-tokenized/test/reg_ridge_regression-preds-model-discrete-time_rope.pkl,/gpfs/data/bbj-lab/users/daniel/input-representation-benchmark/outputs/runs/tokenized/mimiciv-3.1_meds_70-10-20/deciles_none_unfused_time_rope_first_24h-tokenized/test/tokens_timelines_extended_outcomes.parquet
exp2_extended_regression,regression,max_sbp,discrete_rope,r2,True,10701,0.2228614146756375,0.2066475788187805,0.2390033372820594,/gpfs/data/bbj-lab/users/daniel/input-representation-benchmark/outputs/runs/tokenized/mimiciv-3.1_meds_70-10-20/deciles_none_unfused_time_rope_first_24h-tokenized/test/reg_ridge_regression-preds-model-discrete-time_rope.pkl,/gpfs/data/bbj-lab/users/daniel/input-representation-benchmark/outputs/runs/tokenized/mimiciv-3.1_meds_70-10-20/deciles_none_unfused_time_rope_first_24h-tokenized/test/tokens_timelines_extended_outcomes.parquet
exp2_extended_regression,regression,max_sbp,discrete_rope,mae,False,10701,17.70798534969624,17.42573046535667,17.989487236923907,/gpfs/data/bbj-lab/users/daniel/input-representation-benchmark/outputs/runs/tokenized/mimiciv-3.1_meds_70-10-20/deciles_none_unfused_time_rope_first_24h-tokenized/test/reg_ridge_regression-preds-model-discrete-time_rope.pkl,/gpfs/data/bbj-lab/users/daniel/input-representation-benchmark/outputs/runs/tokenized/mimiciv-3.1_meds_70-10-20/deciles_none_unfused_time_rope_first_24h-tokenized/test/tokens_timelines_extended_outcomes.parquet
exp2_extended_regression,regression,max_sbp,discrete_rope,rmse,False,10701,23.224196737778943,22.800533314962387,23.63136131623843,/gpfs/data/bbj-lab/users/daniel/input-representation-benchmark/outputs/runs/tokenized/mimiciv-3.1_meds_70-10-20/deciles_none_unfused_time_rope_first_24h-tokenized/test/reg_ridge_regression-preds-model-discrete-time_rope.pkl,/gpfs/data/bbj-lab/users/daniel/input-representation-benchmark/outputs/runs/tokenized/mimiciv-3.1_meds_70-10-20/deciles_none_unfused_time_rope_first_24h-tokenized/test/tokens_timelines_extended_outcomes.parquet
exp2_extended_regression,regression,max_sbp,soft_rope,spearman_rho,True,10701,0.4668718680462922,0.4507741171770099,0.4825280328146852,/gpfs/data/bbj-lab/users/daniel/input-representation-benchmark/outputs/runs/tokenized/mimiciv-3.1_meds_70-10-20/deciles_none_unfused_time_rope_first_24h-tokenized/test/reg_ridge_regression-preds-model-soft-time_rope.pkl,/gpfs/data/bbj-lab/users/daniel/input-representation-benchmark/outputs/runs/tokenized/mimiciv-3.1_meds_70-10-20/deciles_none_unfused_time_rope_first_24h-tokenized/test/tokens_timelines_extended_outcomes.parquet
exp2_extended_regression,regression,max_sbp,soft_rope,r2,True,10701,0.2033658122408358,0.1869828175995427,0.2196375875832975,/gpfs/data/bbj-lab/users/daniel/input-representation-benchmark/outputs/runs/tokenized/mimiciv-3.1_meds_70-10-20/deciles_none_unfused_time_rope_first_24h-tokenized/test/reg_ridge_regression-preds-model-soft-time_rope.pkl,/gpfs/data/bbj-lab/users/daniel/input-representation-benchmark/outputs/runs/tokenized/mimiciv-3.1_meds_70-10-20/deciles_none_unfused_time_rope_first_24h-tokenized/test/tokens_timelines_extended_outcomes.parquet
exp2_extended_regression,regression,max_sbp,soft_rope,mae,False,10701,17.938014484712163,17.64536418499823,18.228234447854955,/gpfs/data/bbj-lab/users/daniel/input-representation-benchmark/outputs/runs/tokenized/mimiciv-3.1_meds_70-10-20/deciles_none_unfused_time_rope_first_24h-tokenized/test/reg_ridge_regression-preds-model-soft-time_rope.pkl,/gpfs/data/bbj-lab/users/daniel/input-representation-benchmark/outputs/runs/tokenized/mimiciv-3.1_meds_70-10-20/deciles_none_unfused_time_rope_first_24h-tokenized/test/tokens_timelines_extended_outcomes.parquet
exp2_extended_regression,regression,max_sbp,soft_rope,rmse,False,10701,23.513697989031705,23.08466624982104,23.9454190240335,/gpfs/data/bbj-lab/users/daniel/input-representation-benchmark/outputs/runs/tokenized/mimiciv-3.1_meds_70-10-20/deciles_none_unfused_time_rope_first_24h-tokenized/test/reg_ridge_regression-preds-model-soft-time_rope.pkl,/gpfs/data/bbj-lab/users/daniel/input-representation-benchmark/outputs/runs/tokenized/mimiciv-3.1_meds_70-10-20/deciles_none_unfused_time_rope_first_24h-tokenized/test/tokens_timelines_extended_outcomes.parquet
exp2_extended_regression,regression,max_sbp,xval_rope,spearman_rho,True,10701,0.3715049417361301,0.3555263976332251,0.3883679098482154,/gpfs/data/bbj-lab/users/daniel/input-representation-benchmark/outputs/runs/tokenized/mimiciv-3.1_meds_70-10-20/deciles_none_unfused_time_rope_numencxval_first_24h-tokenized/test/reg_ridge_regression-preds-model-xval-time_rope.pkl,/gpfs/data/bbj-lab/users/daniel/input-representation-benchmark/outputs/runs/tokenized/mimiciv-3.1_meds_70-10-20/deciles_none_unfused_time_rope_numencxval_first_24h-tokenized/test/tokens_timelines_extended_outcomes.parquet
exp2_extended_regression,regression,max_sbp,xval_rope,r2,True,10701,0.1345058467478413,0.1222710262024306,0.1476330744808631,/gpfs/data/bbj-lab/users/daniel/input-representation-benchmark/outputs/runs/tokenized/mimiciv-3.1_meds_70-10-20/deciles_none_unfused_time_rope_numencxval_first_24h-tokenized/test/reg_ridge_regression-preds-model-xval-time_rope.pkl,/gpfs/data/bbj-lab/users/daniel/input-representation-benchmark/outputs/runs/tokenized/mimiciv-3.1_meds_70-10-20/deciles_none_unfused_time_rope_numencxval_first_24h-tokenized/test/tokens_timelines_extended_outcomes.parquet
exp2_extended_regression,regression,max_sbp,xval_rope,mae,False,10701,18.8207966081862,18.53539649525019,19.10030238288821,/gpfs/data/bbj-lab/users/daniel/input-representation-benchmark/outputs/runs/tokenized/mimiciv-3.1_meds_70-10-20/deciles_none_unfused_time_rope_numencxval_first_24h-tokenized/test/reg_ridge_regression-preds-model-xval-time_rope.pkl,/gpfs/data/bbj-lab/users/daniel/input-representation-benchmark/outputs/runs/tokenized/mimiciv-3.1_meds_70-10-20/deciles_none_unfused_time_rope_numencxval_first_24h-tokenized/test/tokens_timelines_extended_outcomes.parquet
exp2_extended_regression,regression,max_sbp,xval_rope,rmse,False,10701,24.508883916204265,24.07724839410465,24.929095337821444,/gpfs/data/bbj-lab/users/daniel/input-representation-benchmark/outputs/runs/tokenized/mimiciv-3.1_meds_70-10-20/deciles_none_unfused_time_rope_numencxval_first_24h-tokenized/test/reg_ridge_regression-preds-model-xval-time_rope.pkl,/gpfs/data/bbj-lab/users/daniel/input-representation-benchmark/outputs/runs/tokenized/mimiciv-3.1_meds_70-10-20/deciles_none_unfused_time_rope_numencxval_first_24h-tokenized/test/tokens_timelines_extended_outcomes.parquet
exp2_extended_regression,regression,max_sbp,xval_affine_rope,spearman_rho,True,10701,0.3237419463529131,0.3072173923155378,0.3408182985048139,/gpfs/data/bbj-lab/users/daniel/input-representation-benchmark/outputs/runs/tokenized/mimiciv-3.1_meds_70-10-20/deciles_none_unfused_time_rope_numencxval_first_24h-tokenized/test/reg_ridge_regression-preds-model-xval_affine-time_rope.pkl,/gpfs/data/bbj-lab/users/daniel/input-representation-benchmark/outputs/runs/tokenized/mimiciv-3.1_meds_70-10-20/deciles_none_unfused_time_rope_numencxval_first_24h-tokenized/test/tokens_timelines_extended_outcomes.parquet
exp2_extended_regression,regression,max_sbp,xval_affine_rope,r2,True,10701,0.0957373977673907,0.0832525664219283,0.1082897185034573,/gpfs/data/bbj-lab/users/daniel/input-representation-benchmark/outputs/runs/tokenized/mimiciv-3.1_meds_70-10-20/deciles_none_unfused_time_rope_numencxval_first_24h-tokenized/test/reg_ridge_regression-preds-model-xval_affine-time_rope.pkl,/gpfs/data/bbj-lab/users/daniel/input-representation-benchmark/outputs/runs/tokenized/mimiciv-3.1_meds_70-10-20/deciles_none_unfused_time_rope_numencxval_first_24h-tokenized/test/tokens_timelines_extended_outcomes.parquet
exp2_extended_regression,regression,max_sbp,xval_affine_rope,mae,False,10701,19.319666114527188,19.037433733404715,19.606289394083912,/gpfs/data/bbj-lab/users/daniel/input-representation-benchmark/outputs/runs/tokenized/mimiciv-3.1_meds_70-10-20/deciles_none_unfused_time_rope_numencxval_first_24h-tokenized/test/reg_ridge_regression-preds-model-xval_affine-time_rope.pkl,/gpfs/data/bbj-lab/users/daniel/input-representation-benchmark/outputs/runs/tokenized/mimiciv-3.1_meds_70-10-20/deciles_none_unfused_time_rope_numencxval_first_24h-tokenized/test/tokens_timelines_extended_outcomes.parquet
exp2_extended_regression,regression,max_sbp,xval_affine_rope,rmse,False,10701,25.051789315100223,24.63259542086736,25.471742549011548,/gpfs/data/bbj-lab/users/daniel/input-representation-benchmark/outputs/runs/tokenized/mimiciv-3.1_meds_70-10-20/deciles_none_unfused_time_rope_numencxval_first_24h-tokenized/test/reg_ridge_regression-preds-model-xval_affine-time_rope.pkl,/gpfs/data/bbj-lab/users/daniel/input-representation-benchmark/outputs/runs/tokenized/mimiciv-3.1_meds_70-10-20/deciles_none_unfused_time_rope_numencxval_first_24h-tokenized/test/tokens_timelines_extended_outcomes.parquet
exp2_extended_regression,regression,max_sodium,discrete_tt,spearman_rho,True,47942,0.4264684615758861,0.4186534039460458,0.4342967647104839,/gpfs/data/bbj-lab/users/daniel/input-representation-benchmark/outputs/runs/tokenized/mimiciv-3.1_meds_70-10-20/deciles_none_unfused_time_tokens_first_24h-tokenized/test/reg_ridge_regression-preds-model-discrete-time_tokens.pkl,/gpfs/data/bbj-lab/users/daniel/input-representation-benchmark/outputs/runs/tokenized/mimiciv-3.1_meds_70-10-20/deciles_none_unfused_time_tokens_first_24h-tokenized/test/tokens_timelines_extended_outcomes.parquet
exp2_extended_regression,regression,max_sodium,discrete_tt,r2,True,47942,0.2050972164888717,0.1967314891580111,0.2132171493105148,/gpfs/data/bbj-lab/users/daniel/input-representation-benchmark/outputs/runs/tokenized/mimiciv-3.1_meds_70-10-20/deciles_none_unfused_time_tokens_first_24h-tokenized/test/reg_ridge_regression-preds-model-discrete-time_tokens.pkl,/gpfs/data/bbj-lab/users/daniel/input-representation-benchmark/outputs/runs/tokenized/mimiciv-3.1_meds_70-10-20/deciles_none_unfused_time_tokens_first_24h-tokenized/test/tokens_timelines_extended_outcomes.parquet
exp2_extended_regression,regression,max_sodium,discrete_tt,mae,False,47942,2.680331477753454,2.657973808829339,2.7016908880009485,/gpfs/data/bbj-lab/users/daniel/input-representation-benchmark/outputs/runs/tokenized/mimiciv-3.1_meds_70-10-20/deciles_none_unfused_time_tokens_first_24h-tokenized/test/reg_ridge_regression-preds-model-discrete-time_tokens.pkl,/gpfs/data/bbj-lab/users/daniel/input-representation-benchmark/outputs/runs/tokenized/mimiciv-3.1_meds_70-10-20/deciles_none_unfused_time_tokens_first_24h-tokenized/test/tokens_timelines_extended_outcomes.parquet
exp2_extended_regression,regression,max_sodium,discrete_tt,rmse,False,47942,3.62739408280831,3.5877037782120724,3.668267628469049,/gpfs/data/bbj-lab/users/daniel/input-representation-benchmark/outputs/runs/tokenized/mimiciv-3.1_meds_70-10-20/deciles_none_unfused_time_tokens_first_24h-tokenized/test/reg_ridge_regression-preds-model-discrete-time_tokens.pkl,/gpfs/data/bbj-lab/users/daniel/input-representation-benchmark/outputs/runs/tokenized/mimiciv-3.1_meds_70-10-20/deciles_none_unfused_time_tokens_first_24h-tokenized/test/tokens_timelines_extended_outcomes.parquet
exp2_extended_regression,regression,max_sodium,soft_tt,spearman_rho,True,47942,0.4307510188897289,0.4228577339949971,0.4385351560075309,/gpfs/data/bbj-lab/users/daniel/input-representation-benchmark/outputs/runs/tokenized/mimiciv-3.1_meds_70-10-20/deciles_none_unfused_time_tokens_first_24h-tokenized/test/reg_ridge_regression-preds-model-soft-time_tokens.pkl,/gpfs/data/bbj-lab/users/daniel/input-representation-benchmark/outputs/runs/tokenized/mimiciv-3.1_meds_70-10-20/deciles_none_unfused_time_tokens_first_24h-tokenized/test/tokens_timelines_extended_outcomes.parquet
exp2_extended_regression,regression,max_sodium,soft_tt,r2,True,47942,0.2047741383610218,0.1964803759231417,0.2129150182127949,/gpfs/data/bbj-lab/users/daniel/input-representation-benchmark/outputs/runs/tokenized/mimiciv-3.1_meds_70-10-20/deciles_none_unfused_time_tokens_first_24h-tokenized/test/reg_ridge_regression-preds-model-soft-time_tokens.pkl,/gpfs/data/bbj-lab/users/daniel/input-representation-benchmark/outputs/runs/tokenized/mimiciv-3.1_meds_70-10-20/deciles_none_unfused_time_tokens_first_24h-tokenized/test/tokens_timelines_extended_outcomes.parquet
exp2_extended_regression,regression,max_sodium,soft_tt,mae,False,47942,2.6736616576610586,2.6520604348644428,2.695897293028757,/gpfs/data/bbj-lab/users/daniel/input-representation-benchmark/outputs/runs/tokenized/mimiciv-3.1_meds_70-10-20/deciles_none_unfused_time_tokens_first_24h-tokenized/test/reg_ridge_regression-preds-model-soft-time_tokens.pkl,/gpfs/data/bbj-lab/users/daniel/input-representation-benchmark/outputs/runs/tokenized/mimiciv-3.1_meds_70-10-20/deciles_none_unfused_time_tokens_first_24h-tokenized/test/tokens_timelines_extended_outcomes.parquet
exp2_extended_regression,regression,max_sodium,soft_tt,rmse,False,47942,3.628131162020112,3.589566402171162,3.672002479934076,/gpfs/data/bbj-lab/users/daniel/input-representation-benchmark/outputs/runs/tokenized/mimiciv-3.1_meds_70-10-20/deciles_none_unfused_time_tokens_first_24h-tokenized/test/reg_ridge_regression-preds-model-soft-time_tokens.pkl,/gpfs/data/bbj-lab/users/daniel/input-representation-benchmark/outputs/runs/tokenized/mimiciv-3.1_meds_70-10-20/deciles_none_unfused_time_tokens_first_24h-tokenized/test/tokens_timelines_extended_outcomes.parquet
exp2_extended_regression,regression,max_sodium,xval_tt,spearman_rho,True,47942,0.3700098299097233,0.3623980006789513,0.3778535614942396,/gpfs/data/bbj-lab/users/daniel/input-representation-benchmark/outputs/runs/tokenized/mimiciv-3.1_meds_70-10-20/deciles_none_unfused_time_tokens_numencxval_first_24h-tokenized/test/reg_ridge_regression-preds-model-xval-time_tokens.pkl,/gpfs/data/bbj-lab/users/daniel/input-representation-benchmark/outputs/runs/tokenized/mimiciv-3.1_meds_70-10-20/deciles_none_unfused_time_tokens_numencxval_first_24h-tokenized/test/tokens_timelines_extended_outcomes.parquet
exp2_extended_regression,regression,max_sodium,xval_tt,r2,True,47942,0.1646289953049525,0.1567110644573147,0.172384860914506,/gpfs/data/bbj-lab/users/daniel/input-representation-benchmark/outputs/runs/tokenized/mimiciv-3.1_meds_70-10-20/deciles_none_unfused_time_tokens_numencxval_first_24h-tokenized/test/reg_ridge_regression-preds-model-xval-time_tokens.pkl,/gpfs/data/bbj-lab/users/daniel/input-representation-benchmark/outputs/runs/tokenized/mimiciv-3.1_meds_70-10-20/deciles_none_unfused_time_tokens_numencxval_first_24h-tokenized/test/tokens_timelines_extended_outcomes.parquet
exp2_extended_regression,regression,max_sodium,xval_tt,mae,False,47942,2.731674000869732,2.7100635828314488,2.7543247863355544,/gpfs/data/bbj-lab/users/daniel/input-representation-benchmark/outputs/runs/tokenized/mimiciv-3.1_meds_70-10-20/deciles_none_unfused_time_tokens_numencxval_first_24h-tokenized/test/reg_ridge_regression-preds-model-xval-time_tokens.pkl,/gpfs/data/bbj-lab/users/daniel/input-representation-benchmark/outputs/runs/tokenized/mimiciv-3.1_meds_70-10-20/deciles_none_unfused_time_tokens_numencxval_first_24h-tokenized/test/tokens_timelines_extended_outcomes.parquet
exp2_extended_regression,regression,max_sodium,xval_tt,rmse,False,47942,3.718582574794003,3.6790450852379686,3.7607248449107895,/gpfs/data/bbj-lab/users/daniel/input-representation-benchmark/outputs/runs/tokenized/mimiciv-3.1_meds_70-10-20/deciles_none_unfused_time_tokens_numencxval_first_24h-tokenized/test/reg_ridge_regression-preds-model-xval-time_tokens.pkl,/gpfs/data/bbj-lab/users/daniel/input-representation-benchmark/outputs/runs/tokenized/mimiciv-3.1_meds_70-10-20/deciles_none_unfused_time_tokens_numencxval_first_24h-tokenized/test/tokens_timelines_extended_outcomes.parquet
exp2_extended_regression,regression,max_sodium,xval_affine_tt,spearman_rho,True,47942,0.2936758474869062,0.2855062339989481,0.3025198320461565,/gpfs/data/bbj-lab/users/daniel/input-representation-benchmark/outputs/runs/tokenized/mimiciv-3.1_meds_70-10-20/deciles_none_unfused_time_tokens_numencxval_first_24h-tokenized/test/reg_ridge_regression-preds-model-xval_affine-time_tokens.pkl,/gpfs/data/bbj-lab/users/daniel/input-representation-benchmark/outputs/runs/tokenized/mimiciv-3.1_meds_70-10-20/deciles_none_unfused_time_tokens_numencxval_first_24h-tokenized/test/tokens_timelines_extended_outcomes.parquet
exp2_extended_regression,regression,max_sodium,xval_affine_tt,r2,True,47942,0.1076486451721366,0.1004959351064526,0.1145543358459487,/gpfs/data/bbj-lab/users/daniel/input-representation-benchmark/outputs/runs/tokenized/mimiciv-3.1_meds_70-10-20/deciles_none_unfused_time_tokens_numencxval_first_24h-tokenized/test/reg_ridge_regression-preds-model-xval_affine-time_tokens.pkl,/gpfs/data/bbj-lab/users/daniel/input-representation-benchmark/outputs/runs/tokenized/mimiciv-3.1_meds_70-10-20/deciles_none_unfused_time_tokens_numencxval_first_24h-tokenized/test/tokens_timelines_extended_outcomes.parquet
exp2_extended_regression,regression,max_sodium,xval_affine_tt,mae,False,47942,2.830837693609772,2.8078886652975976,2.854423264699257,/gpfs/data/bbj-lab/users/daniel/input-representation-benchmark/outputs/runs/tokenized/mimiciv-3.1_meds_70-10-20/deciles_none_unfused_time_tokens_numencxval_first_24h-tokenized/test/reg_ridge_regression-preds-model-xval_affine-time_tokens.pkl,/gpfs/data/bbj-lab/users/daniel/input-representation-benchmark/outputs/runs/tokenized/mimiciv-3.1_meds_70-10-20/deciles_none_unfused_time_tokens_numencxval_first_24h-tokenized/test/tokens_timelines_extended_outcomes.parquet
exp2_extended_regression,regression,max_sodium,xval_affine_tt,rmse,False,47942,3.8433122929889993,3.803324403848523,3.885864049380124,/gpfs/data/bbj-lab/users/daniel/input-representation-benchmark/outputs/runs/tokenized/mimiciv-3.1_meds_70-10-20/deciles_none_unfused_time_tokens_numencxval_first_24h-tokenized/test/reg_ridge_regression-preds-model-xval_affine-time_tokens.pkl,/gpfs/data/bbj-lab/users/daniel/input-representation-benchmark/outputs/runs/tokenized/mimiciv-3.1_meds_70-10-20/deciles_none_unfused_time_tokens_numencxval_first_24h-tokenized/test/tokens_timelines_extended_outcomes.parquet
exp2_extended_regression,regression,max_sodium,discrete_rope,spearman_rho,True,47942,0.4489940412242162,0.4415424996797045,0.4566169313544556,/gpfs/data/bbj-lab/users/daniel/input-representation-benchmark/outputs/runs/tokenized/mimiciv-3.1_meds_70-10-20/deciles_none_unfused_time_rope_first_24h-tokenized/test/reg_ridge_regression-preds-model-discrete-time_rope.pkl,/gpfs/data/bbj-lab/users/daniel/input-representation-benchmark/outputs/runs/tokenized/mimiciv-3.1_meds_70-10-20/deciles_none_unfused_time_rope_first_24h-tokenized/test/tokens_timelines_extended_outcomes.parquet
exp2_extended_regression,regression,max_sodium,discrete_rope,r2,True,47942,0.2259245541601484,0.2175312644405788,0.2345927104929568,/gpfs/data/bbj-lab/users/daniel/input-representation-benchmark/outputs/runs/tokenized/mimiciv-3.1_meds_70-10-20/deciles_none_unfused_time_rope_first_24h-tokenized/test/reg_ridge_regression-preds-model-discrete-time_rope.pkl,/gpfs/data/bbj-lab/users/daniel/input-representation-benchmark/outputs/runs/tokenized/mimiciv-3.1_meds_70-10-20/deciles_none_unfused_time_rope_first_24h-tokenized/test/tokens_timelines_extended_outcomes.parquet
exp2_extended_regression,regression,max_sodium,discrete_rope,mae,False,47942,2.6415955234181387,2.620166068940132,2.663855306864856,/gpfs/data/bbj-lab/users/daniel/input-representation-benchmark/outputs/runs/tokenized/mimiciv-3.1_meds_70-10-20/deciles_none_unfused_time_rope_first_24h-tokenized/test/reg_ridge_regression-preds-model-discrete-time_rope.pkl,/gpfs/data/bbj-lab/users/daniel/input-representation-benchmark/outputs/runs/tokenized/mimiciv-3.1_meds_70-10-20/deciles_none_unfused_time_rope_first_24h-tokenized/test/tokens_timelines_extended_outcomes.parquet
exp2_extended_regression,regression,max_sodium,discrete_rope,rmse,False,47942,3.5795577807434773,3.540209265125209,3.620074775647366,/gpfs/data/bbj-lab/users/daniel/input-representation-benchmark/outputs/runs/tokenized/mimiciv-3.1_meds_70-10-20/deciles_none_unfused_time_rope_first_24h-tokenized/test/reg_ridge_regression-preds-model-discrete-time_rope.pkl,/gpfs/data/bbj-lab/users/daniel/input-representation-benchmark/outputs/runs/tokenized/mimiciv-3.1_meds_70-10-20/deciles_none_unfused_time_rope_first_24h-tokenized/test/tokens_timelines_extended_outcomes.parquet
exp2_extended_regression,regression,max_sodium,soft_rope,spearman_rho,True,47942,0.4372872041337621,0.4294800719689415,0.444657228604699,/gpfs/data/bbj-lab/users/daniel/input-representation-benchmark/outputs/runs/tokenized/mimiciv-3.1_meds_70-10-20/deciles_none_unfused_time_rope_first_24h-tokenized/test/reg_ridge_regression-preds-model-soft-time_rope.pkl,/gpfs/data/bbj-lab/users/daniel/input-representation-benchmark/outputs/runs/tokenized/mimiciv-3.1_meds_70-10-20/deciles_none_unfused_time_rope_first_24h-tokenized/test/tokens_timelines_extended_outcomes.parquet
exp2_extended_regression,regression,max_sodium,soft_rope,r2,True,47942,0.2148443230322845,0.2066881333245417,0.2227369969932592,/gpfs/data/bbj-lab/users/daniel/input-representation-benchmark/outputs/runs/tokenized/mimiciv-3.1_meds_70-10-20/deciles_none_unfused_time_rope_first_24h-tokenized/test/reg_ridge_regression-preds-model-soft-time_rope.pkl,/gpfs/data/bbj-lab/users/daniel/input-representation-benchmark/outputs/runs/tokenized/mimiciv-3.1_meds_70-10-20/deciles_none_unfused_time_rope_first_24h-tokenized/test/tokens_timelines_extended_outcomes.parquet
exp2_extended_regression,regression,max_sodium,soft_rope,mae,False,47942,2.6621690864332805,2.640329614464176,2.6839299995434223,/gpfs/data/bbj-lab/users/daniel/input-representation-benchmark/outputs/runs/tokenized/mimiciv-3.1_meds_70-10-20/deciles_none_unfused_time_rope_first_24h-tokenized/test/reg_ridge_regression-preds-model-soft-time_rope.pkl,/gpfs/data/bbj-lab/users/daniel/input-representation-benchmark/outputs/runs/tokenized/mimiciv-3.1_meds_70-10-20/deciles_none_unfused_time_rope_first_24h-tokenized/test/tokens_timelines_extended_outcomes.parquet
exp2_extended_regression,regression,max_sodium,soft_rope,rmse,False,47942,3.6050859133511417,3.56496097496882,3.6448231884360767,/gpfs/data/bbj-lab/users/daniel/input-representation-benchmark/outputs/runs/tokenized/mimiciv-3.1_meds_70-10-20/deciles_none_unfused_time_rope_first_24h-tokenized/test/reg_ridge_regression-preds-model-soft-time_rope.pkl,/gpfs/data/bbj-lab/users/daniel/input-representation-benchmark/outputs/runs/tokenized/mimiciv-3.1_meds_70-10-20/deciles_none_unfused_time_rope_first_24h-tokenized/test/tokens_timelines_extended_outcomes.parquet
exp2_extended_regression,regression,max_sodium,xval_rope,spearman_rho,True,47942,0.3843496236519798,0.3767716886309074,0.3925075970262349,/gpfs/data/bbj-lab/users/daniel/input-representation-benchmark/outputs/runs/tokenized/mimiciv-3.1_meds_70-10-20/deciles_none_unfused_time_rope_numencxval_first_24h-tokenized/test/reg_ridge_regression-preds-model-xval-time_rope.pkl,/gpfs/data/bbj-lab/users/daniel/input-representation-benchmark/outputs/runs/tokenized/mimiciv-3.1_meds_70-10-20/deciles_none_unfused_time_rope_numencxval_first_24h-tokenized/test/tokens_timelines_extended_outcomes.parquet
exp2_extended_regression,regression,max_sodium,xval_rope,r2,True,47942,0.1757709866211398,0.168157626218576,0.1839089665129187,/gpfs/data/bbj-lab/users/daniel/input-representation-benchmark/outputs/runs/tokenized/mimiciv-3.1_meds_70-10-20/deciles_none_unfused_time_rope_numencxval_first_24h-tokenized/test/reg_ridge_regression-preds-model-xval-time_rope.pkl,/gpfs/data/bbj-lab/users/daniel/input-representation-benchmark/outputs/runs/tokenized/mimiciv-3.1_meds_70-10-20/deciles_none_unfused_time_rope_numencxval_first_24h-tokenized/test/tokens_timelines_extended_outcomes.parquet
exp2_extended_regression,regression,max_sodium,xval_rope,mae,False,47942,2.704155061435176,2.6803563739184435,2.726421780812327,/gpfs/data/bbj-lab/users/daniel/input-representation-benchmark/outputs/runs/tokenized/mimiciv-3.1_meds_70-10-20/deciles_none_unfused_time_rope_numencxval_first_24h-tokenized/test/reg_ridge_regression-preds-model-xval-time_rope.pkl,/gpfs/data/bbj-lab/users/daniel/input-representation-benchmark/outputs/runs/tokenized/mimiciv-3.1_meds_70-10-20/deciles_none_unfused_time_rope_numencxval_first_24h-tokenized/test/tokens_timelines_extended_outcomes.parquet
exp2_extended_regression,regression,max_sodium,xval_rope,rmse,False,47942,3.693700517793861,3.6514505877556593,3.7356040113786766,/gpfs/data/bbj-lab/users/daniel/input-representation-benchmark/outputs/runs/tokenized/mimiciv-3.1_meds_70-10-20/deciles_none_unfused_time_rope_numencxval_first_24h-tokenized/test/reg_ridge_regression-preds-model-xval-time_rope.pkl,/gpfs/data/bbj-lab/users/daniel/input-representation-benchmark/outputs/runs/tokenized/mimiciv-3.1_meds_70-10-20/deciles_none_unfused_time_rope_numencxval_first_24h-tokenized/test/tokens_timelines_extended_outcomes.parquet
exp2_extended_regression,regression,max_sodium,xval_affine_rope,spearman_rho,True,47942,0.2738022345833096,0.26541253194741,0.2821757158018373,/gpfs/data/bbj-lab/users/daniel/input-representation-benchmark/outputs/runs/tokenized/mimiciv-3.1_meds_70-10-20/deciles_none_unfused_time_rope_numencxval_first_24h-tokenized/test/reg_ridge_regression-preds-model-xval_affine-time_rope.pkl,/gpfs/data/bbj-lab/users/daniel/input-representation-benchmark/outputs/runs/tokenized/mimiciv-3.1_meds_70-10-20/deciles_none_unfused_time_rope_numencxval_first_24h-tokenized/test/tokens_timelines_extended_outcomes.parquet
exp2_extended_regression,regression,max_sodium,xval_affine_rope,r2,True,47942,0.098686155909435,0.0921822709071423,0.1050855608480743,/gpfs/data/bbj-lab/users/daniel/input-representation-benchmark/outputs/runs/tokenized/mimiciv-3.1_meds_70-10-20/deciles_none_unfused_time_rope_numencxval_first_24h-tokenized/test/reg_ridge_regression-preds-model-xval_affine-time_rope.pkl,/gpfs/data/bbj-lab/users/daniel/input-representation-benchmark/outputs/runs/tokenized/mimiciv-3.1_meds_70-10-20/deciles_none_unfused_time_rope_numencxval_first_24h-tokenized/test/tokens_timelines_extended_outcomes.parquet
exp2_extended_regression,regression,max_sodium,xval_affine_rope,mae,False,47942,2.849029158928081,2.825250032013741,2.8711190095812693,/gpfs/data/bbj-lab/users/daniel/input-representation-benchmark/outputs/runs/tokenized/mimiciv-3.1_meds_70-10-20/deciles_none_unfused_time_rope_numencxval_first_24h-tokenized/test/reg_ridge_regression-preds-model-xval_affine-time_rope.pkl,/gpfs/data/bbj-lab/users/daniel/input-representation-benchmark/outputs/runs/tokenized/mimiciv-3.1_meds_70-10-20/deciles_none_unfused_time_rope_numencxval_first_24h-tokenized/test/tokens_timelines_extended_outcomes.parquet
exp2_extended_regression,regression,max_sodium,xval_affine_rope,rmse,False,47942,3.8625645675373694,3.820865972382932,3.904703282077204,/gpfs/data/bbj-lab/users/daniel/input-representation-benchmark/outputs/runs/tokenized/mimiciv-3.1_meds_70-10-20/deciles_none_unfused_time_rope_numencxval_first_24h-tokenized/test/reg_ridge_regression-preds-model-xval_affine-time_rope.pkl,/gpfs/data/bbj-lab/users/daniel/input-representation-benchmark/outputs/runs/tokenized/mimiciv-3.1_meds_70-10-20/deciles_none_unfused_time_rope_numencxval_first_24h-tokenized/test/tokens_timelines_extended_outcomes.parquet
exp2_extended_regression,regression,min_glucose,discrete_tt,spearman_rho,True,47659,0.3579429564146136,0.349691919664454,0.3658887366913192,/gpfs/data/bbj-lab/users/daniel/input-representation-benchmark/outputs/runs/tokenized/mimiciv-3.1_meds_70-10-20/deciles_none_unfused_time_tokens_first_24h-tokenized/test/reg_ridge_regression-preds-model-discrete-time_tokens.pkl,/gpfs/data/bbj-lab/users/daniel/input-representation-benchmark/outputs/runs/tokenized/mimiciv-3.1_meds_70-10-20/deciles_none_unfused_time_tokens_first_24h-tokenized/test/tokens_timelines_extended_outcomes.parquet
exp2_extended_regression,regression,min_glucose,discrete_tt,r2,True,47659,0.1436603600323347,0.1350528232985501,0.1513400048302479,/gpfs/data/bbj-lab/users/daniel/input-representation-benchmark/outputs/runs/tokenized/mimiciv-3.1_meds_70-10-20/deciles_none_unfused_time_tokens_first_24h-tokenized/test/reg_ridge_regression-preds-model-discrete-time_tokens.pkl,/gpfs/data/bbj-lab/users/daniel/input-representation-benchmark/outputs/runs/tokenized/mimiciv-3.1_meds_70-10-20/deciles_none_unfused_time_tokens_first_24h-tokenized/test/tokens_timelines_extended_outcomes.parquet
exp2_extended_regression,regression,min_glucose,discrete_tt,mae,False,47659,20.215430404011023,20.00038470737079,20.436721599557178,/gpfs/data/bbj-lab/users/daniel/input-representation-benchmark/outputs/runs/tokenized/mimiciv-3.1_meds_70-10-20/deciles_none_unfused_time_tokens_first_24h-tokenized/test/reg_ridge_regression-preds-model-discrete-time_tokens.pkl,/gpfs/data/bbj-lab/users/daniel/input-representation-benchmark/outputs/runs/tokenized/mimiciv-3.1_meds_70-10-20/deciles_none_unfused_time_tokens_first_24h-tokenized/test/tokens_timelines_extended_outcomes.parquet
exp2_extended_regression,regression,min_glucose,discrete_tt,rmse,False,47659,31.203832157701942,30.56197030541059,31.852284853533423,/gpfs/data/bbj-lab/users/daniel/input-representation-benchmark/outputs/runs/tokenized/mimiciv-3.1_meds_70-10-20/deciles_none_unfused_time_tokens_first_24h-tokenized/test/reg_ridge_regression-preds-model-discrete-time_tokens.pkl,/gpfs/data/bbj-lab/users/daniel/input-representation-benchmark/outputs/runs/tokenized/mimiciv-3.1_meds_70-10-20/deciles_none_unfused_time_tokens_first_24h-tokenized/test/tokens_timelines_extended_outcomes.parquet
exp2_extended_regression,regression,min_glucose,soft_tt,spearman_rho,True,47659,0.3409995419711587,0.3318437183143679,0.3486387685766391,/gpfs/data/bbj-lab/users/daniel/input-representation-benchmark/outputs/runs/tokenized/mimiciv-3.1_meds_70-10-20/deciles_none_unfused_time_tokens_first_24h-tokenized/test/reg_ridge_regression-preds-model-soft-time_tokens.pkl,/gpfs/data/bbj-lab/users/daniel/input-representation-benchmark/outputs/runs/tokenized/mimiciv-3.1_meds_70-10-20/deciles_none_unfused_time_tokens_first_24h-tokenized/test/tokens_timelines_extended_outcomes.parquet
exp2_extended_regression,regression,min_glucose,soft_tt,r2,True,47659,0.1314351725435503,0.1230275294559079,0.1388642486179586,/gpfs/data/bbj-lab/users/daniel/input-representation-benchmark/outputs/runs/tokenized/mimiciv-3.1_meds_70-10-20/deciles_none_unfused_time_tokens_first_24h-tokenized/test/reg_ridge_regression-preds-model-soft-time_tokens.pkl,/gpfs/data/bbj-lab/users/daniel/input-representation-benchmark/outputs/runs/tokenized/mimiciv-3.1_meds_70-10-20/deciles_none_unfused_time_tokens_first_24h-tokenized/test/tokens_timelines_extended_outcomes.parquet
exp2_extended_regression,regression,min_glucose,soft_tt,mae,False,47659,20.391952502256448,20.177731820066555,20.6120018877807,/gpfs/data/bbj-lab/users/daniel/input-representation-benchmark/outputs/runs/tokenized/mimiciv-3.1_meds_70-10-20/deciles_none_unfused_time_tokens_first_24h-tokenized/test/reg_ridge_regression-preds-model-soft-time_tokens.pkl,/gpfs/data/bbj-lab/users/daniel/input-representation-benchmark/outputs/runs/tokenized/mimiciv-3.1_meds_70-10-20/deciles_none_unfused_time_tokens_first_24h-tokenized/test/tokens_timelines_extended_outcomes.parquet
exp2_extended_regression,regression,min_glucose,soft_tt,rmse,False,47659,31.42577729953989,30.773476509303737,32.08916713468045,/gpfs/data/bbj-lab/users/daniel/input-representation-benchmark/outputs/runs/tokenized/mimiciv-3.1_meds_70-10-20/deciles_none_unfused_time_tokens_first_24h-tokenized/test/reg_ridge_regression-preds-model-soft-time_tokens.pkl,/gpfs/data/bbj-lab/users/daniel/input-representation-benchmark/outputs/runs/tokenized/mimiciv-3.1_meds_70-10-20/deciles_none_unfused_time_tokens_first_24h-tokenized/test/tokens_timelines_extended_outcomes.parquet
exp2_extended_regression,regression,min_glucose,xval_tt,spearman_rho,True,47659,0.2867445102832319,0.2782293973703709,0.2958358304900389,/gpfs/data/bbj-lab/users/daniel/input-representation-benchmark/outputs/runs/tokenized/mimiciv-3.1_meds_70-10-20/deciles_none_unfused_time_tokens_numencxval_first_24h-tokenized/test/reg_ridge_regression-preds-model-xval-time_tokens.pkl,/gpfs/data/bbj-lab/users/daniel/input-representation-benchmark/outputs/runs/tokenized/mimiciv-3.1_meds_70-10-20/deciles_none_unfused_time_tokens_numencxval_first_24h-tokenized/test/tokens_timelines_extended_outcomes.parquet
exp2_extended_regression,regression,min_glucose,xval_tt,r2,True,47659,0.0894438334874732,0.0826703327800356,0.0963083188509496,/gpfs/data/bbj-lab/users/daniel/input-representation-benchmark/outputs/runs/tokenized/mimiciv-3.1_meds_70-10-20/deciles_none_unfused_time_tokens_numencxval_first_24h-tokenized/test/reg_ridge_regression-preds-model-xval-time_tokens.pkl,/gpfs/data/bbj-lab/users/daniel/input-representation-benchmark/outputs/runs/tokenized/mimiciv-3.1_meds_70-10-20/deciles_none_unfused_time_tokens_numencxval_first_24h-tokenized/test/tokens_timelines_extended_outcomes.parquet
exp2_extended_regression,regression,min_glucose,xval_tt,mae,False,47659,20.79337268599232,20.57642707500053,20.99968656952853,/gpfs/data/bbj-lab/users/daniel/input-representation-benchmark/outputs/runs/tokenized/mimiciv-3.1_meds_70-10-20/deciles_none_unfused_time_tokens_numencxval_first_24h-tokenized/test/reg_ridge_regression-preds-model-xval-time_tokens.pkl,/gpfs/data/bbj-lab/users/daniel/input-representation-benchmark/outputs/runs/tokenized/mimiciv-3.1_meds_70-10-20/deciles_none_unfused_time_tokens_numencxval_first_24h-tokenized/test/tokens_timelines_extended_outcomes.parquet
exp2_extended_regression,regression,min_glucose,xval_tt,rmse,False,47659,32.17646126755112,31.513135938500103,32.82418956015003,/gpfs/data/bbj-lab/users/daniel/input-representation-benchmark/outputs/runs/tokenized/mimiciv-3.1_meds_70-10-20/deciles_none_unfused_time_tokens_numencxval_first_24h-tokenized/test/reg_ridge_regression-preds-model-xval-time_tokens.pkl,/gpfs/data/bbj-lab/users/daniel/input-representation-benchmark/outputs/runs/tokenized/mimiciv-3.1_meds_70-10-20/deciles_none_unfused_time_tokens_numencxval_first_24h-tokenized/test/tokens_timelines_extended_outcomes.parquet
exp2_extended_regression,regression,min_glucose,xval_affine_tt,spearman_rho,True,47659,0.2444942038523342,0.2358064109477698,0.25352553890699,/gpfs/data/bbj-lab/users/daniel/input-representation-benchmark/outputs/runs/tokenized/mimiciv-3.1_meds_70-10-20/deciles_none_unfused_time_tokens_numencxval_first_24h-tokenized/test/reg_ridge_regression-preds-model-xval_affine-time_tokens.pkl,/gpfs/data/bbj-lab/users/daniel/input-representation-benchmark/outputs/runs/tokenized/mimiciv-3.1_meds_70-10-20/deciles_none_unfused_time_tokens_numencxval_first_24h-tokenized/test/tokens_timelines_extended_outcomes.parquet
exp2_extended_regression,regression,min_glucose,xval_affine_tt,r2,True,47659,0.0689244604063703,0.063156048825003,0.0748308270501281,/gpfs/data/bbj-lab/users/daniel/input-representation-benchmark/outputs/runs/tokenized/mimiciv-3.1_meds_70-10-20/deciles_none_unfused_time_tokens_numencxval_first_24h-tokenized/test/reg_ridge_regression-preds-model-xval_affine-time_tokens.pkl,/gpfs/data/bbj-lab/users/daniel/input-representation-benchmark/outputs/runs/tokenized/mimiciv-3.1_meds_70-10-20/deciles_none_unfused_time_tokens_numencxval_first_24h-tokenized/test/tokens_timelines_extended_outcomes.parquet
exp2_extended_regression,regression,min_glucose,xval_affine_tt,mae,False,47659,21.090614725839924,20.87039015266984,21.305596878950382,/gpfs/data/bbj-lab/users/daniel/input-representation-benchmark/outputs/runs/tokenized/mimiciv-3.1_meds_70-10-20/deciles_none_unfused_time_tokens_numencxval_first_24h-tokenized/test/reg_ridge_regression-preds-model-xval_affine-time_tokens.pkl,/gpfs/data/bbj-lab/users/daniel/input-representation-benchmark/outputs/runs/tokenized/mimiciv-3.1_meds_70-10-20/deciles_none_unfused_time_tokens_numencxval_first_24h-tokenized/test/tokens_timelines_extended_outcomes.parquet
exp2_extended_regression,regression,min_glucose,xval_affine_tt,rmse,False,47659,32.536989556336025,31.850354704516118,33.178394247863224,/gpfs/data/bbj-lab/users/daniel/input-representation-benchmark/outputs/runs/tokenized/mimiciv-3.1_meds_70-10-20/deciles_none_unfused_time_tokens_numencxval_first_24h-tokenized/test/reg_ridge_regression-preds-model-xval_affine-time_tokens.pkl,/gpfs/data/bbj-lab/users/daniel/input-representation-benchmark/outputs/runs/tokenized/mimiciv-3.1_meds_70-10-20/deciles_none_unfused_time_tokens_numencxval_first_24h-tokenized/test/tokens_timelines_extended_outcomes.parquet
exp2_extended_regression,regression,min_glucose,discrete_rope,spearman_rho,True,47659,0.3625854692831903,0.3540857482389374,0.3706037181274244,/gpfs/data/bbj-lab/users/daniel/input-representation-benchmark/outputs/runs/tokenized/mimiciv-3.1_meds_70-10-20/deciles_none_unfused_time_rope_first_24h-tokenized/test/reg_ridge_regression-preds-model-discrete-time_rope.pkl,/gpfs/data/bbj-lab/users/daniel/input-representation-benchmark/outputs/runs/tokenized/mimiciv-3.1_meds_70-10-20/deciles_none_unfused_time_rope_first_24h-tokenized/test/tokens_timelines_extended_outcomes.parquet
exp2_extended_regression,regression,min_glucose,discrete_rope,r2,True,47659,0.1532749133252771,0.144328934100111,0.1615453805361864,/gpfs/data/bbj-lab/users/daniel/input-representation-benchmark/outputs/runs/tokenized/mimiciv-3.1_meds_70-10-20/deciles_none_unfused_time_rope_first_24h-tokenized/test/reg_ridge_regression-preds-model-discrete-time_rope.pkl,/gpfs/data/bbj-lab/users/daniel/input-representation-benchmark/outputs/runs/tokenized/mimiciv-3.1_meds_70-10-20/deciles_none_unfused_time_rope_first_24h-tokenized/test/tokens_timelines_extended_outcomes.parquet
exp2_extended_regression,regression,min_glucose,discrete_rope,mae,False,47659,20.076465816655958,19.87184614544851,20.298533601815794,/gpfs/data/bbj-lab/users/daniel/input-representation-benchmark/outputs/runs/tokenized/mimiciv-3.1_meds_70-10-20/deciles_none_unfused_time_rope_first_24h-tokenized/test/reg_ridge_regression-preds-model-discrete-time_rope.pkl,/gpfs/data/bbj-lab/users/daniel/input-representation-benchmark/outputs/runs/tokenized/mimiciv-3.1_meds_70-10-20/deciles_none_unfused_time_rope_first_24h-tokenized/test/tokens_timelines_extended_outcomes.parquet
exp2_extended_regression,regression,min_glucose,discrete_rope,rmse,False,47659,31.028167183764136,30.38803241667881,31.70357383418907,/gpfs/data/bbj-lab/users/daniel/input-representation-benchmark/outputs/runs/tokenized/mimiciv-3.1_meds_70-10-20/deciles_none_unfused_time_rope_first_24h-tokenized/test/reg_ridge_regression-preds-model-discrete-time_rope.pkl,/gpfs/data/bbj-lab/users/daniel/input-representation-benchmark/outputs/runs/tokenized/mimiciv-3.1_meds_70-10-20/deciles_none_unfused_time_rope_first_24h-tokenized/test/tokens_timelines_extended_outcomes.parquet
exp2_extended_regression,regression,min_glucose,soft_rope,spearman_rho,True,47659,0.3543698767512793,0.3457657189550215,0.3628352506584971,/gpfs/data/bbj-lab/users/daniel/input-representation-benchmark/outputs/runs/tokenized/mimiciv-3.1_meds_70-10-20/deciles_none_unfused_time_rope_first_24h-tokenized/test/reg_ridge_regression-preds-model-soft-time_rope.pkl,/gpfs/data/bbj-lab/users/daniel/input-representation-benchmark/outputs/runs/tokenized/mimiciv-3.1_meds_70-10-20/deciles_none_unfused_time_rope_first_24h-tokenized/test/tokens_timelines_extended_outcomes.parquet
exp2_extended_regression,regression,min_glucose,soft_rope,r2,True,47659,0.1529432433501824,0.1437902553247291,0.1613314629393424,/gpfs/data/bbj-lab/users/daniel/input-representation-benchmark/outputs/runs/tokenized/mimiciv-3.1_meds_70-10-20/deciles_none_unfused_time_rope_first_24h-tokenized/test/reg_ridge_regression-preds-model-soft-time_rope.pkl,/gpfs/data/bbj-lab/users/daniel/input-representation-benchmark/outputs/runs/tokenized/mimiciv-3.1_meds_70-10-20/deciles_none_unfused_time_rope_first_24h-tokenized/test/tokens_timelines_extended_outcomes.parquet
exp2_extended_regression,regression,min_glucose,soft_rope,mae,False,47659,20.125473180799776,19.917629848423264,20.344096193920784,/gpfs/data/bbj-lab/users/daniel/input-representation-benchmark/outputs/runs/tokenized/mimiciv-3.1_meds_70-10-20/deciles_none_unfused_time_rope_first_24h-tokenized/test/reg_ridge_regression-preds-model-soft-time_rope.pkl,/gpfs/data/bbj-lab/users/daniel/input-representation-benchmark/outputs/runs/tokenized/mimiciv-3.1_meds_70-10-20/deciles_none_unfused_time_rope_first_24h-tokenized/test/tokens_timelines_extended_outcomes.parquet
exp2_extended_regression,regression,min_glucose,soft_rope,rmse,False,47659,31.034243597476024,30.400346553043228,31.727104053939478,/gpfs/data/bbj-lab/users/daniel/input-representation-benchmark/outputs/runs/tokenized/mimiciv-3.1_meds_70-10-20/deciles_none_unfused_time_rope_first_24h-tokenized/test/reg_ridge_regression-preds-model-soft-time_rope.pkl,/gpfs/data/bbj-lab/users/daniel/input-representation-benchmark/outputs/runs/tokenized/mimiciv-3.1_meds_70-10-20/deciles_none_unfused_time_rope_first_24h-tokenized/test/tokens_timelines_extended_outcomes.parquet
exp2_extended_regression,regression,min_glucose,xval_rope,spearman_rho,True,47659,0.275788982582094,0.2670955520609396,0.2840885429162254,/gpfs/data/bbj-lab/users/daniel/input-representation-benchmark/outputs/runs/tokenized/mimiciv-3.1_meds_70-10-20/deciles_none_unfused_time_rope_numencxval_first_24h-tokenized/test/reg_ridge_regression-preds-model-xval-time_rope.pkl,/gpfs/data/bbj-lab/users/daniel/input-representation-benchmark/outputs/runs/tokenized/mimiciv-3.1_meds_70-10-20/deciles_none_unfused_time_rope_numencxval_first_24h-tokenized/test/tokens_timelines_extended_outcomes.parquet
exp2_extended_regression,regression,min_glucose,xval_rope,r2,True,47659,0.0859608004543189,0.0798361374695771,0.0920509146786707,/gpfs/data/bbj-lab/users/daniel/input-representation-benchmark/outputs/runs/tokenized/mimiciv-3.1_meds_70-10-20/deciles_none_unfused_time_rope_numencxval_first_24h-tokenized/test/reg_ridge_regression-preds-model-xval-time_rope.pkl,/gpfs/data/bbj-lab/users/daniel/input-representation-benchmark/outputs/runs/tokenized/mimiciv-3.1_meds_70-10-20/deciles_none_unfused_time_rope_numencxval_first_24h-tokenized/test/tokens_timelines_extended_outcomes.parquet
exp2_extended_regression,regression,min_glucose,xval_rope,mae,False,47659,20.844855528714355,20.62387637137253,21.07281642561321,/gpfs/data/bbj-lab/users/daniel/input-representation-benchmark/outputs/runs/tokenized/mimiciv-3.1_meds_70-10-20/deciles_none_unfused_time_rope_numencxval_first_24h-tokenized/test/reg_ridge_regression-preds-model-xval-time_rope.pkl,/gpfs/data/bbj-lab/users/daniel/input-representation-benchmark/outputs/runs/tokenized/mimiciv-3.1_meds_70-10-20/deciles_none_unfused_time_rope_numencxval_first_24h-tokenized/test/tokens_timelines_extended_outcomes.parquet
exp2_extended_regression,regression,min_glucose,xval_rope,rmse,False,47659,32.23794276246579,31.604200221686018,32.93525752443477,/gpfs/data/bbj-lab/users/daniel/input-representation-benchmark/outputs/runs/tokenized/mimiciv-3.1_meds_70-10-20/deciles_none_unfused_time_rope_numencxval_first_24h-tokenized/test/reg_ridge_regression-preds-model-xval-time_rope.pkl,/gpfs/data/bbj-lab/users/daniel/input-representation-benchmark/outputs/runs/tokenized/mimiciv-3.1_meds_70-10-20/deciles_none_unfused_time_rope_numencxval_first_24h-tokenized/test/tokens_timelines_extended_outcomes.parquet
exp2_extended_regression,regression,min_glucose,xval_affine_rope,spearman_rho,True,47659,0.232337087610656,0.2233243481169937,0.2411602973718622,/gpfs/data/bbj-lab/users/daniel/input-representation-benchmark/outputs/runs/tokenized/mimiciv-3.1_meds_70-10-20/deciles_none_unfused_time_rope_numencxval_first_24h-tokenized/test/reg_ridge_regression-preds-model-xval_affine-time_rope.pkl,/gpfs/data/bbj-lab/users/daniel/input-representation-benchmark/outputs/runs/tokenized/mimiciv-3.1_meds_70-10-20/deciles_none_unfused_time_rope_numencxval_first_24h-tokenized/test/tokens_timelines_extended_outcomes.parquet
exp2_extended_regression,regression,min_glucose,xval_affine_rope,r2,True,47659,0.062858356713965,0.0565860110940342,0.0686405186191935,/gpfs/data/bbj-lab/users/daniel/input-representation-benchmark/outputs/runs/tokenized/mimiciv-3.1_meds_70-10-20/deciles_none_unfused_time_rope_numencxval_first_24h-tokenized/test/reg_ridge_regression-preds-model-xval_affine-time_rope.pkl,/gpfs/data/bbj-lab/users/daniel/input-representation-benchmark/outputs/runs/tokenized/mimiciv-3.1_meds_70-10-20/deciles_none_unfused_time_rope_numencxval_first_24h-tokenized/test/tokens_timelines_extended_outcomes.parquet
exp2_extended_regression,regression,min_glucose,xval_affine_rope,mae,False,47659,21.11972384443898,20.89570324872292,21.3497025128784,/gpfs/data/bbj-lab/users/daniel/input-representation-benchmark/outputs/runs/tokenized/mimiciv-3.1_meds_70-10-20/deciles_none_unfused_time_rope_numencxval_first_24h-tokenized/test/reg_ridge_regression-preds-model-xval_affine-time_rope.pkl,/gpfs/data/bbj-lab/users/daniel/input-representation-benchmark/outputs/runs/tokenized/mimiciv-3.1_meds_70-10-20/deciles_none_unfused_time_rope_numencxval_first_24h-tokenized/test/tokens_timelines_extended_outcomes.parquet
exp2_extended_regression,regression,min_glucose,xval_affine_rope,rmse,False,47659,32.642809282269944,32.00634109327724,33.353172965333336,/gpfs/data/bbj-lab/users/daniel/input-representation-benchmark/outputs/runs/tokenized/mimiciv-3.1_meds_70-10-20/deciles_none_unfused_time_rope_numencxval_first_24h-tokenized/test/reg_ridge_regression-preds-model-xval_affine-time_rope.pkl,/gpfs/data/bbj-lab/users/daniel/input-representation-benchmark/outputs/runs/tokenized/mimiciv-3.1_meds_70-10-20/deciles_none_unfused_time_rope_numencxval_first_24h-tokenized/test/tokens_timelines_extended_outcomes.parquet
exp2_extended_regression,regression,min_hemoglobin,discrete_tt,spearman_rho,True,48401,0.7208938300628004,0.7160073290510448,0.7257540804229629,/gpfs/data/bbj-lab/users/daniel/input-representation-benchmark/outputs/runs/tokenized/mimiciv-3.1_meds_70-10-20/deciles_none_unfused_time_tokens_first_24h-tokenized/test/reg_ridge_regression-preds-model-discrete-time_tokens.pkl,/gpfs/data/bbj-lab/users/daniel/input-representation-benchmark/outputs/runs/tokenized/mimiciv-3.1_meds_70-10-20/deciles_none_unfused_time_tokens_first_24h-tokenized/test/tokens_timelines_extended_outcomes.parquet
exp2_extended_regression,regression,min_hemoglobin,discrete_tt,r2,True,48401,0.5035624291383081,0.4968156837083376,0.510325354483854,/gpfs/data/bbj-lab/users/daniel/input-representation-benchmark/outputs/runs/tokenized/mimiciv-3.1_meds_70-10-20/deciles_none_unfused_time_tokens_first_24h-tokenized/test/reg_ridge_regression-preds-model-discrete-time_tokens.pkl,/gpfs/data/bbj-lab/users/daniel/input-representation-benchmark/outputs/runs/tokenized/mimiciv-3.1_meds_70-10-20/deciles_none_unfused_time_tokens_first_24h-tokenized/test/tokens_timelines_extended_outcomes.parquet
exp2_extended_regression,regression,min_hemoglobin,discrete_tt,mae,False,48401,1.190481129410819,1.1814258798742814,1.1995360050020267,/gpfs/data/bbj-lab/users/daniel/input-representation-benchmark/outputs/runs/tokenized/mimiciv-3.1_meds_70-10-20/deciles_none_unfused_time_tokens_first_24h-tokenized/test/reg_ridge_regression-preds-model-discrete-time_tokens.pkl,/gpfs/data/bbj-lab/users/daniel/input-representation-benchmark/outputs/runs/tokenized/mimiciv-3.1_meds_70-10-20/deciles_none_unfused_time_tokens_first_24h-tokenized/test/tokens_timelines_extended_outcomes.parquet
exp2_extended_regression,regression,min_hemoglobin,discrete_tt,rmse,False,48401,1.553344560575778,1.5408791270754472,1.5654429667452228,/gpfs/data/bbj-lab/users/daniel/input-representation-benchmark/outputs/runs/tokenized/mimiciv-3.1_meds_70-10-20/deciles_none_unfused_time_tokens_first_24h-tokenized/test/reg_ridge_regression-preds-model-discrete-time_tokens.pkl,/gpfs/data/bbj-lab/users/daniel/input-representation-benchmark/outputs/runs/tokenized/mimiciv-3.1_meds_70-10-20/deciles_none_unfused_time_tokens_first_24h-tokenized/test/tokens_timelines_extended_outcomes.parquet
exp2_extended_regression,regression,min_hemoglobin,soft_tt,spearman_rho,True,48401,0.7255319299880778,0.7205903588369146,0.730656026717264,/gpfs/data/bbj-lab/users/daniel/input-representation-benchmark/outputs/runs/tokenized/mimiciv-3.1_meds_70-10-20/deciles_none_unfused_time_tokens_first_24h-tokenized/test/reg_ridge_regression-preds-model-soft-time_tokens.pkl,/gpfs/data/bbj-lab/users/daniel/input-representation-benchmark/outputs/runs/tokenized/mimiciv-3.1_meds_70-10-20/deciles_none_unfused_time_tokens_first_24h-tokenized/test/tokens_timelines_extended_outcomes.parquet
exp2_extended_regression,regression,min_hemoglobin,soft_tt,r2,True,48401,0.5105679590890322,0.503914219796024,0.5174950133134724,/gpfs/data/bbj-lab/users/daniel/input-representation-benchmark/outputs/runs/tokenized/mimiciv-3.1_meds_70-10-20/deciles_none_unfused_time_tokens_first_24h-tokenized/test/reg_ridge_regression-preds-model-soft-time_tokens.pkl,/gpfs/data/bbj-lab/users/daniel/input-representation-benchmark/outputs/runs/tokenized/mimiciv-3.1_meds_70-10-20/deciles_none_unfused_time_tokens_first_24h-tokenized/test/tokens_timelines_extended_outcomes.parquet
exp2_extended_regression,regression,min_hemoglobin,soft_tt,mae,False,48401,1.177721389315746,1.1684909177152591,1.186498782829042,/gpfs/data/bbj-lab/users/daniel/input-representation-benchmark/outputs/runs/tokenized/mimiciv-3.1_meds_70-10-20/deciles_none_unfused_time_tokens_first_24h-tokenized/test/reg_ridge_regression-preds-model-soft-time_tokens.pkl,/gpfs/data/bbj-lab/users/daniel/input-representation-benchmark/outputs/runs/tokenized/mimiciv-3.1_meds_70-10-20/deciles_none_unfused_time_tokens_first_24h-tokenized/test/tokens_timelines_extended_outcomes.parquet
exp2_extended_regression,regression,min_hemoglobin,soft_tt,rmse,False,48401,1.5423455282743488,1.5295160448642802,1.5542342930286313,/gpfs/data/bbj-lab/users/daniel/input-representation-benchmark/outputs/runs/tokenized/mimiciv-3.1_meds_70-10-20/deciles_none_unfused_time_tokens_first_24h-tokenized/test/reg_ridge_regression-preds-model-soft-time_tokens.pkl,/gpfs/data/bbj-lab/users/daniel/input-representation-benchmark/outputs/runs/tokenized/mimiciv-3.1_meds_70-10-20/deciles_none_unfused_time_tokens_first_24h-tokenized/test/tokens_timelines_extended_outcomes.parquet
exp2_extended_regression,regression,min_hemoglobin,xval_tt,spearman_rho,True,48401,0.5700406304300915,0.5639380341773983,0.5764295947890371,/gpfs/data/bbj-lab/users/daniel/input-representation-benchmark/outputs/runs/tokenized/mimiciv-3.1_meds_70-10-20/deciles_none_unfused_time_tokens_numencxval_first_24h-tokenized/test/reg_ridge_regression-preds-model-xval-time_tokens.pkl,/gpfs/data/bbj-lab/users/daniel/input-representation-benchmark/outputs/runs/tokenized/mimiciv-3.1_meds_70-10-20/deciles_none_unfused_time_tokens_numencxval_first_24h-tokenized/test/tokens_timelines_extended_outcomes.parquet
exp2_extended_regression,regression,min_hemoglobin,xval_tt,r2,True,48401,0.3335792239219226,0.3269549237250543,0.3400686958383774,/gpfs/data/bbj-lab/users/daniel/input-representation-benchmark/outputs/runs/tokenized/mimiciv-3.1_meds_70-10-20/deciles_none_unfused_time_tokens_numencxval_first_24h-tokenized/test/reg_ridge_regression-preds-model-xval-time_tokens.pkl,/gpfs/data/bbj-lab/users/daniel/input-representation-benchmark/outputs/runs/tokenized/mimiciv-3.1_meds_70-10-20/deciles_none_unfused_time_tokens_numencxval_first_24h-tokenized/test/tokens_timelines_extended_outcomes.parquet
exp2_extended_regression,regression,min_hemoglobin,xval_tt,mae,False,48401,1.402449009794238,1.3925856961025025,1.4124034451308067,/gpfs/data/bbj-lab/users/daniel/input-representation-benchmark/outputs/runs/tokenized/mimiciv-3.1_meds_70-10-20/deciles_none_unfused_time_tokens_numencxval_first_24h-tokenized/test/reg_ridge_regression-preds-model-xval-time_tokens.pkl,/gpfs/data/bbj-lab/users/daniel/input-representation-benchmark/outputs/runs/tokenized/mimiciv-3.1_meds_70-10-20/deciles_none_unfused_time_tokens_numencxval_first_24h-tokenized/test/tokens_timelines_extended_outcomes.parquet
exp2_extended_regression,regression,min_hemoglobin,xval_tt,rmse,False,48401,1.7997398959166546,1.7873433681965545,1.8117554646253704,/gpfs/data/bbj-lab/users/daniel/input-representation-benchmark/outputs/runs/tokenized/mimiciv-3.1_meds_70-10-20/deciles_none_unfused_time_tokens_numencxval_first_24h-tokenized/test/reg_ridge_regression-preds-model-xval-time_tokens.pkl,/gpfs/data/bbj-lab/users/daniel/input-representation-benchmark/outputs/runs/tokenized/mimiciv-3.1_meds_70-10-20/deciles_none_unfused_time_tokens_numencxval_first_24h-tokenized/test/tokens_timelines_extended_outcomes.parquet
exp2_extended_regression,regression,min_hemoglobin,xval_affine_tt,spearman_rho,True,48401,0.5335832199287286,0.5270835005930057,0.5399888537289597,/gpfs/data/bbj-lab/users/daniel/input-representation-benchmark/outputs/runs/tokenized/mimiciv-3.1_meds_70-10-20/deciles_none_unfused_time_tokens_numencxval_first_24h-tokenized/test/reg_ridge_regression-preds-model-xval_affine-time_tokens.pkl,/gpfs/data/bbj-lab/users/daniel/input-representation-benchmark/outputs/runs/tokenized/mimiciv-3.1_meds_70-10-20/deciles_none_unfused_time_tokens_numencxval_first_24h-tokenized/test/tokens_timelines_extended_outcomes.parquet
exp2_extended_regression,regression,min_hemoglobin,xval_affine_tt,r2,True,48401,0.2887085068152848,0.2817736375224416,0.2951051560361722,/gpfs/data/bbj-lab/users/daniel/input-representation-benchmark/outputs/runs/tokenized/mimiciv-3.1_meds_70-10-20/deciles_none_unfused_time_tokens_numencxval_first_24h-tokenized/test/reg_ridge_regression-preds-model-xval_affine-time_tokens.pkl,/gpfs/data/bbj-lab/users/daniel/input-representation-benchmark/outputs/runs/tokenized/mimiciv-3.1_meds_70-10-20/deciles_none_unfused_time_tokens_numencxval_first_24h-tokenized/test/tokens_timelines_extended_outcomes.parquet
exp2_extended_regression,regression,min_hemoglobin,xval_affine_tt,mae,False,48401,1.4683708374417936,1.4581795723812865,1.4785140131960004,/gpfs/data/bbj-lab/users/daniel/input-representation-benchmark/outputs/runs/tokenized/mimiciv-3.1_meds_70-10-20/deciles_none_unfused_time_tokens_numencxval_first_24h-tokenized/test/reg_ridge_regression-preds-model-xval_affine-time_tokens.pkl,/gpfs/data/bbj-lab/users/daniel/input-representation-benchmark/outputs/runs/tokenized/mimiciv-3.1_meds_70-10-20/deciles_none_unfused_time_tokens_numencxval_first_24h-tokenized/test/tokens_timelines_extended_outcomes.parquet
exp2_extended_regression,regression,min_hemoglobin,xval_affine_tt,rmse,False,48401,1.8593420336310085,1.847090590943232,1.8714899972477197,/gpfs/data/bbj-lab/users/daniel/input-representation-benchmark/outputs/runs/tokenized/mimiciv-3.1_meds_70-10-20/deciles_none_unfused_time_tokens_numencxval_first_24h-tokenized/test/reg_ridge_regression-preds-model-xval_affine-time_tokens.pkl,/gpfs/data/bbj-lab/users/daniel/input-representation-benchmark/outputs/runs/tokenized/mimiciv-3.1_meds_70-10-20/deciles_none_unfused_time_tokens_numencxval_first_24h-tokenized/test/tokens_timelines_extended_outcomes.parquet
exp2_extended_regression,regression,min_hemoglobin,discrete_rope,spearman_rho,True,48401,0.7324208127902054,0.7276721845888726,0.736977717762376,/gpfs/data/bbj-lab/users/daniel/input-representation-benchmark/outputs/runs/tokenized/mimiciv-3.1_meds_70-10-20/deciles_none_unfused_time_rope_first_24h-tokenized/test/reg_ridge_regression-preds-model-discrete-time_rope.pkl,/gpfs/data/bbj-lab/users/daniel/input-representation-benchmark/outputs/runs/tokenized/mimiciv-3.1_meds_70-10-20/deciles_none_unfused_time_rope_first_24h-tokenized/test/tokens_timelines_extended_outcomes.parquet
exp2_extended_regression,regression,min_hemoglobin,discrete_rope,r2,True,48401,0.5206310576294346,0.5142204229209337,0.5272190804849142,/gpfs/data/bbj-lab/users/daniel/input-representation-benchmark/outputs/runs/tokenized/mimiciv-3.1_meds_70-10-20/deciles_none_unfused_time_rope_first_24h-tokenized/test/reg_ridge_regression-preds-model-discrete-time_rope.pkl,/gpfs/data/bbj-lab/users/daniel/input-representation-benchmark/outputs/runs/tokenized/mimiciv-3.1_meds_70-10-20/deciles_none_unfused_time_rope_first_24h-tokenized/test/tokens_timelines_extended_outcomes.parquet
exp2_extended_regression,regression,min_hemoglobin,discrete_rope,mae,False,48401,1.1647165337286325,1.1562147742561448,1.173519728891326,/gpfs/data/bbj-lab/users/daniel/input-representation-benchmark/outputs/runs/tokenized/mimiciv-3.1_meds_70-10-20/deciles_none_unfused_time_rope_first_24h-tokenized/test/reg_ridge_regression-preds-model-discrete-time_rope.pkl,/gpfs/data/bbj-lab/users/daniel/input-representation-benchmark/outputs/runs/tokenized/mimiciv-3.1_meds_70-10-20/deciles_none_unfused_time_rope_first_24h-tokenized/test/tokens_timelines_extended_outcomes.parquet
exp2_extended_regression,regression,min_hemoglobin,discrete_rope,rmse,False,48401,1.526407272956651,1.514430841480688,1.53883655520108,/gpfs/data/bbj-lab/users/daniel/input-representation-benchmark/outputs/runs/tokenized/mimiciv-3.1_meds_70-10-20/deciles_none_unfused_time_rope_first_24h-tokenized/test/reg_ridge_regression-preds-model-discrete-time_rope.pkl,/gpfs/data/bbj-lab/users/daniel/input-representation-benchmark/outputs/runs/tokenized/mimiciv-3.1_meds_70-10-20/deciles_none_unfused_time_rope_first_24h-tokenized/test/tokens_timelines_extended_outcomes.parquet
exp2_extended_regression,regression,min_hemoglobin,soft_rope,spearman_rho,True,48401,0.7296466187527624,0.724820657513193,0.7342037336871046,/gpfs/data/bbj-lab/users/daniel/input-representation-benchmark/outputs/runs/tokenized/mimiciv-3.1_meds_70-10-20/deciles_none_unfused_time_rope_first_24h-tokenized/test/reg_ridge_regression-preds-model-soft-time_rope.pkl,/gpfs/data/bbj-lab/users/daniel/input-representation-benchmark/outputs/runs/tokenized/mimiciv-3.1_meds_70-10-20/deciles_none_unfused_time_rope_first_24h-tokenized/test/tokens_timelines_extended_outcomes.parquet
exp2_extended_regression,regression,min_hemoglobin,soft_rope,r2,True,48401,0.5163068226180725,0.5097857975532177,0.5229192582217547,/gpfs/data/bbj-lab/users/daniel/input-representation-benchmark/outputs/runs/tokenized/mimiciv-3.1_meds_70-10-20/deciles_none_unfused_time_rope_first_24h-tokenized/test/reg_ridge_regression-preds-model-soft-time_rope.pkl,/gpfs/data/bbj-lab/users/daniel/input-representation-benchmark/outputs/runs/tokenized/mimiciv-3.1_meds_70-10-20/deciles_none_unfused_time_rope_first_24h-tokenized/test/tokens_timelines_extended_outcomes.parquet
exp2_extended_regression,regression,min_hemoglobin,soft_rope,mae,False,48401,1.1681045318812393,1.159419440801864,1.1768833545727628,/gpfs/data/bbj-lab/users/daniel/input-representation-benchmark/outputs/runs/tokenized/mimiciv-3.1_meds_70-10-20/deciles_none_unfused_time_rope_first_24h-tokenized/test/reg_ridge_regression-preds-model-soft-time_rope.pkl,/gpfs/data/bbj-lab/users/daniel/input-representation-benchmark/outputs/runs/tokenized/mimiciv-3.1_meds_70-10-20/deciles_none_unfused_time_rope_first_24h-tokenized/test/tokens_timelines_extended_outcomes.parquet
exp2_extended_regression,regression,min_hemoglobin,soft_rope,rmse,False,48401,1.5332764342630372,1.5212401587537956,1.545485371336094,/gpfs/data/bbj-lab/users/daniel/input-representation-benchmark/outputs/runs/tokenized/mimiciv-3.1_meds_70-10-20/deciles_none_unfused_time_rope_first_24h-tokenized/test/reg_ridge_regression-preds-model-soft-time_rope.pkl,/gpfs/data/bbj-lab/users/daniel/input-representation-benchmark/outputs/runs/tokenized/mimiciv-3.1_meds_70-10-20/deciles_none_unfused_time_rope_first_24h-tokenized/test/tokens_timelines_extended_outcomes.parquet
exp2_extended_regression,regression,min_hemoglobin,xval_rope,spearman_rho,True,48401,0.5848961497985612,0.5785037272588747,0.5910438522134659,/gpfs/data/bbj-lab/users/daniel/input-representation-benchmark/outputs/runs/tokenized/mimiciv-3.1_meds_70-10-20/deciles_none_unfused_time_rope_numencxval_first_24h-tokenized/test/reg_ridge_regression-preds-model-xval-time_rope.pkl,/gpfs/data/bbj-lab/users/daniel/input-representation-benchmark/outputs/runs/tokenized/mimiciv-3.1_meds_70-10-20/deciles_none_unfused_time_rope_numencxval_first_24h-tokenized/test/tokens_timelines_extended_outcomes.parquet
exp2_extended_regression,regression,min_hemoglobin,xval_rope,r2,True,48401,0.3513775777480539,0.3446874202972954,0.3578383105788176,/gpfs/data/bbj-lab/users/daniel/input-representation-benchmark/outputs/runs/tokenized/mimiciv-3.1_meds_70-10-20/deciles_none_unfused_time_rope_numencxval_first_24h-tokenized/test/reg_ridge_regression-preds-model-xval-time_rope.pkl,/gpfs/data/bbj-lab/users/daniel/input-representation-benchmark/outputs/runs/tokenized/mimiciv-3.1_meds_70-10-20/deciles_none_unfused_time_rope_numencxval_first_24h-tokenized/test/tokens_timelines_extended_outcomes.parquet
exp2_extended_regression,regression,min_hemoglobin,xval_rope,mae,False,48401,1.37490537947159,1.3650870487911508,1.3845895376726949,/gpfs/data/bbj-lab/users/daniel/input-representation-benchmark/outputs/runs/tokenized/mimiciv-3.1_meds_70-10-20/deciles_none_unfused_time_rope_numencxval_first_24h-tokenized/test/reg_ridge_regression-preds-model-xval-time_rope.pkl,/gpfs/data/bbj-lab/users/daniel/input-representation-benchmark/outputs/runs/tokenized/mimiciv-3.1_meds_70-10-20/deciles_none_unfused_time_rope_numencxval_first_24h-tokenized/test/tokens_timelines_extended_outcomes.parquet
exp2_extended_regression,regression,min_hemoglobin,xval_rope,rmse,False,48401,1.7755440810052965,1.763314556184233,1.7876946284602055,/gpfs/data/bbj-lab/users/daniel/input-representation-benchmark/outputs/runs/tokenized/mimiciv-3.1_meds_70-10-20/deciles_none_unfused_time_rope_numencxval_first_24h-tokenized/test/reg_ridge_regression-preds-model-xval-time_rope.pkl,/gpfs/data/bbj-lab/users/daniel/input-representation-benchmark/outputs/runs/tokenized/mimiciv-3.1_meds_70-10-20/deciles_none_unfused_time_rope_numencxval_first_24h-tokenized/test/tokens_timelines_extended_outcomes.parquet
exp2_extended_regression,regression,min_hemoglobin,xval_affine_rope,spearman_rho,True,48401,0.517619859393523,0.510488220223078,0.5244462266031277,/gpfs/data/bbj-lab/users/daniel/input-representation-benchmark/outputs/runs/tokenized/mimiciv-3.1_meds_70-10-20/deciles_none_unfused_time_rope_numencxval_first_24h-tokenized/test/reg_ridge_regression-preds-model-xval_affine-time_rope.pkl,/gpfs/data/bbj-lab/users/daniel/input-representation-benchmark/outputs/runs/tokenized/mimiciv-3.1_meds_70-10-20/deciles_none_unfused_time_rope_numencxval_first_24h-tokenized/test/tokens_timelines_extended_outcomes.parquet
exp2_extended_regression,regression,min_hemoglobin,xval_affine_rope,r2,True,48401,0.2695749151990357,0.2629221687796345,0.2760479470599116,/gpfs/data/bbj-lab/users/daniel/input-representation-benchmark/outputs/runs/tokenized/mimiciv-3.1_meds_70-10-20/deciles_none_unfused_time_rope_numencxval_first_24h-tokenized/test/reg_ridge_regression-preds-model-xval_affine-time_rope.pkl,/gpfs/data/bbj-lab/users/daniel/input-representation-benchmark/outputs/runs/tokenized/mimiciv-3.1_meds_70-10-20/deciles_none_unfused_time_rope_numencxval_first_24h-tokenized/test/tokens_timelines_extended_outcomes.parquet
exp2_extended_regression,regression,min_hemoglobin,xval_affine_rope,mae,False,48401,1.4918159485119185,1.4820610781003725,1.501877942264057,/gpfs/data/bbj-lab/users/daniel/input-representation-benchmark/outputs/runs/tokenized/mimiciv-3.1_meds_70-10-20/deciles_none_unfused_time_rope_numencxval_first_24h-tokenized/test/reg_ridge_regression-preds-model-xval_affine-time_rope.pkl,/gpfs/data/bbj-lab/users/daniel/input-representation-benchmark/outputs/runs/tokenized/mimiciv-3.1_meds_70-10-20/deciles_none_unfused_time_rope_numencxval_first_24h-tokenized/test/tokens_timelines_extended_outcomes.parquet
exp2_extended_regression,regression,min_hemoglobin,xval_affine_rope,rmse,False,48401,1.8841840359744384,1.8719120086246837,1.8965067257637709,/gpfs/data/bbj-lab/users/daniel/input-representation-benchmark/outputs/runs/tokenized/mimiciv-3.1_meds_70-10-20/deciles_none_unfused_time_rope_numencxval_first_24h-tokenized/test/reg_ridge_regression-preds-model-xval_affine-time_rope.pkl,/gpfs/data/bbj-lab/users/daniel/input-representation-benchmark/outputs/runs/tokenized/mimiciv-3.1_meds_70-10-20/deciles_none_unfused_time_rope_numencxval_first_24h-tokenized/test/tokens_timelines_extended_outcomes.parquet
exp2_extended_regression,regression,min_potassium,discrete_tt,spearman_rho,True,48074,0.4851164867227017,0.4783341201213529,0.4923459793151336,/gpfs/data/bbj-lab/users/daniel/input-representation-benchmark/outputs/runs/tokenized/mimiciv-3.1_meds_70-10-20/deciles_none_unfused_time_tokens_first_24h-tokenized/test/reg_ridge_regression-preds-model-discrete-time_tokens.pkl,/gpfs/data/bbj-lab/users/daniel/input-representation-benchmark/outputs/runs/tokenized/mimiciv-3.1_meds_70-10-20/deciles_none_unfused_time_tokens_first_24h-tokenized/test/tokens_timelines_extended_outcomes.parquet
exp2_extended_regression,regression,min_potassium,discrete_tt,r2,True,48074,0.230136206031422,0.2230269875323593,0.2370593596575096,/gpfs/data/bbj-lab/users/daniel/input-representation-benchmark/outputs/runs/tokenized/mimiciv-3.1_meds_70-10-20/deciles_none_unfused_time_tokens_first_24h-tokenized/test/reg_ridge_regression-preds-model-discrete-time_tokens.pkl,/gpfs/data/bbj-lab/users/daniel/input-representation-benchmark/outputs/runs/tokenized/mimiciv-3.1_meds_70-10-20/deciles_none_unfused_time_tokens_first_24h-tokenized/test/tokens_timelines_extended_outcomes.parquet
exp2_extended_regression,regression,min_potassium,discrete_tt,mae,False,48074,0.3284893040425404,0.326103771583171,0.3307478400611242,/gpfs/data/bbj-lab/users/daniel/input-representation-benchmark/outputs/runs/tokenized/mimiciv-3.1_meds_70-10-20/deciles_none_unfused_time_tokens_first_24h-tokenized/test/reg_ridge_regression-preds-model-discrete-time_tokens.pkl,/gpfs/data/bbj-lab/users/daniel/input-representation-benchmark/outputs/runs/tokenized/mimiciv-3.1_meds_70-10-20/deciles_none_unfused_time_tokens_first_24h-tokenized/test/tokens_timelines_extended_outcomes.parquet
exp2_extended_regression,regression,min_potassium,discrete_tt,rmse,False,48074,0.4253875418324601,0.4220527200489419,0.4286129172251642,/gpfs/data/bbj-lab/users/daniel/input-representation-benchmark/outputs/runs/tokenized/mimiciv-3.1_meds_70-10-20/deciles_none_unfused_time_tokens_first_24h-tokenized/test/reg_ridge_regression-preds-model-discrete-time_tokens.pkl,/gpfs/data/bbj-lab/users/daniel/input-representation-benchmark/outputs/runs/tokenized/mimiciv-3.1_meds_70-10-20/deciles_none_unfused_time_tokens_first_24h-tokenized/test/tokens_timelines_extended_outcomes.parquet
exp2_extended_regression,regression,min_potassium,soft_tt,spearman_rho,True,48074,0.4719672057194559,0.4645573116648831,0.4791232505331472,/gpfs/data/bbj-lab/users/daniel/input-representation-benchmark/outputs/runs/tokenized/mimiciv-3.1_meds_70-10-20/deciles_none_unfused_time_tokens_first_24h-tokenized/test/reg_ridge_regression-preds-model-soft-time_tokens.pkl,/gpfs/data/bbj-lab/users/daniel/input-representation-benchmark/outputs/runs/tokenized/mimiciv-3.1_meds_70-10-20/deciles_none_unfused_time_tokens_first_24h-tokenized/test/tokens_timelines_extended_outcomes.parquet
exp2_extended_regression,regression,min_potassium,soft_tt,r2,True,48074,0.2168230286173088,0.2097212430152075,0.2232054712986216,/gpfs/data/bbj-lab/users/daniel/input-representation-benchmark/outputs/runs/tokenized/mimiciv-3.1_meds_70-10-20/deciles_none_unfused_time_tokens_first_24h-tokenized/test/reg_ridge_regression-preds-model-soft-time_tokens.pkl,/gpfs/data/bbj-lab/users/daniel/input-representation-benchmark/outputs/runs/tokenized/mimiciv-3.1_meds_70-10-20/deciles_none_unfused_time_tokens_first_24h-tokenized/test/tokens_timelines_extended_outcomes.parquet
exp2_extended_regression,regression,min_potassium,soft_tt,mae,False,48074,0.3320097371275078,0.3296099352925033,0.3343069534993091,/gpfs/data/bbj-lab/users/daniel/input-representation-benchmark/outputs/runs/tokenized/mimiciv-3.1_meds_70-10-20/deciles_none_unfused_time_tokens_first_24h-tokenized/test/reg_ridge_regression-preds-model-soft-time_tokens.pkl,/gpfs/data/bbj-lab/users/daniel/input-representation-benchmark/outputs/runs/tokenized/mimiciv-3.1_meds_70-10-20/deciles_none_unfused_time_tokens_first_24h-tokenized/test/tokens_timelines_extended_outcomes.parquet
exp2_extended_regression,regression,min_potassium,soft_tt,rmse,False,48074,0.4290498686929768,0.4256470312409054,0.4321915976054089,/gpfs/data/bbj-lab/users/daniel/input-representation-benchmark/outputs/runs/tokenized/mimiciv-3.1_meds_70-10-20/deciles_none_unfused_time_tokens_first_24h-tokenized/test/reg_ridge_regression-preds-model-soft-time_tokens.pkl,/gpfs/data/bbj-lab/users/daniel/input-representation-benchmark/outputs/runs/tokenized/mimiciv-3.1_meds_70-10-20/deciles_none_unfused_time_tokens_first_24h-tokenized/test/tokens_timelines_extended_outcomes.parquet
exp2_extended_regression,regression,min_potassium,xval_tt,spearman_rho,True,48074,0.3926672018047951,0.3849193611997113,0.3999256358664891,/gpfs/data/bbj-lab/users/daniel/input-representation-benchmark/outputs/runs/tokenized/mimiciv-3.1_meds_70-10-20/deciles_none_unfused_time_tokens_numencxval_first_24h-tokenized/test/reg_ridge_regression-preds-model-xval-time_tokens.pkl,/gpfs/data/bbj-lab/users/daniel/input-representation-benchmark/outputs/runs/tokenized/mimiciv-3.1_meds_70-10-20/deciles_none_unfused_time_tokens_numencxval_first_24h-tokenized/test/tokens_timelines_extended_outcomes.parquet
exp2_extended_regression,regression,min_potassium,xval_tt,r2,True,48074,0.1585218254482699,0.1521410821437666,0.1642237389798336,/gpfs/data/bbj-lab/users/daniel/input-representation-benchmark/outputs/runs/tokenized/mimiciv-3.1_meds_70-10-20/deciles_none_unfused_time_tokens_numencxval_first_24h-tokenized/test/reg_ridge_regression-preds-model-xval-time_tokens.pkl,/gpfs/data/bbj-lab/users/daniel/input-representation-benchmark/outputs/runs/tokenized/mimiciv-3.1_meds_70-10-20/deciles_none_unfused_time_tokens_numencxval_first_24h-tokenized/test/tokens_timelines_extended_outcomes.parquet
exp2_extended_regression,regression,min_potassium,xval_tt,mae,False,48074,0.3450384665023002,0.3425401469377883,0.3475525622965054,/gpfs/data/bbj-lab/users/daniel/input-representation-benchmark/outputs/runs/tokenized/mimiciv-3.1_meds_70-10-20/deciles_none_unfused_time_tokens_numencxval_first_24h-tokenized/test/reg_ridge_regression-preds-model-xval-time_tokens.pkl,/gpfs/data/bbj-lab/users/daniel/input-representation-benchmark/outputs/runs/tokenized/mimiciv-3.1_meds_70-10-20/deciles_none_unfused_time_tokens_numencxval_first_24h-tokenized/test/tokens_timelines_extended_outcomes.parquet
exp2_extended_regression,regression,min_potassium,xval_tt,rmse,False,48074,0.4447328882883575,0.4412897455776502,0.4482023039473264,/gpfs/data/bbj-lab/users/daniel/input-representation-benchmark/outputs/runs/tokenized/mimiciv-3.1_meds_70-10-20/deciles_none_unfused_time_tokens_numencxval_first_24h-tokenized/test/reg_ridge_regression-preds-model-xval-time_tokens.pkl,/gpfs/data/bbj-lab/users/daniel/input-representation-benchmark/outputs/runs/tokenized/mimiciv-3.1_meds_70-10-20/deciles_none_unfused_time_tokens_numencxval_first_24h-tokenized/test/tokens_timelines_extended_outcomes.parquet
exp2_extended_regression,regression,min_potassium,xval_affine_tt,spearman_rho,True,48074,0.3149713942861862,0.306845684296348,0.3231864851132248,/gpfs/data/bbj-lab/users/daniel/input-representation-benchmark/outputs/runs/tokenized/mimiciv-3.1_meds_70-10-20/deciles_none_unfused_time_tokens_numencxval_first_24h-tokenized/test/reg_ridge_regression-preds-model-xval_affine-time_tokens.pkl,/gpfs/data/bbj-lab/users/daniel/input-representation-benchmark/outputs/runs/tokenized/mimiciv-3.1_meds_70-10-20/deciles_none_unfused_time_tokens_numencxval_first_24h-tokenized/test/tokens_timelines_extended_outcomes.parquet
exp2_extended_regression,regression,min_potassium,xval_affine_tt,r2,True,48074,0.1048941412346375,0.0993566653662505,0.1102717034819216,/gpfs/data/bbj-lab/users/daniel/input-representation-benchmark/outputs/runs/tokenized/mimiciv-3.1_meds_70-10-20/deciles_none_unfused_time_tokens_numencxval_first_24h-tokenized/test/reg_ridge_regression-preds-model-xval_affine-time_tokens.pkl,/gpfs/data/bbj-lab/users/daniel/input-representation-benchmark/outputs/runs/tokenized/mimiciv-3.1_meds_70-10-20/deciles_none_unfused_time_tokens_numencxval_first_24h-tokenized/test/tokens_timelines_extended_outcomes.parquet
exp2_extended_regression,regression,min_potassium,xval_affine_tt,mae,False,48074,0.3582798316717233,0.3557245133714383,0.3608161751719562,/gpfs/data/bbj-lab/users/daniel/input-representation-benchmark/outputs/runs/tokenized/mimiciv-3.1_meds_70-10-20/deciles_none_unfused_time_tokens_numencxval_first_24h-tokenized/test/reg_ridge_regression-preds-model-xval_affine-time_tokens.pkl,/gpfs/data/bbj-lab/users/daniel/input-representation-benchmark/outputs/runs/tokenized/mimiciv-3.1_meds_70-10-20/deciles_none_unfused_time_tokens_numencxval_first_24h-tokenized/test/tokens_timelines_extended_outcomes.parquet
exp2_extended_regression,regression,min_potassium,xval_affine_tt,rmse,False,48074,0.4586855078096894,0.4552189957174176,0.4620239218115015,/gpfs/data/bbj-lab/users/daniel/input-representation-benchmark/outputs/runs/tokenized/mimiciv-3.1_meds_70-10-20/deciles_none_unfused_time_tokens_numencxval_first_24h-tokenized/test/reg_ridge_regression-preds-model-xval_affine-time_tokens.pkl,/gpfs/data/bbj-lab/users/daniel/input-representation-benchmark/outputs/runs/tokenized/mimiciv-3.1_meds_70-10-20/deciles_none_unfused_time_tokens_numencxval_first_24h-tokenized/test/tokens_timelines_extended_outcomes.parquet
exp2_extended_regression,regression,min_potassium,discrete_rope,spearman_rho,True,48074,0.4894024895146501,0.4822943533554518,0.4964655948706711,/gpfs/data/bbj-lab/users/daniel/input-representation-benchmark/outputs/runs/tokenized/mimiciv-3.1_meds_70-10-20/deciles_none_unfused_time_rope_first_24h-tokenized/test/reg_ridge_regression-preds-model-discrete-time_rope.pkl,/gpfs/data/bbj-lab/users/daniel/input-representation-benchmark/outputs/runs/tokenized/mimiciv-3.1_meds_70-10-20/deciles_none_unfused_time_rope_first_24h-tokenized/test/tokens_timelines_extended_outcomes.parquet
exp2_extended_regression,regression,min_potassium,discrete_rope,r2,True,48074,0.2320524316624423,0.2250915606663176,0.2391063673332738,/gpfs/data/bbj-lab/users/daniel/input-representation-benchmark/outputs/runs/tokenized/mimiciv-3.1_meds_70-10-20/deciles_none_unfused_time_rope_first_24h-tokenized/test/reg_ridge_regression-preds-model-discrete-time_rope.pkl,/gpfs/data/bbj-lab/users/daniel/input-representation-benchmark/outputs/runs/tokenized/mimiciv-3.1_meds_70-10-20/deciles_none_unfused_time_rope_first_24h-tokenized/test/tokens_timelines_extended_outcomes.parquet
exp2_extended_regression,regression,min_potassium,discrete_rope,mae,False,48074,0.3283604548046033,0.3259833084568395,0.3306754665443791,/gpfs/data/bbj-lab/users/daniel/input-representation-benchmark/outputs/runs/tokenized/mimiciv-3.1_meds_70-10-20/deciles_none_unfused_time_rope_first_24h-tokenized/test/reg_ridge_regression-preds-model-discrete-time_rope.pkl,/gpfs/data/bbj-lab/users/daniel/input-representation-benchmark/outputs/runs/tokenized/mimiciv-3.1_meds_70-10-20/deciles_none_unfused_time_rope_first_24h-tokenized/test/tokens_timelines_extended_outcomes.parquet
exp2_extended_regression,regression,min_potassium,discrete_rope,rmse,False,48074,0.4248578076258915,0.4213496949993351,0.4283112883031945,/gpfs/data/bbj-lab/users/daniel/input-representation-benchmark/outputs/runs/tokenized/mimiciv-3.1_meds_70-10-20/deciles_none_unfused_time_rope_first_24h-tokenized/test/reg_ridge_regression-preds-model-discrete-time_rope.pkl,/gpfs/data/bbj-lab/users/daniel/input-representation-benchmark/outputs/runs/tokenized/mimiciv-3.1_meds_70-10-20/deciles_none_unfused_time_rope_first_24h-tokenized/test/tokens_timelines_extended_outcomes.parquet
exp2_extended_regression,regression,min_potassium,soft_rope,spearman_rho,True,48074,0.4894773030249356,0.4821401545659739,0.4967192461793117,/gpfs/data/bbj-lab/users/daniel/input-representation-benchmark/outputs/runs/tokenized/mimiciv-3.1_meds_70-10-20/deciles_none_unfused_time_rope_first_24h-tokenized/test/reg_ridge_regression-preds-model-soft-time_rope.pkl,/gpfs/data/bbj-lab/users/daniel/input-representation-benchmark/outputs/runs/tokenized/mimiciv-3.1_meds_70-10-20/deciles_none_unfused_time_rope_first_24h-tokenized/test/tokens_timelines_extended_outcomes.parquet
exp2_extended_regression,regression,min_potassium,soft_rope,r2,True,48074,0.2349992215091525,0.2277770869811084,0.2421270920396271,/gpfs/data/bbj-lab/users/daniel/input-representation-benchmark/outputs/runs/tokenized/mimiciv-3.1_meds_70-10-20/deciles_none_unfused_time_rope_first_24h-tokenized/test/reg_ridge_regression-preds-model-soft-time_rope.pkl,/gpfs/data/bbj-lab/users/daniel/input-representation-benchmark/outputs/runs/tokenized/mimiciv-3.1_meds_70-10-20/deciles_none_unfused_time_rope_first_24h-tokenized/test/tokens_timelines_extended_outcomes.parquet
exp2_extended_regression,regression,min_potassium,soft_rope,mae,False,48074,0.3279009215387884,0.3255884708310819,0.3302592408510187,/gpfs/data/bbj-lab/users/daniel/input-representation-benchmark/outputs/runs/tokenized/mimiciv-3.1_meds_70-10-20/deciles_none_unfused_time_rope_first_24h-tokenized/test/reg_ridge_regression-preds-model-soft-time_rope.pkl,/gpfs/data/bbj-lab/users/daniel/input-representation-benchmark/outputs/runs/tokenized/mimiciv-3.1_meds_70-10-20/deciles_none_unfused_time_rope_first_24h-tokenized/test/tokens_timelines_extended_outcomes.parquet
exp2_extended_regression,regression,min_potassium,soft_rope,rmse,False,48074,0.4240418860345754,0.4206517167308658,0.4273719555345417,/gpfs/data/bbj-lab/users/daniel/input-representation-benchmark/outputs/runs/tokenized/mimiciv-3.1_meds_70-10-20/deciles_none_unfused_time_rope_first_24h-tokenized/test/reg_ridge_regression-preds-model-soft-time_rope.pkl,/gpfs/data/bbj-lab/users/daniel/input-representation-benchmark/outputs/runs/tokenized/mimiciv-3.1_meds_70-10-20/deciles_none_unfused_time_rope_first_24h-tokenized/test/tokens_timelines_extended_outcomes.parquet
exp2_extended_regression,regression,min_potassium,xval_rope,spearman_rho,True,48074,0.3977803382699882,0.3900282777383006,0.4053456544282354,/gpfs/data/bbj-lab/users/daniel/input-representation-benchmark/outputs/runs/tokenized/mimiciv-3.1_meds_70-10-20/deciles_none_unfused_time_rope_numencxval_first_24h-tokenized/test/reg_ridge_regression-preds-model-xval-time_rope.pkl,/gpfs/data/bbj-lab/users/daniel/input-representation-benchmark/outputs/runs/tokenized/mimiciv-3.1_meds_70-10-20/deciles_none_unfused_time_rope_numencxval_first_24h-tokenized/test/tokens_timelines_extended_outcomes.parquet
exp2_extended_regression,regression,min_potassium,xval_rope,r2,True,48074,0.1635542630990522,0.1573069575734121,0.1698461279723364,/gpfs/data/bbj-lab/users/daniel/input-representation-benchmark/outputs/runs/tokenized/mimiciv-3.1_meds_70-10-20/deciles_none_unfused_time_rope_numencxval_first_24h-tokenized/test/reg_ridge_regression-preds-model-xval-time_rope.pkl,/gpfs/data/bbj-lab/users/daniel/input-representation-benchmark/outputs/runs/tokenized/mimiciv-3.1_meds_70-10-20/deciles_none_unfused_time_rope_numencxval_first_24h-tokenized/test/tokens_timelines_extended_outcomes.parquet
exp2_extended_regression,regression,min_potassium,xval_rope,mae,False,48074,0.343641316007715,0.3411296598922527,0.3462040053375079,/gpfs/data/bbj-lab/users/daniel/input-representation-benchmark/outputs/runs/tokenized/mimiciv-3.1_meds_70-10-20/deciles_none_unfused_time_rope_numencxval_first_24h-tokenized/test/reg_ridge_regression-preds-model-xval-time_rope.pkl,/gpfs/data/bbj-lab/users/daniel/input-representation-benchmark/outputs/runs/tokenized/mimiciv-3.1_meds_70-10-20/deciles_none_unfused_time_rope_numencxval_first_24h-tokenized/test/tokens_timelines_extended_outcomes.parquet
exp2_extended_regression,regression,min_potassium,xval_rope,rmse,False,48074,0.4434010374733486,0.4399638257812878,0.4468383349622073,/gpfs/data/bbj-lab/users/daniel/input-representation-benchmark/outputs/runs/tokenized/mimiciv-3.1_meds_70-10-20/deciles_none_unfused_time_rope_numencxval_first_24h-tokenized/test/reg_ridge_regression-preds-model-xval-time_rope.pkl,/gpfs/data/bbj-lab/users/daniel/input-representation-benchmark/outputs/runs/tokenized/mimiciv-3.1_meds_70-10-20/deciles_none_unfused_time_rope_numencxval_first_24h-tokenized/test/tokens_timelines_extended_outcomes.parquet
exp2_extended_regression,regression,min_potassium,xval_affine_rope,spearman_rho,True,48074,0.3067101420102825,0.2987637506152874,0.314531842258157,/gpfs/data/bbj-lab/users/daniel/input-representation-benchmark/outputs/runs/tokenized/mimiciv-3.1_meds_70-10-20/deciles_none_unfused_time_rope_numencxval_first_24h-tokenized/test/reg_ridge_regression-preds-model-xval_affine-time_rope.pkl,/gpfs/data/bbj-lab/users/daniel/input-representation-benchmark/outputs/runs/tokenized/mimiciv-3.1_meds_70-10-20/deciles_none_unfused_time_rope_numencxval_first_24h-tokenized/test/tokens_timelines_extended_outcomes.parquet
exp2_extended_regression,regression,min_potassium,xval_affine_rope,r2,True,48074,0.0986159965815113,0.0934490002118599,0.1040753780603232,/gpfs/data/bbj-lab/users/daniel/input-representation-benchmark/outputs/runs/tokenized/mimiciv-3.1_meds_70-10-20/deciles_none_unfused_time_rope_numencxval_first_24h-tokenized/test/reg_ridge_regression-preds-model-xval_affine-time_rope.pkl,/gpfs/data/bbj-lab/users/daniel/input-representation-benchmark/outputs/runs/tokenized/mimiciv-3.1_meds_70-10-20/deciles_none_unfused_time_rope_numencxval_first_24h-tokenized/test/tokens_timelines_extended_outcomes.parquet
exp2_extended_regression,regression,min_potassium,xval_affine_rope,mae,False,48074,0.3592667014939943,0.3567547519204549,0.3618034867513429,/gpfs/data/bbj-lab/users/daniel/input-representation-benchmark/outputs/runs/tokenized/mimiciv-3.1_meds_70-10-20/deciles_none_unfused_time_rope_numencxval_first_24h-tokenized/test/reg_ridge_regression-preds-model-xval_affine-time_rope.pkl,/gpfs/data/bbj-lab/users/daniel/input-representation-benchmark/outputs/runs/tokenized/mimiciv-3.1_meds_70-10-20/deciles_none_unfused_time_rope_numencxval_first_24h-tokenized/test/tokens_timelines_extended_outcomes.parquet
exp2_extended_regression,regression,min_potassium,xval_affine_rope,rmse,False,48074,0.4602912743960654,0.4569281765093193,0.4637534387166831,/gpfs/data/bbj-lab/users/daniel/input-representation-benchmark/outputs/runs/tokenized/mimiciv-3.1_meds_70-10-20/deciles_none_unfused_time_rope_numencxval_first_24h-tokenized/test/reg_ridge_regression-preds-model-xval_affine-time_rope.pkl,/gpfs/data/bbj-lab/users/daniel/input-representation-benchmark/outputs/runs/tokenized/mimiciv-3.1_meds_70-10-20/deciles_none_unfused_time_rope_numencxval_first_24h-tokenized/test/tokens_timelines_extended_outcomes.parquet
exp2_extended_regression,regression,min_sodium,discrete_tt,spearman_rho,True,47942,0.4670741975602716,0.4596034588285795,0.4739473902267619,/gpfs/data/bbj-lab/users/daniel/input-representation-benchmark/outputs/runs/tokenized/mimiciv-3.1_meds_70-10-20/deciles_none_unfused_time_tokens_first_24h-tokenized/test/reg_ridge_regression-preds-model-discrete-time_tokens.pkl,/gpfs/data/bbj-lab/users/daniel/input-representation-benchmark/outputs/runs/tokenized/mimiciv-3.1_meds_70-10-20/deciles_none_unfused_time_tokens_first_24h-tokenized/test/tokens_timelines_extended_outcomes.parquet
exp2_extended_regression,regression,min_sodium,discrete_tt,r2,True,47942,0.2325571238196476,0.2197589470412852,0.2431533369975687,/gpfs/data/bbj-lab/users/daniel/input-representation-benchmark/outputs/runs/tokenized/mimiciv-3.1_meds_70-10-20/deciles_none_unfused_time_tokens_first_24h-tokenized/test/reg_ridge_regression-preds-model-discrete-time_tokens.pkl,/gpfs/data/bbj-lab/users/daniel/input-representation-benchmark/outputs/runs/tokenized/mimiciv-3.1_meds_70-10-20/deciles_none_unfused_time_tokens_first_24h-tokenized/test/tokens_timelines_extended_outcomes.parquet
exp2_extended_regression,regression,min_sodium,discrete_tt,mae,False,47942,2.9014875330422942,2.877160208164405,2.924797436775528,/gpfs/data/bbj-lab/users/daniel/input-representation-benchmark/outputs/runs/tokenized/mimiciv-3.1_meds_70-10-20/deciles_none_unfused_time_tokens_first_24h-tokenized/test/reg_ridge_regression-preds-model-discrete-time_tokens.pkl,/gpfs/data/bbj-lab/users/daniel/input-representation-benchmark/outputs/runs/tokenized/mimiciv-3.1_meds_70-10-20/deciles_none_unfused_time_tokens_first_24h-tokenized/test/tokens_timelines_extended_outcomes.parquet
exp2_extended_regression,regression,min_sodium,discrete_tt,rmse,False,47942,3.9219071541051456,3.838270042719007,4.041781284556123,/gpfs/data/bbj-lab/users/daniel/input-representation-benchmark/outputs/runs/tokenized/mimiciv-3.1_meds_70-10-20/deciles_none_unfused_time_tokens_first_24h-tokenized/test/reg_ridge_regression-preds-model-discrete-time_tokens.pkl,/gpfs/data/bbj-lab/users/daniel/input-representation-benchmark/outputs/runs/tokenized/mimiciv-3.1_meds_70-10-20/deciles_none_unfused_time_tokens_first_24h-tokenized/test/tokens_timelines_extended_outcomes.parquet
exp2_extended_regression,regression,min_sodium,soft_tt,spearman_rho,True,47942,0.4736350378317415,0.4660623160220296,0.4810986358980752,/gpfs/data/bbj-lab/users/daniel/input-representation-benchmark/outputs/runs/tokenized/mimiciv-3.1_meds_70-10-20/deciles_none_unfused_time_tokens_first_24h-tokenized/test/reg_ridge_regression-preds-model-soft-time_tokens.pkl,/gpfs/data/bbj-lab/users/daniel/input-representation-benchmark/outputs/runs/tokenized/mimiciv-3.1_meds_70-10-20/deciles_none_unfused_time_tokens_first_24h-tokenized/test/tokens_timelines_extended_outcomes.parquet
exp2_extended_regression,regression,min_sodium,soft_tt,r2,True,47942,0.2302541113685312,0.2187366040384791,0.240753510696702,/gpfs/data/bbj-lab/users/daniel/input-representation-benchmark/outputs/runs/tokenized/mimiciv-3.1_meds_70-10-20/deciles_none_unfused_time_tokens_first_24h-tokenized/test/reg_ridge_regression-preds-model-soft-time_tokens.pkl,/gpfs/data/bbj-lab/users/daniel/input-representation-benchmark/outputs/runs/tokenized/mimiciv-3.1_meds_70-10-20/deciles_none_unfused_time_tokens_first_24h-tokenized/test/tokens_timelines_extended_outcomes.parquet
exp2_extended_regression,regression,min_sodium,soft_tt,mae,False,47942,2.8989110163264056,2.874931305934558,2.922388413024713,/gpfs/data/bbj-lab/users/daniel/input-representation-benchmark/outputs/runs/tokenized/mimiciv-3.1_meds_70-10-20/deciles_none_unfused_time_tokens_first_24h-tokenized/test/reg_ridge_regression-preds-model-soft-time_tokens.pkl,/gpfs/data/bbj-lab/users/daniel/input-representation-benchmark/outputs/runs/tokenized/mimiciv-3.1_meds_70-10-20/deciles_none_unfused_time_tokens_first_24h-tokenized/test/tokens_timelines_extended_outcomes.parquet
exp2_extended_regression,regression,min_sodium,soft_tt,rmse,False,47942,3.9277873539699297,3.844154686522278,4.045437251380321,/gpfs/data/bbj-lab/users/daniel/input-representation-benchmark/outputs/runs/tokenized/mimiciv-3.1_meds_70-10-20/deciles_none_unfused_time_tokens_first_24h-tokenized/test/reg_ridge_regression-preds-model-soft-time_tokens.pkl,/gpfs/data/bbj-lab/users/daniel/input-representation-benchmark/outputs/runs/tokenized/mimiciv-3.1_meds_70-10-20/deciles_none_unfused_time_tokens_first_24h-tokenized/test/tokens_timelines_extended_outcomes.parquet
exp2_extended_regression,regression,min_sodium,xval_tt,spearman_rho,True,47942,0.4019201976009083,0.3942085594348939,0.4096394590815528,/gpfs/data/bbj-lab/users/daniel/input-representation-benchmark/outputs/runs/tokenized/mimiciv-3.1_meds_70-10-20/deciles_none_unfused_time_tokens_numencxval_first_24h-tokenized/test/reg_ridge_regression-preds-model-xval-time_tokens.pkl,/gpfs/data/bbj-lab/users/daniel/input-representation-benchmark/outputs/runs/tokenized/mimiciv-3.1_meds_70-10-20/deciles_none_unfused_time_tokens_numencxval_first_24h-tokenized/test/tokens_timelines_extended_outcomes.parquet
exp2_extended_regression,regression,min_sodium,xval_tt,r2,True,47942,0.1809734400792706,0.1704594844546703,0.1903267441967112,/gpfs/data/bbj-lab/users/daniel/input-representation-benchmark/outputs/runs/tokenized/mimiciv-3.1_meds_70-10-20/deciles_none_unfused_time_tokens_numencxval_first_24h-tokenized/test/reg_ridge_regression-preds-model-xval-time_tokens.pkl,/gpfs/data/bbj-lab/users/daniel/input-representation-benchmark/outputs/runs/tokenized/mimiciv-3.1_meds_70-10-20/deciles_none_unfused_time_tokens_numencxval_first_24h-tokenized/test/tokens_timelines_extended_outcomes.parquet
exp2_extended_regression,regression,min_sodium,xval_tt,mae,False,47942,3.0026886692766075,2.9791643808415,3.026660629421425,/gpfs/data/bbj-lab/users/daniel/input-representation-benchmark/outputs/runs/tokenized/mimiciv-3.1_meds_70-10-20/deciles_none_unfused_time_tokens_numencxval_first_24h-tokenized/test/reg_ridge_regression-preds-model-xval-time_tokens.pkl,/gpfs/data/bbj-lab/users/daniel/input-representation-benchmark/outputs/runs/tokenized/mimiciv-3.1_meds_70-10-20/deciles_none_unfused_time_tokens_numencxval_first_24h-tokenized/test/tokens_timelines_extended_outcomes.parquet
exp2_extended_regression,regression,min_sodium,xval_tt,rmse,False,47942,4.051569296867783,3.968438064259427,4.171437748027749,/gpfs/data/bbj-lab/users/daniel/input-representation-benchmark/outputs/runs/tokenized/mimiciv-3.1_meds_70-10-20/deciles_none_unfused_time_tokens_numencxval_first_24h-tokenized/test/reg_ridge_regression-preds-model-xval-time_tokens.pkl,/gpfs/data/bbj-lab/users/daniel/input-representation-benchmark/outputs/runs/tokenized/mimiciv-3.1_meds_70-10-20/deciles_none_unfused_time_tokens_numencxval_first_24h-tokenized/test/tokens_timelines_extended_outcomes.parquet
exp2_extended_regression,regression,min_sodium,xval_affine_tt,spearman_rho,True,47942,0.326398253368031,0.3184512162295215,0.3340500045459414,/gpfs/data/bbj-lab/users/daniel/input-representation-benchmark/outputs/runs/tokenized/mimiciv-3.1_meds_70-10-20/deciles_none_unfused_time_tokens_numencxval_first_24h-tokenized/test/reg_ridge_regression-preds-model-xval_affine-time_tokens.pkl,/gpfs/data/bbj-lab/users/daniel/input-representation-benchmark/outputs/runs/tokenized/mimiciv-3.1_meds_70-10-20/deciles_none_unfused_time_tokens_numencxval_first_24h-tokenized/test/tokens_timelines_extended_outcomes.parquet
exp2_extended_regression,regression,min_sodium,xval_affine_tt,r2,True,47942,0.1098263874328236,0.1028700964087611,0.1165019849857963,/gpfs/data/bbj-lab/users/daniel/input-representation-benchmark/outputs/runs/tokenized/mimiciv-3.1_meds_70-10-20/deciles_none_unfused_time_tokens_numencxval_first_24h-tokenized/test/reg_ridge_regression-preds-model-xval_affine-time_tokens.pkl,/gpfs/data/bbj-lab/users/daniel/input-representation-benchmark/outputs/runs/tokenized/mimiciv-3.1_meds_70-10-20/deciles_none_unfused_time_tokens_numencxval_first_24h-tokenized/test/tokens_timelines_extended_outcomes.parquet
exp2_extended_regression,regression,min_sodium,xval_affine_tt,mae,False,47942,3.1515962904635946,3.127050893166123,3.1752839176129,/gpfs/data/bbj-lab/users/daniel/input-representation-benchmark/outputs/runs/tokenized/mimiciv-3.1_meds_70-10-20/deciles_none_unfused_time_tokens_numencxval_first_24h-tokenized/test/reg_ridge_regression-preds-model-xval_affine-time_tokens.pkl,/gpfs/data/bbj-lab/users/daniel/input-representation-benchmark/outputs/runs/tokenized/mimiciv-3.1_meds_70-10-20/deciles_none_unfused_time_tokens_numencxval_first_24h-tokenized/test/tokens_timelines_extended_outcomes.parquet
exp2_extended_regression,regression,min_sodium,xval_affine_tt,rmse,False,47942,4.223880635084304,4.14244717796644,4.335330702397639,/gpfs/data/bbj-lab/users/daniel/input-representation-benchmark/outputs/runs/tokenized/mimiciv-3.1_meds_70-10-20/deciles_none_unfused_time_tokens_numencxval_first_24h-tokenized/test/reg_ridge_regression-preds-model-xval_affine-time_tokens.pkl,/gpfs/data/bbj-lab/users/daniel/input-representation-benchmark/outputs/runs/tokenized/mimiciv-3.1_meds_70-10-20/deciles_none_unfused_time_tokens_numencxval_first_24h-tokenized/test/tokens_timelines_extended_outcomes.parquet
exp2_extended_regression,regression,min_sodium,discrete_rope,spearman_rho,True,47942,0.4926634885852214,0.4855526136239804,0.4996299311518147,/gpfs/data/bbj-lab/users/daniel/input-representation-benchmark/outputs/runs/tokenized/mimiciv-3.1_meds_70-10-20/deciles_none_unfused_time_rope_first_24h-tokenized/test/reg_ridge_regression-preds-model-discrete-time_rope.pkl,/gpfs/data/bbj-lab/users/daniel/input-representation-benchmark/outputs/runs/tokenized/mimiciv-3.1_meds_70-10-20/deciles_none_unfused_time_rope_first_24h-tokenized/test/tokens_timelines_extended_outcomes.parquet
exp2_extended_regression,regression,min_sodium,discrete_rope,r2,True,47942,0.258132715393725,0.2454968417902636,0.2695105656894028,/gpfs/data/bbj-lab/users/daniel/input-representation-benchmark/outputs/runs/tokenized/mimiciv-3.1_meds_70-10-20/deciles_none_unfused_time_rope_first_24h-tokenized/test/reg_ridge_regression-preds-model-discrete-time_rope.pkl,/gpfs/data/bbj-lab/users/daniel/input-representation-benchmark/outputs/runs/tokenized/mimiciv-3.1_meds_70-10-20/deciles_none_unfused_time_rope_first_24h-tokenized/test/tokens_timelines_extended_outcomes.parquet
exp2_extended_regression,regression,min_sodium,discrete_rope,mae,False,47942,2.8469559651820235,2.8237487825383063,2.869809893360154,/gpfs/data/bbj-lab/users/daniel/input-representation-benchmark/outputs/runs/tokenized/mimiciv-3.1_meds_70-10-20/deciles_none_unfused_time_rope_first_24h-tokenized/test/reg_ridge_regression-preds-model-discrete-time_rope.pkl,/gpfs/data/bbj-lab/users/daniel/input-representation-benchmark/outputs/runs/tokenized/mimiciv-3.1_meds_70-10-20/deciles_none_unfused_time_rope_first_24h-tokenized/test/tokens_timelines_extended_outcomes.parquet
exp2_extended_regression,regression,min_sodium,discrete_rope,rmse,False,47942,3.856003224550861,3.773396438694512,3.978098317212695,/gpfs/data/bbj-lab/users/daniel/input-representation-benchmark/outputs/runs/tokenized/mimiciv-3.1_meds_70-10-20/deciles_none_unfused_time_rope_first_24h-tokenized/test/reg_ridge_regression-preds-model-discrete-time_rope.pkl,/gpfs/data/bbj-lab/users/daniel/input-representation-benchmark/outputs/runs/tokenized/mimiciv-3.1_meds_70-10-20/deciles_none_unfused_time_rope_first_24h-tokenized/test/tokens_timelines_extended_outcomes.parquet
exp2_extended_regression,regression,min_sodium,soft_rope,spearman_rho,True,47942,0.4828754569790464,0.4759521071403803,0.4895235254733642,/gpfs/data/bbj-lab/users/daniel/input-representation-benchmark/outputs/runs/tokenized/mimiciv-3.1_meds_70-10-20/deciles_none_unfused_time_rope_first_24h-tokenized/test/reg_ridge_regression-preds-model-soft-time_rope.pkl,/gpfs/data/bbj-lab/users/daniel/input-representation-benchmark/outputs/runs/tokenized/mimiciv-3.1_meds_70-10-20/deciles_none_unfused_time_rope_first_24h-tokenized/test/tokens_timelines_extended_outcomes.parquet
exp2_extended_regression,regression,min_sodium,soft_rope,r2,True,47942,0.2460077356419445,0.2345744065337507,0.2566399132928298,/gpfs/data/bbj-lab/users/daniel/input-representation-benchmark/outputs/runs/tokenized/mimiciv-3.1_meds_70-10-20/deciles_none_unfused_time_rope_first_24h-tokenized/test/reg_ridge_regression-preds-model-soft-time_rope.pkl,/gpfs/data/bbj-lab/users/daniel/input-representation-benchmark/outputs/runs/tokenized/mimiciv-3.1_meds_70-10-20/deciles_none_unfused_time_rope_first_24h-tokenized/test/tokens_timelines_extended_outcomes.parquet
exp2_extended_regression,regression,min_sodium,soft_rope,mae,False,47942,2.8730585578085424,2.85025516249027,2.895621518154721,/gpfs/data/bbj-lab/users/daniel/input-representation-benchmark/outputs/runs/tokenized/mimiciv-3.1_meds_70-10-20/deciles_none_unfused_time_rope_first_24h-tokenized/test/reg_ridge_regression-preds-model-soft-time_rope.pkl,/gpfs/data/bbj-lab/users/daniel/input-representation-benchmark/outputs/runs/tokenized/mimiciv-3.1_meds_70-10-20/deciles_none_unfused_time_rope_first_24h-tokenized/test/tokens_timelines_extended_outcomes.parquet
exp2_extended_regression,regression,min_sodium,soft_rope,rmse,False,47942,3.88738651386945,3.8056356906419055,4.004566771226742,/gpfs/data/bbj-lab/users/daniel/input-representation-benchmark/outputs/runs/tokenized/mimiciv-3.1_meds_70-10-20/deciles_none_unfused_time_rope_first_24h-tokenized/test/reg_ridge_regression-preds-model-soft-time_rope.pkl,/gpfs/data/bbj-lab/users/daniel/input-representation-benchmark/outputs/runs/tokenized/mimiciv-3.1_meds_70-10-20/deciles_none_unfused_time_rope_first_24h-tokenized/test/tokens_timelines_extended_outcomes.parquet
exp2_extended_regression,regression,min_sodium,xval_rope,spearman_rho,True,47942,0.4055493776023032,0.3976269422273334,0.4139298266602109,/gpfs/data/bbj-lab/users/daniel/input-representation-benchmark/outputs/runs/tokenized/mimiciv-3.1_meds_70-10-20/deciles_none_unfused_time_rope_numencxval_first_24h-tokenized/test/reg_ridge_regression-preds-model-xval-time_rope.pkl,/gpfs/data/bbj-lab/users/daniel/input-representation-benchmark/outputs/runs/tokenized/mimiciv-3.1_meds_70-10-20/deciles_none_unfused_time_rope_numencxval_first_24h-tokenized/test/tokens_timelines_extended_outcomes.parquet
exp2_extended_regression,regression,min_sodium,xval_rope,r2,True,47942,0.1835070638026334,0.1733483762266957,0.1934786603481442,/gpfs/data/bbj-lab/users/daniel/input-representation-benchmark/outputs/runs/tokenized/mimiciv-3.1_meds_70-10-20/deciles_none_unfused_time_rope_numencxval_first_24h-tokenized/test/reg_ridge_regression-preds-model-xval-time_rope.pkl,/gpfs/data/bbj-lab/users/daniel/input-representation-benchmark/outputs/runs/tokenized/mimiciv-3.1_meds_70-10-20/deciles_none_unfused_time_rope_numencxval_first_24h-tokenized/test/tokens_timelines_extended_outcomes.parquet
exp2_extended_regression,regression,min_sodium,xval_rope,mae,False,47942,2.9965638708085285,2.971112427221375,3.021589455893388,/gpfs/data/bbj-lab/users/daniel/input-representation-benchmark/outputs/runs/tokenized/mimiciv-3.1_meds_70-10-20/deciles_none_unfused_time_rope_numencxval_first_24h-tokenized/test/reg_ridge_regression-preds-model-xval-time_rope.pkl,/gpfs/data/bbj-lab/users/daniel/input-representation-benchmark/outputs/runs/tokenized/mimiciv-3.1_meds_70-10-20/deciles_none_unfused_time_rope_numencxval_first_24h-tokenized/test/tokens_timelines_extended_outcomes.parquet
exp2_extended_regression,regression,min_sodium,xval_rope,rmse,False,47942,4.045297764541824,3.96319444143478,4.157260910036093,/gpfs/data/bbj-lab/users/daniel/input-representation-benchmark/outputs/runs/tokenized/mimiciv-3.1_meds_70-10-20/deciles_none_unfused_time_rope_numencxval_first_24h-tokenized/test/reg_ridge_regression-preds-model-xval-time_rope.pkl,/gpfs/data/bbj-lab/users/daniel/input-representation-benchmark/outputs/runs/tokenized/mimiciv-3.1_meds_70-10-20/deciles_none_unfused_time_rope_numencxval_first_24h-tokenized/test/tokens_timelines_extended_outcomes.parquet
exp2_extended_regression,regression,min_sodium,xval_affine_rope,spearman_rho,True,47942,0.3121604964187253,0.3042229443262668,0.3204273087256121,/gpfs/data/bbj-lab/users/daniel/input-representation-benchmark/outputs/runs/tokenized/mimiciv-3.1_meds_70-10-20/deciles_none_unfused_time_rope_numencxval_first_24h-tokenized/test/reg_ridge_regression-preds-model-xval_affine-time_rope.pkl,/gpfs/data/bbj-lab/users/daniel/input-representation-benchmark/outputs/runs/tokenized/mimiciv-3.1_meds_70-10-20/deciles_none_unfused_time_rope_numencxval_first_24h-tokenized/test/tokens_timelines_extended_outcomes.parquet
exp2_extended_regression,regression,min_sodium,xval_affine_rope,r2,True,47942,0.0973071847781491,0.0911057406804216,0.1036751315608887,/gpfs/data/bbj-lab/users/daniel/input-representation-benchmark/outputs/runs/tokenized/mimiciv-3.1_meds_70-10-20/deciles_none_unfused_time_rope_numencxval_first_24h-tokenized/test/reg_ridge_regression-preds-model-xval_affine-time_rope.pkl,/gpfs/data/bbj-lab/users/daniel/input-representation-benchmark/outputs/runs/tokenized/mimiciv-3.1_meds_70-10-20/deciles_none_unfused_time_rope_numencxval_first_24h-tokenized/test/tokens_timelines_extended_outcomes.parquet
exp2_extended_regression,regression,min_sodium,xval_affine_rope,mae,False,47942,3.1776803745047566,3.151234208015368,3.2034106215369538,/gpfs/data/bbj-lab/users/daniel/input-representation-benchmark/outputs/runs/tokenized/mimiciv-3.1_meds_70-10-20/deciles_none_unfused_time_rope_numencxval_first_24h-tokenized/test/reg_ridge_regression-preds-model-xval_affine-time_rope.pkl,/gpfs/data/bbj-lab/users/daniel/input-representation-benchmark/outputs/runs/tokenized/mimiciv-3.1_meds_70-10-20/deciles_none_unfused_time_rope_numencxval_first_24h-tokenized/test/tokens_timelines_extended_outcomes.parquet
exp2_extended_regression,regression,min_sodium,xval_affine_rope,rmse,False,47942,4.253478789386676,4.175577582783431,4.362574709321069,/gpfs/data/bbj-lab/users/daniel/input-representation-benchmark/outputs/runs/tokenized/mimiciv-3.1_meds_70-10-20/deciles_none_unfused_time_rope_numencxval_first_24h-tokenized/test/reg_ridge_regression-preds-model-xval_affine-time_rope.pkl,/gpfs/data/bbj-lab/users/daniel/input-representation-benchmark/outputs/runs/tokenized/mimiciv-3.1_meds_70-10-20/deciles_none_unfused_time_rope_numencxval_first_24h-tokenized/test/tokens_timelines_extended_outcomes.parquet
exp2_extended_regression,regression,peak_bnp,discrete_tt,spearman_rho,True,2864,0.3840453670856728,0.3520042529760388,0.4141706273772723,/gpfs/data/bbj-lab/users/daniel/input-representation-benchmark/outputs/runs/tokenized/mimiciv-3.1_meds_70-10-20/deciles_none_unfused_time_tokens_first_24h-tokenized/test/reg_ridge_regression-preds-model-discrete-time_tokens.pkl,/gpfs/data/bbj-lab/users/daniel/input-representation-benchmark/outputs/runs/tokenized/mimiciv-3.1_meds_70-10-20/deciles_none_unfused_time_tokens_first_24h-tokenized/test/tokens_timelines_extended_outcomes.parquet
exp2_extended_regression,regression,peak_bnp,discrete_tt,r2,True,2864,0.0761400372889139,0.034829791301454,0.1110279537058638,/gpfs/data/bbj-lab/users/daniel/input-representation-benchmark/outputs/runs/tokenized/mimiciv-3.1_meds_70-10-20/deciles_none_unfused_time_tokens_first_24h-tokenized/test/reg_ridge_regression-preds-model-discrete-time_tokens.pkl,/gpfs/data/bbj-lab/users/daniel/input-representation-benchmark/outputs/runs/tokenized/mimiciv-3.1_meds_70-10-20/deciles_none_unfused_time_tokens_first_24h-tokenized/test/tokens_timelines_extended_outcomes.parquet
exp2_extended_regression,regression,peak_bnp,discrete_tt,mae,False,2864,4269.308851229671,4049.793300159765,4484.922397861647,/gpfs/data/bbj-lab/users/daniel/input-representation-benchmark/outputs/runs/tokenized/mimiciv-3.1_meds_70-10-20/deciles_none_unfused_time_tokens_first_24h-tokenized/test/reg_ridge_regression-preds-model-discrete-time_tokens.pkl,/gpfs/data/bbj-lab/users/daniel/input-representation-benchmark/outputs/runs/tokenized/mimiciv-3.1_meds_70-10-20/deciles_none_unfused_time_tokens_first_24h-tokenized/test/tokens_timelines_extended_outcomes.parquet
exp2_extended_regression,regression,peak_bnp,discrete_tt,rmse,False,2864,7184.456732221253,6618.095135176763,7746.861105906168,/gpfs/data/bbj-lab/users/daniel/input-representation-benchmark/outputs/runs/tokenized/mimiciv-3.1_meds_70-10-20/deciles_none_unfused_time_tokens_first_24h-tokenized/test/reg_ridge_regression-preds-model-discrete-time_tokens.pkl,/gpfs/data/bbj-lab/users/daniel/input-representation-benchmark/outputs/runs/tokenized/mimiciv-3.1_meds_70-10-20/deciles_none_unfused_time_tokens_first_24h-tokenized/test/tokens_timelines_extended_outcomes.parquet
exp2_extended_regression,regression,peak_bnp,soft_tt,spearman_rho,True,2864,0.3436728210521264,0.3093419198533363,0.3752885996366584,/gpfs/data/bbj-lab/users/daniel/input-representation-benchmark/outputs/runs/tokenized/mimiciv-3.1_meds_70-10-20/deciles_none_unfused_time_tokens_first_24h-tokenized/test/reg_ridge_regression-preds-model-soft-time_tokens.pkl,/gpfs/data/bbj-lab/users/daniel/input-representation-benchmark/outputs/runs/tokenized/mimiciv-3.1_meds_70-10-20/deciles_none_unfused_time_tokens_first_24h-tokenized/test/tokens_timelines_extended_outcomes.parquet
exp2_extended_regression,regression,peak_bnp,soft_tt,r2,True,2864,0.0549313375819586,0.0152862688639854,0.0893264385401594,/gpfs/data/bbj-lab/users/daniel/input-representation-benchmark/outputs/runs/tokenized/mimiciv-3.1_meds_70-10-20/deciles_none_unfused_time_tokens_first_24h-tokenized/test/reg_ridge_regression-preds-model-soft-time_tokens.pkl,/gpfs/data/bbj-lab/users/daniel/input-representation-benchmark/outputs/runs/tokenized/mimiciv-3.1_meds_70-10-20/deciles_none_unfused_time_tokens_first_24h-tokenized/test/tokens_timelines_extended_outcomes.parquet
exp2_extended_regression,regression,peak_bnp,soft_tt,mae,False,2864,4294.155906813867,4076.080783940608,4503.996476169225,/gpfs/data/bbj-lab/users/daniel/input-representation-benchmark/outputs/runs/tokenized/mimiciv-3.1_meds_70-10-20/deciles_none_unfused_time_tokens_first_24h-tokenized/test/reg_ridge_regression-preds-model-soft-time_tokens.pkl,/gpfs/data/bbj-lab/users/daniel/input-representation-benchmark/outputs/runs/tokenized/mimiciv-3.1_meds_70-10-20/deciles_none_unfused_time_tokens_first_24h-tokenized/test/tokens_timelines_extended_outcomes.parquet
exp2_extended_regression,regression,peak_bnp,soft_tt,rmse,False,2864,7266.454218512316,6689.696136752166,7826.534476548443,/gpfs/data/bbj-lab/users/daniel/input-representation-benchmark/outputs/runs/tokenized/mimiciv-3.1_meds_70-10-20/deciles_none_unfused_time_tokens_first_24h-tokenized/test/reg_ridge_regression-preds-model-soft-time_tokens.pkl,/gpfs/data/bbj-lab/users/daniel/input-representation-benchmark/outputs/runs/tokenized/mimiciv-3.1_meds_70-10-20/deciles_none_unfused_time_tokens_first_24h-tokenized/test/tokens_timelines_extended_outcomes.parquet
exp2_extended_regression,regression,peak_bnp,xval_tt,spearman_rho,True,2864,0.2904677405972308,0.257345141740437,0.3261438216551208,/gpfs/data/bbj-lab/users/daniel/input-representation-benchmark/outputs/runs/tokenized/mimiciv-3.1_meds_70-10-20/deciles_none_unfused_time_tokens_numencxval_first_24h-tokenized/test/reg_ridge_regression-preds-model-xval-time_tokens.pkl,/gpfs/data/bbj-lab/users/daniel/input-representation-benchmark/outputs/runs/tokenized/mimiciv-3.1_meds_70-10-20/deciles_none_unfused_time_tokens_numencxval_first_24h-tokenized/test/tokens_timelines_extended_outcomes.parquet
exp2_extended_regression,regression,peak_bnp,xval_tt,r2,True,2864,-0.0008765488276347,-0.0414640276175623,0.0373718889429959,/gpfs/data/bbj-lab/users/daniel/input-representation-benchmark/outputs/runs/tokenized/mimiciv-3.1_meds_70-10-20/deciles_none_unfused_time_tokens_numencxval_first_24h-tokenized/test/reg_ridge_regression-preds-model-xval-time_tokens.pkl,/gpfs/data/bbj-lab/users/daniel/input-representation-benchmark/outputs/runs/tokenized/mimiciv-3.1_meds_70-10-20/deciles_none_unfused_time_tokens_numencxval_first_24h-tokenized/test/tokens_timelines_extended_outcomes.parquet
exp2_extended_regression,regression,peak_bnp,xval_tt,mae,False,2864,4342.730906251486,4124.672820074243,4570.722863516934,/gpfs/data/bbj-lab/users/daniel/input-representation-benchmark/outputs/runs/tokenized/mimiciv-3.1_meds_70-10-20/deciles_none_unfused_time_tokens_numencxval_first_24h-tokenized/test/reg_ridge_regression-preds-model-xval-time_tokens.pkl,/gpfs/data/bbj-lab/users/daniel/input-representation-benchmark/outputs/runs/tokenized/mimiciv-3.1_meds_70-10-20/deciles_none_unfused_time_tokens_numencxval_first_24h-tokenized/test/tokens_timelines_extended_outcomes.parquet
exp2_extended_regression,regression,peak_bnp,xval_tt,rmse,False,2864,7477.925207989374,6872.030373389765,8053.552443105987,/gpfs/data/bbj-lab/users/daniel/input-representation-benchmark/outputs/runs/tokenized/mimiciv-3.1_meds_70-10-20/deciles_none_unfused_time_tokens_numencxval_first_24h-tokenized/test/reg_ridge_regression-preds-model-xval-time_tokens.pkl,/gpfs/data/bbj-lab/users/daniel/input-representation-benchmark/outputs/runs/tokenized/mimiciv-3.1_meds_70-10-20/deciles_none_unfused_time_tokens_numencxval_first_24h-tokenized/test/tokens_timelines_extended_outcomes.parquet
exp2_extended_regression,regression,peak_bnp,xval_affine_tt,spearman_rho,True,2864,0.2995537293619942,0.2680624940878176,0.33315817634647,/gpfs/data/bbj-lab/users/daniel/input-representation-benchmark/outputs/runs/tokenized/mimiciv-3.1_meds_70-10-20/deciles_none_unfused_time_tokens_numencxval_first_24h-tokenized/test/reg_ridge_regression-preds-model-xval_affine-time_tokens.pkl,/gpfs/data/bbj-lab/users/daniel/input-representation-benchmark/outputs/runs/tokenized/mimiciv-3.1_meds_70-10-20/deciles_none_unfused_time_tokens_numencxval_first_24h-tokenized/test/tokens_timelines_extended_outcomes.parquet
exp2_extended_regression,regression,peak_bnp,xval_affine_tt,r2,True,2864,0.0319397665328026,-0.0004591546351564,0.0635496116630664,/gpfs/data/bbj-lab/users/daniel/input-representation-benchmark/outputs/runs/tokenized/mimiciv-3.1_meds_70-10-20/deciles_none_unfused_time_tokens_numencxval_first_24h-tokenized/test/reg_ridge_regression-preds-model-xval_affine-time_tokens.pkl,/gpfs/data/bbj-lab/users/daniel/input-representation-benchmark/outputs/runs/tokenized/mimiciv-3.1_meds_70-10-20/deciles_none_unfused_time_tokens_numencxval_first_24h-tokenized/test/tokens_timelines_extended_outcomes.parquet
exp2_extended_regression,regression,peak_bnp,xval_affine_tt,mae,False,2864,4267.406163004429,4049.148945643886,4486.603343491907,/gpfs/data/bbj-lab/users/daniel/input-representation-benchmark/outputs/runs/tokenized/mimiciv-3.1_meds_70-10-20/deciles_none_unfused_time_tokens_numencxval_first_24h-tokenized/test/reg_ridge_regression-preds-model-xval_affine-time_tokens.pkl,/gpfs/data/bbj-lab/users/daniel/input-representation-benchmark/outputs/runs/tokenized/mimiciv-3.1_meds_70-10-20/deciles_none_unfused_time_tokens_numencxval_first_24h-tokenized/test/tokens_timelines_extended_outcomes.parquet
exp2_extended_regression,regression,peak_bnp,xval_affine_tt,rmse,False,2864,7354.312000697408,6744.805769040579,7926.355600316647,/gpfs/data/bbj-lab/users/daniel/input-representation-benchmark/outputs/runs/tokenized/mimiciv-3.1_meds_70-10-20/deciles_none_unfused_time_tokens_numencxval_first_24h-tokenized/test/reg_ridge_regression-preds-model-xval_affine-time_tokens.pkl,/gpfs/data/bbj-lab/users/daniel/input-representation-benchmark/outputs/runs/tokenized/mimiciv-3.1_meds_70-10-20/deciles_none_unfused_time_tokens_numencxval_first_24h-tokenized/test/tokens_timelines_extended_outcomes.parquet
exp2_extended_regression,regression,peak_bnp,discrete_rope,spearman_rho,True,2864,0.3717386670365441,0.3400290739356018,0.4012007383026779,/gpfs/data/bbj-lab/users/daniel/input-representation-benchmark/outputs/runs/tokenized/mimiciv-3.1_meds_70-10-20/deciles_none_unfused_time_rope_first_24h-tokenized/test/reg_ridge_regression-preds-model-discrete-time_rope.pkl,/gpfs/data/bbj-lab/users/daniel/input-representation-benchmark/outputs/runs/tokenized/mimiciv-3.1_meds_70-10-20/deciles_none_unfused_time_rope_first_24h-tokenized/test/tokens_timelines_extended_outcomes.parquet
exp2_extended_regression,regression,peak_bnp,discrete_rope,r2,True,2864,0.0587807822685324,0.018705560669954,0.0945077885013463,/gpfs/data/bbj-lab/users/daniel/input-representation-benchmark/outputs/runs/tokenized/mimiciv-3.1_meds_70-10-20/deciles_none_unfused_time_rope_first_24h-tokenized/test/reg_ridge_regression-preds-model-discrete-time_rope.pkl,/gpfs/data/bbj-lab/users/daniel/input-representation-benchmark/outputs/runs/tokenized/mimiciv-3.1_meds_70-10-20/deciles_none_unfused_time_rope_first_24h-tokenized/test/tokens_timelines_extended_outcomes.parquet
exp2_extended_regression,regression,peak_bnp,discrete_rope,mae,False,2864,4310.837538203635,4104.655660242081,4525.663564729354,/gpfs/data/bbj-lab/users/daniel/input-representation-benchmark/outputs/runs/tokenized/mimiciv-3.1_meds_70-10-20/deciles_none_unfused_time_rope_first_24h-tokenized/test/reg_ridge_regression-preds-model-discrete-time_rope.pkl,/gpfs/data/bbj-lab/users/daniel/input-representation-benchmark/outputs/runs/tokenized/mimiciv-3.1_meds_70-10-20/deciles_none_unfused_time_rope_first_24h-tokenized/test/tokens_timelines_extended_outcomes.parquet
exp2_extended_regression,regression,peak_bnp,discrete_rope,rmse,False,2864,7251.640292030495,6702.837591655934,7825.945430551613,/gpfs/data/bbj-lab/users/daniel/input-representation-benchmark/outputs/runs/tokenized/mimiciv-3.1_meds_70-10-20/deciles_none_unfused_time_rope_first_24h-tokenized/test/reg_ridge_regression-preds-model-discrete-time_rope.pkl,/gpfs/data/bbj-lab/users/daniel/input-representation-benchmark/outputs/runs/tokenized/mimiciv-3.1_meds_70-10-20/deciles_none_unfused_time_rope_first_24h-tokenized/test/tokens_timelines_extended_outcomes.parquet
exp2_extended_regression,regression,peak_bnp,soft_rope,spearman_rho,True,2864,0.3307738249928935,0.2982332748458795,0.3623291902732661,/gpfs/data/bbj-lab/users/daniel/input-representation-benchmark/outputs/runs/tokenized/mimiciv-3.1_meds_70-10-20/deciles_none_unfused_time_rope_first_24h-tokenized/test/reg_ridge_regression-preds-model-soft-time_rope.pkl,/gpfs/data/bbj-lab/users/daniel/input-representation-benchmark/outputs/runs/tokenized/mimiciv-3.1_meds_70-10-20/deciles_none_unfused_time_rope_first_24h-tokenized/test/tokens_timelines_extended_outcomes.parquet
exp2_extended_regression,regression,peak_bnp,soft_rope,r2,True,2864,0.0451113218657741,0.0041115014442701,0.0822656360802928,/gpfs/data/bbj-lab/users/daniel/input-representation-benchmark/outputs/runs/tokenized/mimiciv-3.1_meds_70-10-20/deciles_none_unfused_time_rope_first_24h-tokenized/test/reg_ridge_regression-preds-model-soft-time_rope.pkl,/gpfs/data/bbj-lab/users/daniel/input-representation-benchmark/outputs/runs/tokenized/mimiciv-3.1_meds_70-10-20/deciles_none_unfused_time_rope_first_24h-tokenized/test/tokens_timelines_extended_outcomes.parquet
exp2_extended_regression,regression,peak_bnp,soft_rope,mae,False,2864,4391.419157279768,4185.7832155941205,4608.371346946499,/gpfs/data/bbj-lab/users/daniel/input-representation-benchmark/outputs/runs/tokenized/mimiciv-3.1_meds_70-10-20/deciles_none_unfused_time_rope_first_24h-tokenized/test/reg_ridge_regression-preds-model-soft-time_rope.pkl,/gpfs/data/bbj-lab/users/daniel/input-representation-benchmark/outputs/runs/tokenized/mimiciv-3.1_meds_70-10-20/deciles_none_unfused_time_rope_first_24h-tokenized/test/tokens_timelines_extended_outcomes.parquet
exp2_extended_regression,regression,peak_bnp,soft_rope,rmse,False,2864,7304.108777947311,6776.384961217171,7862.466766262878,/gpfs/data/bbj-lab/users/daniel/input-representation-benchmark/outputs/runs/tokenized/mimiciv-3.1_meds_70-10-20/deciles_none_unfused_time_rope_first_24h-tokenized/test/reg_ridge_regression-preds-model-soft-time_rope.pkl,/gpfs/data/bbj-lab/users/daniel/input-representation-benchmark/outputs/runs/tokenized/mimiciv-3.1_meds_70-10-20/deciles_none_unfused_time_rope_first_24h-tokenized/test/tokens_timelines_extended_outcomes.parquet
exp2_extended_regression,regression,peak_bnp,xval_rope,spearman_rho,True,2864,0.3175349358936927,0.2864697993007458,0.3490892267728082,/gpfs/data/bbj-lab/users/daniel/input-representation-benchmark/outputs/runs/tokenized/mimiciv-3.1_meds_70-10-20/deciles_none_unfused_time_rope_numencxval_first_24h-tokenized/test/reg_ridge_regression-preds-model-xval-time_rope.pkl,/gpfs/data/bbj-lab/users/daniel/input-representation-benchmark/outputs/runs/tokenized/mimiciv-3.1_meds_70-10-20/deciles_none_unfused_time_rope_numencxval_first_24h-tokenized/test/tokens_timelines_extended_outcomes.parquet
exp2_extended_regression,regression,peak_bnp,xval_rope,r2,True,2864,0.0074234388618753,-0.0382775285234789,0.0463870291413544,/gpfs/data/bbj-lab/users/daniel/input-representation-benchmark/outputs/runs/tokenized/mimiciv-3.1_meds_70-10-20/deciles_none_unfused_time_rope_numencxval_first_24h-tokenized/test/reg_ridge_regression-preds-model-xval-time_rope.pkl,/gpfs/data/bbj-lab/users/daniel/input-representation-benchmark/outputs/runs/tokenized/mimiciv-3.1_meds_70-10-20/deciles_none_unfused_time_rope_numencxval_first_24h-tokenized/test/tokens_timelines_extended_outcomes.parquet
exp2_extended_regression,regression,peak_bnp,xval_rope,mae,False,2864,4335.962957829117,4100.876050032541,4571.607647887566,/gpfs/data/bbj-lab/users/daniel/input-representation-benchmark/outputs/runs/tokenized/mimiciv-3.1_meds_70-10-20/deciles_none_unfused_time_rope_numencxval_first_24h-tokenized/test/reg_ridge_regression-preds-model-xval-time_rope.pkl,/gpfs/data/bbj-lab/users/daniel/input-representation-benchmark/outputs/runs/tokenized/mimiciv-3.1_meds_70-10-20/deciles_none_unfused_time_rope_numencxval_first_24h-tokenized/test/tokens_timelines_extended_outcomes.parquet
exp2_extended_regression,regression,peak_bnp,xval_rope,rmse,False,2864,7446.854493547771,6837.091914808448,8025.84405922805,/gpfs/data/bbj-lab/users/daniel/input-representation-benchmark/outputs/runs/tokenized/mimiciv-3.1_meds_70-10-20/deciles_none_unfused_time_rope_numencxval_first_24h-tokenized/test/reg_ridge_regression-preds-model-xval-time_rope.pkl,/gpfs/data/bbj-lab/users/daniel/input-representation-benchmark/outputs/runs/tokenized/mimiciv-3.1_meds_70-10-20/deciles_none_unfused_time_rope_numencxval_first_24h-tokenized/test/tokens_timelines_extended_outcomes.parquet
exp2_extended_regression,regression,peak_bnp,xval_affine_rope,spearman_rho,True,2864,0.3001665416100278,0.2659143824651061,0.3321125993261805,/gpfs/data/bbj-lab/users/daniel/input-representation-benchmark/outputs/runs/tokenized/mimiciv-3.1_meds_70-10-20/deciles_none_unfused_time_rope_numencxval_first_24h-tokenized/test/reg_ridge_regression-preds-model-xval_affine-time_rope.pkl,/gpfs/data/bbj-lab/users/daniel/input-representation-benchmark/outputs/runs/tokenized/mimiciv-3.1_meds_70-10-20/deciles_none_unfused_time_rope_numencxval_first_24h-tokenized/test/tokens_timelines_extended_outcomes.parquet
exp2_extended_regression,regression,peak_bnp,xval_affine_rope,r2,True,2864,0.0099589310807725,-0.0255468089289993,0.0417620262700676,/gpfs/data/bbj-lab/users/daniel/input-representation-benchmark/outputs/runs/tokenized/mimiciv-3.1_meds_70-10-20/deciles_none_unfused_time_rope_numencxval_first_24h-tokenized/test/reg_ridge_regression-preds-model-xval_affine-time_rope.pkl,/gpfs/data/bbj-lab/users/daniel/input-representation-benchmark/outputs/runs/tokenized/mimiciv-3.1_meds_70-10-20/deciles_none_unfused_time_rope_numencxval_first_24h-tokenized/test/tokens_timelines_extended_outcomes.parquet
exp2_extended_regression,regression,peak_bnp,xval_affine_rope,mae,False,2864,4291.8947420011,4057.877521361208,4526.388323807391,/gpfs/data/bbj-lab/users/daniel/input-representation-benchmark/outputs/runs/tokenized/mimiciv-3.1_meds_70-10-20/deciles_none_unfused_time_rope_numencxval_first_24h-tokenized/test/reg_ridge_regression-preds-model-xval_affine-time_rope.pkl,/gpfs/data/bbj-lab/users/daniel/input-representation-benchmark/outputs/runs/tokenized/mimiciv-3.1_meds_70-10-20/deciles_none_unfused_time_rope_numencxval_first_24h-tokenized/test/tokens_timelines_extended_outcomes.parquet
exp2_extended_regression,regression,peak_bnp,xval_affine_rope,rmse,False,2864,7437.33708414215,6813.783156894509,8014.742719127788,/gpfs/data/bbj-lab/users/daniel/input-representation-benchmark/outputs/runs/tokenized/mimiciv-3.1_meds_70-10-20/deciles_none_unfused_time_rope_numencxval_first_24h-tokenized/test/reg_ridge_regression-preds-model-xval_affine-time_rope.pkl,/gpfs/data/bbj-lab/users/daniel/input-representation-benchmark/outputs/runs/tokenized/mimiciv-3.1_meds_70-10-20/deciles_none_unfused_time_rope_numencxval_first_24h-tokenized/test/tokens_timelines_extended_outcomes.parquet
exp2_extended_regression,regression,peak_creatinine,discrete_tt,spearman_rho,True,48407,0.5635078271859897,0.5569225389240077,0.5702640933283685,/gpfs/data/bbj-lab/users/daniel/input-representation-benchmark/outputs/runs/tokenized/mimiciv-3.1_meds_70-10-20/deciles_none_unfused_time_tokens_first_24h-tokenized/test/reg_ridge_regression-preds-model-discrete-time_tokens.pkl,/gpfs/data/bbj-lab/users/daniel/input-representation-benchmark/outputs/runs/tokenized/mimiciv-3.1_meds_70-10-20/deciles_none_unfused_time_tokens_first_24h-tokenized/test/tokens_timelines_extended_outcomes.parquet
exp2_extended_regression,regression,peak_creatinine,discrete_tt,r2,True,48407,0.5017927740076105,0.489197074372629,0.5142116329597688,/gpfs/data/bbj-lab/users/daniel/input-representation-benchmark/outputs/runs/tokenized/mimiciv-3.1_meds_70-10-20/deciles_none_unfused_time_tokens_first_24h-tokenized/test/reg_ridge_regression-preds-model-discrete-time_tokens.pkl,/gpfs/data/bbj-lab/users/daniel/input-representation-benchmark/outputs/runs/tokenized/mimiciv-3.1_meds_70-10-20/deciles_none_unfused_time_tokens_first_24h-tokenized/test/tokens_timelines_extended_outcomes.parquet
exp2_extended_regression,regression,peak_creatinine,discrete_tt,mae,False,48407,0.672074153374023,0.6631532081326519,0.6807731510588689,/gpfs/data/bbj-lab/users/daniel/input-representation-benchmark/outputs/runs/tokenized/mimiciv-3.1_meds_70-10-20/deciles_none_unfused_time_tokens_first_24h-tokenized/test/reg_ridge_regression-preds-model-discrete-time_tokens.pkl,/gpfs/data/bbj-lab/users/daniel/input-representation-benchmark/outputs/runs/tokenized/mimiciv-3.1_meds_70-10-20/deciles_none_unfused_time_tokens_first_24h-tokenized/test/tokens_timelines_extended_outcomes.parquet
exp2_extended_regression,regression,peak_creatinine,discrete_tt,rmse,False,48407,1.1889316952879552,1.1539340747142584,1.2234749635846436,/gpfs/data/bbj-lab/users/daniel/input-representation-benchmark/outputs/runs/tokenized/mimiciv-3.1_meds_70-10-20/deciles_none_unfused_time_tokens_first_24h-tokenized/test/reg_ridge_regression-preds-model-discrete-time_tokens.pkl,/gpfs/data/bbj-lab/users/daniel/input-representation-benchmark/outputs/runs/tokenized/mimiciv-3.1_meds_70-10-20/deciles_none_unfused_time_tokens_first_24h-tokenized/test/tokens_timelines_extended_outcomes.parquet
exp2_extended_regression,regression,peak_creatinine,soft_tt,spearman_rho,True,48407,0.5183906656835777,0.5114145043817064,0.5258902826157191,/gpfs/data/bbj-lab/users/daniel/input-representation-benchmark/outputs/runs/tokenized/mimiciv-3.1_meds_70-10-20/deciles_none_unfused_time_tokens_first_24h-tokenized/test/reg_ridge_regression-preds-model-soft-time_tokens.pkl,/gpfs/data/bbj-lab/users/daniel/input-representation-benchmark/outputs/runs/tokenized/mimiciv-3.1_meds_70-10-20/deciles_none_unfused_time_tokens_first_24h-tokenized/test/tokens_timelines_extended_outcomes.parquet
exp2_extended_regression,regression,peak_creatinine,soft_tt,r2,True,48407,0.4445860063735255,0.433238671792054,0.4565098236775385,/gpfs/data/bbj-lab/users/daniel/input-representation-benchmark/outputs/runs/tokenized/mimiciv-3.1_meds_70-10-20/deciles_none_unfused_time_tokens_first_24h-tokenized/test/reg_ridge_regression-preds-model-soft-time_tokens.pkl,/gpfs/data/bbj-lab/users/daniel/input-representation-benchmark/outputs/runs/tokenized/mimiciv-3.1_meds_70-10-20/deciles_none_unfused_time_tokens_first_24h-tokenized/test/tokens_timelines_extended_outcomes.parquet
exp2_extended_regression,regression,peak_creatinine,soft_tt,mae,False,48407,0.7277146797944973,0.7185310362161118,0.736791136300459,/gpfs/data/bbj-lab/users/daniel/input-representation-benchmark/outputs/runs/tokenized/mimiciv-3.1_meds_70-10-20/deciles_none_unfused_time_tokens_first_24h-tokenized/test/reg_ridge_regression-preds-model-soft-time_tokens.pkl,/gpfs/data/bbj-lab/users/daniel/input-representation-benchmark/outputs/runs/tokenized/mimiciv-3.1_meds_70-10-20/deciles_none_unfused_time_tokens_first_24h-tokenized/test/tokens_timelines_extended_outcomes.parquet
exp2_extended_regression,regression,peak_creatinine,soft_tt,rmse,False,48407,1.255336922219044,1.2204675814969546,1.290537139804936,/gpfs/data/bbj-lab/users/daniel/input-representation-benchmark/outputs/runs/tokenized/mimiciv-3.1_meds_70-10-20/deciles_none_unfused_time_tokens_first_24h-tokenized/test/reg_ridge_regression-preds-model-soft-time_tokens.pkl,/gpfs/data/bbj-lab/users/daniel/input-representation-benchmark/outputs/runs/tokenized/mimiciv-3.1_meds_70-10-20/deciles_none_unfused_time_tokens_first_24h-tokenized/test/tokens_timelines_extended_outcomes.parquet
exp2_extended_regression,regression,peak_creatinine,xval_tt,spearman_rho,True,48407,0.4587484101683086,0.4515240336729934,0.4662799809433422,/gpfs/data/bbj-lab/users/daniel/input-representation-benchmark/outputs/runs/tokenized/mimiciv-3.1_meds_70-10-20/deciles_none_unfused_time_tokens_numencxval_first_24h-tokenized/test/reg_ridge_regression-preds-model-xval-time_tokens.pkl,/gpfs/data/bbj-lab/users/daniel/input-representation-benchmark/outputs/runs/tokenized/mimiciv-3.1_meds_70-10-20/deciles_none_unfused_time_tokens_numencxval_first_24h-tokenized/test/tokens_timelines_extended_outcomes.parquet
exp2_extended_regression,regression,peak_creatinine,xval_tt,r2,True,48407,0.3020898818698472,0.2870899114709461,0.3172000020027658,/gpfs/data/bbj-lab/users/daniel/input-representation-benchmark/outputs/runs/tokenized/mimiciv-3.1_meds_70-10-20/deciles_none_unfused_time_tokens_numencxval_first_24h-tokenized/test/reg_ridge_regression-preds-model-xval-time_tokens.pkl,/gpfs/data/bbj-lab/users/daniel/input-representation-benchmark/outputs/runs/tokenized/mimiciv-3.1_meds_70-10-20/deciles_none_unfused_time_tokens_numencxval_first_24h-tokenized/test/tokens_timelines_extended_outcomes.parquet
exp2_extended_regression,regression,peak_creatinine,xval_tt,mae,False,48407,0.758142459052218,0.7477687441227556,0.7686295505398287,/gpfs/data/bbj-lab/users/daniel/input-representation-benchmark/outputs/runs/tokenized/mimiciv-3.1_meds_70-10-20/deciles_none_unfused_time_tokens_numencxval_first_24h-tokenized/test/reg_ridge_regression-preds-model-xval-time_tokens.pkl,/gpfs/data/bbj-lab/users/daniel/input-representation-benchmark/outputs/runs/tokenized/mimiciv-3.1_meds_70-10-20/deciles_none_unfused_time_tokens_numencxval_first_24h-tokenized/test/tokens_timelines_extended_outcomes.parquet
exp2_extended_regression,regression,peak_creatinine,xval_tt,rmse,False,48407,1.4071864387452957,1.3669593534667297,1.4495015129424036,/gpfs/data/bbj-lab/users/daniel/input-representation-benchmark/outputs/runs/tokenized/mimiciv-3.1_meds_70-10-20/deciles_none_unfused_time_tokens_numencxval_first_24h-tokenized/test/reg_ridge_regression-preds-model-xval-time_tokens.pkl,/gpfs/data/bbj-lab/users/daniel/input-representation-benchmark/outputs/runs/tokenized/mimiciv-3.1_meds_70-10-20/deciles_none_unfused_time_tokens_numencxval_first_24h-tokenized/test/tokens_timelines_extended_outcomes.parquet
exp2_extended_regression,regression,peak_creatinine,xval_affine_tt,spearman_rho,True,48407,0.406087746632992,0.3984432064084313,0.4135635364534558,/gpfs/data/bbj-lab/users/daniel/input-representation-benchmark/outputs/runs/tokenized/mimiciv-3.1_meds_70-10-20/deciles_none_unfused_time_tokens_numencxval_first_24h-tokenized/test/reg_ridge_regression-preds-model-xval_affine-time_tokens.pkl,/gpfs/data/bbj-lab/users/daniel/input-representation-benchmark/outputs/runs/tokenized/mimiciv-3.1_meds_70-10-20/deciles_none_unfused_time_tokens_numencxval_first_24h-tokenized/test/tokens_timelines_extended_outcomes.parquet
exp2_extended_regression,regression,peak_creatinine,xval_affine_tt,r2,True,48407,0.220892427590241,0.208731879600869,0.232807507516186,/gpfs/data/bbj-lab/users/daniel/input-representation-benchmark/outputs/runs/tokenized/mimiciv-3.1_meds_70-10-20/deciles_none_unfused_time_tokens_numencxval_first_24h-tokenized/test/reg_ridge_regression-preds-model-xval_affine-time_tokens.pkl,/gpfs/data/bbj-lab/users/daniel/input-representation-benchmark/outputs/runs/tokenized/mimiciv-3.1_meds_70-10-20/deciles_none_unfused_time_tokens_numencxval_first_24h-tokenized/test/tokens_timelines_extended_outcomes.parquet
exp2_extended_regression,regression,peak_creatinine,xval_affine_tt,mae,False,48407,0.8153636185532148,0.804940318271041,0.8267389372296934,/gpfs/data/bbj-lab/users/daniel/input-representation-benchmark/outputs/runs/tokenized/mimiciv-3.1_meds_70-10-20/deciles_none_unfused_time_tokens_numencxval_first_24h-tokenized/test/reg_ridge_regression-preds-model-xval_affine-time_tokens.pkl,/gpfs/data/bbj-lab/users/daniel/input-representation-benchmark/outputs/runs/tokenized/mimiciv-3.1_meds_70-10-20/deciles_none_unfused_time_tokens_numencxval_first_24h-tokenized/test/tokens_timelines_extended_outcomes.parquet
exp2_extended_regression,regression,peak_creatinine,xval_affine_tt,rmse,False,48407,1.4867933381465503,1.4484831207008295,1.5279318387474332,/gpfs/data/bbj-lab/users/daniel/input-representation-benchmark/outputs/runs/tokenized/mimiciv-3.1_meds_70-10-20/deciles_none_unfused_time_tokens_numencxval_first_24h-tokenized/test/reg_ridge_regression-preds-model-xval_affine-time_tokens.pkl,/gpfs/data/bbj-lab/users/daniel/input-representation-benchmark/outputs/runs/tokenized/mimiciv-3.1_meds_70-10-20/deciles_none_unfused_time_tokens_numencxval_first_24h-tokenized/test/tokens_timelines_extended_outcomes.parquet
exp2_extended_regression,regression,peak_creatinine,discrete_rope,spearman_rho,True,48407,0.5671401839437278,0.5602120975065052,0.5743589736795401,/gpfs/data/bbj-lab/users/daniel/input-representation-benchmark/outputs/runs/tokenized/mimiciv-3.1_meds_70-10-20/deciles_none_unfused_time_rope_first_24h-tokenized/test/reg_ridge_regression-preds-model-discrete-time_rope.pkl,/gpfs/data/bbj-lab/users/daniel/input-representation-benchmark/outputs/runs/tokenized/mimiciv-3.1_meds_70-10-20/deciles_none_unfused_time_rope_first_24h-tokenized/test/tokens_timelines_extended_outcomes.parquet
exp2_extended_regression,regression,peak_creatinine,discrete_rope,r2,True,48407,0.50829851945073,0.494969017135358,0.5207549598749728,/gpfs/data/bbj-lab/users/daniel/input-representation-benchmark/outputs/runs/tokenized/mimiciv-3.1_meds_70-10-20/deciles_none_unfused_time_rope_first_24h-tokenized/test/reg_ridge_regression-preds-model-discrete-time_rope.pkl,/gpfs/data/bbj-lab/users/daniel/input-representation-benchmark/outputs/runs/tokenized/mimiciv-3.1_meds_70-10-20/deciles_none_unfused_time_rope_first_24h-tokenized/test/tokens_timelines_extended_outcomes.parquet
exp2_extended_regression,regression,peak_creatinine,discrete_rope,mae,False,48407,0.6661629360214811,0.6576561427187887,0.6745659052342987,/gpfs/data/bbj-lab/users/daniel/input-representation-benchmark/outputs/runs/tokenized/mimiciv-3.1_meds_70-10-20/deciles_none_unfused_time_rope_first_24h-tokenized/test/reg_ridge_regression-preds-model-discrete-time_rope.pkl,/gpfs/data/bbj-lab/users/daniel/input-representation-benchmark/outputs/runs/tokenized/mimiciv-3.1_meds_70-10-20/deciles_none_unfused_time_rope_first_24h-tokenized/test/tokens_timelines_extended_outcomes.parquet
exp2_extended_regression,regression,peak_creatinine,discrete_rope,rmse,False,48407,1.181143465890087,1.145791760937262,1.2174122488607573,/gpfs/data/bbj-lab/users/daniel/input-representation-benchmark/outputs/runs/tokenized/mimiciv-3.1_meds_70-10-20/deciles_none_unfused_time_rope_first_24h-tokenized/test/reg_ridge_regression-preds-model-discrete-time_rope.pkl,/gpfs/data/bbj-lab/users/daniel/input-representation-benchmark/outputs/runs/tokenized/mimiciv-3.1_meds_70-10-20/deciles_none_unfused_time_rope_first_24h-tokenized/test/tokens_timelines_extended_outcomes.parquet
exp2_extended_regression,regression,peak_creatinine,soft_rope,spearman_rho,True,48407,0.5467400593667308,0.5393761138466334,0.5539153746670791,/gpfs/data/bbj-lab/users/daniel/input-representation-benchmark/outputs/runs/tokenized/mimiciv-3.1_meds_70-10-20/deciles_none_unfused_time_rope_first_24h-tokenized/test/reg_ridge_regression-preds-model-soft-time_rope.pkl,/gpfs/data/bbj-lab/users/daniel/input-representation-benchmark/outputs/runs/tokenized/mimiciv-3.1_meds_70-10-20/deciles_none_unfused_time_rope_first_24h-tokenized/test/tokens_timelines_extended_outcomes.parquet
exp2_extended_regression,regression,peak_creatinine,soft_rope,r2,True,48407,0.5010834056746386,0.488423119742914,0.5130256479033668,/gpfs/data/bbj-lab/users/daniel/input-representation-benchmark/outputs/runs/tokenized/mimiciv-3.1_meds_70-10-20/deciles_none_unfused_time_rope_first_24h-tokenized/test/reg_ridge_regression-preds-model-soft-time_rope.pkl,/gpfs/data/bbj-lab/users/daniel/input-representation-benchmark/outputs/runs/tokenized/mimiciv-3.1_meds_70-10-20/deciles_none_unfused_time_rope_first_24h-tokenized/test/tokens_timelines_extended_outcomes.parquet
exp2_extended_regression,regression,peak_creatinine,soft_rope,mae,False,48407,0.6692400527704045,0.660138412289994,0.678133025243563,/gpfs/data/bbj-lab/users/daniel/input-representation-benchmark/outputs/runs/tokenized/mimiciv-3.1_meds_70-10-20/deciles_none_unfused_time_rope_first_24h-tokenized/test/reg_ridge_regression-preds-model-soft-time_rope.pkl,/gpfs/data/bbj-lab/users/daniel/input-representation-benchmark/outputs/runs/tokenized/mimiciv-3.1_meds_70-10-20/deciles_none_unfused_time_rope_first_24h-tokenized/test/tokens_timelines_extended_outcomes.parquet
exp2_extended_regression,regression,peak_creatinine,soft_rope,rmse,False,48407,1.1897778196018665,1.154080275017222,1.226078119432296,/gpfs/data/bbj-lab/users/daniel/input-representation-benchmark/outputs/runs/tokenized/mimiciv-3.1_meds_70-10-20/deciles_none_unfused_time_rope_first_24h-tokenized/test/reg_ridge_regression-preds-model-soft-time_rope.pkl,/gpfs/data/bbj-lab/users/daniel/input-representation-benchmark/outputs/runs/tokenized/mimiciv-3.1_meds_70-10-20/deciles_none_unfused_time_rope_first_24h-tokenized/test/tokens_timelines_extended_outcomes.parquet
exp2_extended_regression,regression,peak_creatinine,xval_rope,spearman_rho,True,48407,0.4514507606878984,0.4440955733081879,0.4595264419503974,/gpfs/data/bbj-lab/users/daniel/input-representation-benchmark/outputs/runs/tokenized/mimiciv-3.1_meds_70-10-20/deciles_none_unfused_time_rope_numencxval_first_24h-tokenized/test/reg_ridge_regression-preds-model-xval-time_rope.pkl,/gpfs/data/bbj-lab/users/daniel/input-representation-benchmark/outputs/runs/tokenized/mimiciv-3.1_meds_70-10-20/deciles_none_unfused_time_rope_numencxval_first_24h-tokenized/test/tokens_timelines_extended_outcomes.parquet
exp2_extended_regression,regression,peak_creatinine,xval_rope,r2,True,48407,0.3048910113543278,0.288915937132592,0.319843358375554,/gpfs/data/bbj-lab/users/daniel/input-representation-benchmark/outputs/runs/tokenized/mimiciv-3.1_meds_70-10-20/deciles_none_unfused_time_rope_numencxval_first_24h-tokenized/test/reg_ridge_regression-preds-model-xval-time_rope.pkl,/gpfs/data/bbj-lab/users/daniel/input-representation-benchmark/outputs/runs/tokenized/mimiciv-3.1_meds_70-10-20/deciles_none_unfused_time_rope_numencxval_first_24h-tokenized/test/tokens_timelines_extended_outcomes.parquet
exp2_extended_regression,regression,peak_creatinine,xval_rope,mae,False,48407,0.7566867278492287,0.7463562270551073,0.7677617238890193,/gpfs/data/bbj-lab/users/daniel/input-representation-benchmark/outputs/runs/tokenized/mimiciv-3.1_meds_70-10-20/deciles_none_unfused_time_rope_numencxval_first_24h-tokenized/test/reg_ridge_regression-preds-model-xval-time_rope.pkl,/gpfs/data/bbj-lab/users/daniel/input-representation-benchmark/outputs/runs/tokenized/mimiciv-3.1_meds_70-10-20/deciles_none_unfused_time_rope_numencxval_first_24h-tokenized/test/tokens_timelines_extended_outcomes.parquet
exp2_extended_regression,regression,peak_creatinine,xval_rope,rmse,False,48407,1.404359660347961,1.363233009855743,1.448149963071505,/gpfs/data/bbj-lab/users/daniel/input-representation-benchmark/outputs/runs/tokenized/mimiciv-3.1_meds_70-10-20/deciles_none_unfused_time_rope_numencxval_first_24h-tokenized/test/reg_ridge_regression-preds-model-xval-time_rope.pkl,/gpfs/data/bbj-lab/users/daniel/input-representation-benchmark/outputs/runs/tokenized/mimiciv-3.1_meds_70-10-20/deciles_none_unfused_time_rope_numencxval_first_24h-tokenized/test/tokens_timelines_extended_outcomes.parquet
exp2_extended_regression,regression,peak_creatinine,xval_affine_rope,spearman_rho,True,48407,0.4104385613752013,0.4027942817961138,0.4181257325906901,/gpfs/data/bbj-lab/users/daniel/input-representation-benchmark/outputs/runs/tokenized/mimiciv-3.1_meds_70-10-20/deciles_none_unfused_time_rope_numencxval_first_24h-tokenized/test/reg_ridge_regression-preds-model-xval_affine-time_rope.pkl,/gpfs/data/bbj-lab/users/daniel/input-representation-benchmark/outputs/runs/tokenized/mimiciv-3.1_meds_70-10-20/deciles_none_unfused_time_rope_numencxval_first_24h-tokenized/test/tokens_timelines_extended_outcomes.parquet
exp2_extended_regression,regression,peak_creatinine,xval_affine_rope,r2,True,48407,0.2054932466665412,0.19346984161698,0.2175231064035911,/gpfs/data/bbj-lab/users/daniel/input-representation-benchmark/outputs/runs/tokenized/mimiciv-3.1_meds_70-10-20/deciles_none_unfused_time_rope_numencxval_first_24h-tokenized/test/reg_ridge_regression-preds-model-xval_affine-time_rope.pkl,/gpfs/data/bbj-lab/users/daniel/input-representation-benchmark/outputs/runs/tokenized/mimiciv-3.1_meds_70-10-20/deciles_none_unfused_time_rope_numencxval_first_24h-tokenized/test/tokens_timelines_extended_outcomes.parquet
exp2_extended_regression,regression,peak_creatinine,xval_affine_rope,mae,False,48407,0.8249533702366245,0.8138228661442166,0.8366452902475064,/gpfs/data/bbj-lab/users/daniel/input-representation-benchmark/outputs/runs/tokenized/mimiciv-3.1_meds_70-10-20/deciles_none_unfused_time_rope_numencxval_first_24h-tokenized/test/reg_ridge_regression-preds-model-xval_affine-time_rope.pkl,/gpfs/data/bbj-lab/users/daniel/input-representation-benchmark/outputs/runs/tokenized/mimiciv-3.1_meds_70-10-20/deciles_none_unfused_time_rope_numencxval_first_24h-tokenized/test/tokens_timelines_extended_outcomes.parquet
exp2_extended_regression,regression,peak_creatinine,xval_affine_rope,rmse,False,48407,1.5014147922718553,1.4616193654709295,1.544056004148971,/gpfs/data/bbj-lab/users/daniel/input-representation-benchmark/outputs/runs/tokenized/mimiciv-3.1_meds_70-10-20/deciles_none_unfused_time_rope_numencxval_first_24h-tokenized/test/reg_ridge_regression-preds-model-xval_affine-time_rope.pkl,/gpfs/data/bbj-lab/users/daniel/input-representation-benchmark/outputs/runs/tokenized/mimiciv-3.1_meds_70-10-20/deciles_none_unfused_time_rope_numencxval_first_24h-tokenized/test/tokens_timelines_extended_outcomes.parquet
exp2_extended_regression,regression,peak_potassium,discrete_tt,spearman_rho,True,48074,0.4626020750993374,0.4550093307265761,0.470050343762564,/gpfs/data/bbj-lab/users/daniel/input-representation-benchmark/outputs/runs/tokenized/mimiciv-3.1_meds_70-10-20/deciles_none_unfused_time_tokens_first_24h-tokenized/test/reg_ridge_regression-preds-model-discrete-time_tokens.pkl,/gpfs/data/bbj-lab/users/daniel/input-representation-benchmark/outputs/runs/tokenized/mimiciv-3.1_meds_70-10-20/deciles_none_unfused_time_tokens_first_24h-tokenized/test/tokens_timelines_extended_outcomes.parquet
exp2_extended_regression,regression,peak_potassium,discrete_tt,r2,True,48074,0.1154163557075877,0.0652205885931322,0.1979879948163833,/gpfs/data/bbj-lab/users/daniel/input-representation-benchmark/outputs/runs/tokenized/mimiciv-3.1_meds_70-10-20/deciles_none_unfused_time_tokens_first_24h-tokenized/test/reg_ridge_regression-preds-model-discrete-time_tokens.pkl,/gpfs/data/bbj-lab/users/daniel/input-representation-benchmark/outputs/runs/tokenized/mimiciv-3.1_meds_70-10-20/deciles_none_unfused_time_tokens_first_24h-tokenized/test/tokens_timelines_extended_outcomes.parquet
exp2_extended_regression,regression,peak_potassium,discrete_tt,mae,False,48074,0.4207212121027722,0.4151617863423256,0.4276814842065748,/gpfs/data/bbj-lab/users/daniel/input-representation-benchmark/outputs/runs/tokenized/mimiciv-3.1_meds_70-10-20/deciles_none_unfused_time_tokens_first_24h-tokenized/test/reg_ridge_regression-preds-model-discrete-time_tokens.pkl,/gpfs/data/bbj-lab/users/daniel/input-representation-benchmark/outputs/runs/tokenized/mimiciv-3.1_meds_70-10-20/deciles_none_unfused_time_tokens_first_24h-tokenized/test/tokens_timelines_extended_outcomes.parquet
exp2_extended_regression,regression,peak_potassium,discrete_tt,rmse,False,48074,0.8318961901705267,0.5956470901346749,1.1636634298199378,/gpfs/data/bbj-lab/users/daniel/input-representation-benchmark/outputs/runs/tokenized/mimiciv-3.1_meds_70-10-20/deciles_none_unfused_time_tokens_first_24h-tokenized/test/reg_ridge_regression-preds-model-discrete-time_tokens.pkl,/gpfs/data/bbj-lab/users/daniel/input-representation-benchmark/outputs/runs/tokenized/mimiciv-3.1_meds_70-10-20/deciles_none_unfused_time_tokens_first_24h-tokenized/test/tokens_timelines_extended_outcomes.parquet
exp2_extended_regression,regression,peak_potassium,soft_tt,spearman_rho,True,48074,0.4515031888330907,0.4442706197431709,0.4585136369820267,/gpfs/data/bbj-lab/users/daniel/input-representation-benchmark/outputs/runs/tokenized/mimiciv-3.1_meds_70-10-20/deciles_none_unfused_time_tokens_first_24h-tokenized/test/reg_ridge_regression-preds-model-soft-time_tokens.pkl,/gpfs/data/bbj-lab/users/daniel/input-representation-benchmark/outputs/runs/tokenized/mimiciv-3.1_meds_70-10-20/deciles_none_unfused_time_tokens_first_24h-tokenized/test/tokens_timelines_extended_outcomes.parquet
exp2_extended_regression,regression,peak_potassium,soft_tt,r2,True,48074,0.1097774711320671,0.0617746977307362,0.1892032526444094,/gpfs/data/bbj-lab/users/daniel/input-representation-benchmark/outputs/runs/tokenized/mimiciv-3.1_meds_70-10-20/deciles_none_unfused_time_tokens_first_24h-tokenized/test/reg_ridge_regression-preds-model-soft-time_tokens.pkl,/gpfs/data/bbj-lab/users/daniel/input-representation-benchmark/outputs/runs/tokenized/mimiciv-3.1_meds_70-10-20/deciles_none_unfused_time_tokens_first_24h-tokenized/test/tokens_timelines_extended_outcomes.parquet
exp2_extended_regression,regression,peak_potassium,soft_tt,mae,False,48074,0.4237919554695109,0.4180110233320868,0.4308702909392711,/gpfs/data/bbj-lab/users/daniel/input-representation-benchmark/outputs/runs/tokenized/mimiciv-3.1_meds_70-10-20/deciles_none_unfused_time_tokens_first_24h-tokenized/test/reg_ridge_regression-preds-model-soft-time_tokens.pkl,/gpfs/data/bbj-lab/users/daniel/input-representation-benchmark/outputs/runs/tokenized/mimiciv-3.1_meds_70-10-20/deciles_none_unfused_time_tokens_first_24h-tokenized/test/tokens_timelines_extended_outcomes.parquet
exp2_extended_regression,regression,peak_potassium,soft_tt,rmse,False,48074,0.8345434890303811,0.5989160973700897,1.166144192588888,/gpfs/data/bbj-lab/users/daniel/input-representation-benchmark/outputs/runs/tokenized/mimiciv-3.1_meds_70-10-20/deciles_none_unfused_time_tokens_first_24h-tokenized/test/reg_ridge_regression-preds-model-soft-time_tokens.pkl,/gpfs/data/bbj-lab/users/daniel/input-representation-benchmark/outputs/runs/tokenized/mimiciv-3.1_meds_70-10-20/deciles_none_unfused_time_tokens_first_24h-tokenized/test/tokens_timelines_extended_outcomes.parquet
exp2_extended_regression,regression,peak_potassium,xval_tt,spearman_rho,True,48074,0.3705128354975256,0.3630410743084102,0.3787994681645622,/gpfs/data/bbj-lab/users/daniel/input-representation-benchmark/outputs/runs/tokenized/mimiciv-3.1_meds_70-10-20/deciles_none_unfused_time_tokens_numencxval_first_24h-tokenized/test/reg_ridge_regression-preds-model-xval-time_tokens.pkl,/gpfs/data/bbj-lab/users/daniel/input-representation-benchmark/outputs/runs/tokenized/mimiciv-3.1_meds_70-10-20/deciles_none_unfused_time_tokens_numencxval_first_24h-tokenized/test/tokens_timelines_extended_outcomes.parquet
exp2_extended_regression,regression,peak_potassium,xval_tt,r2,True,48074,0.0734350375636833,0.0381477610659334,0.1331803556800705,/gpfs/data/bbj-lab/users/daniel/input-representation-benchmark/outputs/runs/tokenized/mimiciv-3.1_meds_70-10-20/deciles_none_unfused_time_tokens_numencxval_first_24h-tokenized/test/reg_ridge_regression-preds-model-xval-time_tokens.pkl,/gpfs/data/bbj-lab/users/daniel/input-representation-benchmark/outputs/runs/tokenized/mimiciv-3.1_meds_70-10-20/deciles_none_unfused_time_tokens_numencxval_first_24h-tokenized/test/tokens_timelines_extended_outcomes.parquet
exp2_extended_regression,regression,peak_potassium,xval_tt,mae,False,48074,0.4395640084059433,0.4336411425794239,0.4467966607476547,/gpfs/data/bbj-lab/users/daniel/input-representation-benchmark/outputs/runs/tokenized/mimiciv-3.1_meds_70-10-20/deciles_none_unfused_time_tokens_numencxval_first_24h-tokenized/test/reg_ridge_regression-preds-model-xval-time_tokens.pkl,/gpfs/data/bbj-lab/users/daniel/input-representation-benchmark/outputs/runs/tokenized/mimiciv-3.1_meds_70-10-20/deciles_none_unfused_time_tokens_numencxval_first_24h-tokenized/test/tokens_timelines_extended_outcomes.parquet
exp2_extended_regression,regression,peak_potassium,xval_tt,rmse,False,48074,0.8514077902483846,0.6187483292981873,1.1818662047266424,/gpfs/data/bbj-lab/users/daniel/input-representation-benchmark/outputs/runs/tokenized/mimiciv-3.1_meds_70-10-20/deciles_none_unfused_time_tokens_numencxval_first_24h-tokenized/test/reg_ridge_regression-preds-model-xval-time_tokens.pkl,/gpfs/data/bbj-lab/users/daniel/input-representation-benchmark/outputs/runs/tokenized/mimiciv-3.1_meds_70-10-20/deciles_none_unfused_time_tokens_numencxval_first_24h-tokenized/test/tokens_timelines_extended_outcomes.parquet
exp2_extended_regression,regression,peak_potassium,xval_affine_tt,spearman_rho,True,48074,0.3181660559267704,0.3101067800634117,0.3262618925854813,/gpfs/data/bbj-lab/users/daniel/input-representation-benchmark/outputs/runs/tokenized/mimiciv-3.1_meds_70-10-20/deciles_none_unfused_time_tokens_numencxval_first_24h-tokenized/test/reg_ridge_regression-preds-model-xval_affine-time_tokens.pkl,/gpfs/data/bbj-lab/users/daniel/input-representation-benchmark/outputs/runs/tokenized/mimiciv-3.1_meds_70-10-20/deciles_none_unfused_time_tokens_numencxval_first_24h-tokenized/test/tokens_timelines_extended_outcomes.parquet
exp2_extended_regression,regression,peak_potassium,xval_affine_tt,r2,True,48074,0.0556997795608084,0.0282647130593343,0.1019615057365017,/gpfs/data/bbj-lab/users/daniel/input-representation-benchmark/outputs/runs/tokenized/mimiciv-3.1_meds_70-10-20/deciles_none_unfused_time_tokens_numencxval_first_24h-tokenized/test/reg_ridge_regression-preds-model-xval_affine-time_tokens.pkl,/gpfs/data/bbj-lab/users/daniel/input-representation-benchmark/outputs/runs/tokenized/mimiciv-3.1_meds_70-10-20/deciles_none_unfused_time_tokens_numencxval_first_24h-tokenized/test/tokens_timelines_extended_outcomes.parquet
exp2_extended_regression,regression,peak_potassium,xval_affine_tt,mae,False,48074,0.4503375329173924,0.4444654923478096,0.4575501294168375,/gpfs/data/bbj-lab/users/daniel/input-representation-benchmark/outputs/runs/tokenized/mimiciv-3.1_meds_70-10-20/deciles_none_unfused_time_tokens_numencxval_first_24h-tokenized/test/reg_ridge_regression-preds-model-xval_affine-time_tokens.pkl,/gpfs/data/bbj-lab/users/daniel/input-representation-benchmark/outputs/runs/tokenized/mimiciv-3.1_meds_70-10-20/deciles_none_unfused_time_tokens_numencxval_first_24h-tokenized/test/tokens_timelines_extended_outcomes.parquet
exp2_extended_regression,regression,peak_potassium,xval_affine_tt,rmse,False,48074,0.8595175096536432,0.6297429219730682,1.187511828015365,/gpfs/data/bbj-lab/users/daniel/input-representation-benchmark/outputs/runs/tokenized/mimiciv-3.1_meds_70-10-20/deciles_none_unfused_time_tokens_numencxval_first_24h-tokenized/test/reg_ridge_regression-preds-model-xval_affine-time_tokens.pkl,/gpfs/data/bbj-lab/users/daniel/input-representation-benchmark/outputs/runs/tokenized/mimiciv-3.1_meds_70-10-20/deciles_none_unfused_time_tokens_numencxval_first_24h-tokenized/test/tokens_timelines_extended_outcomes.parquet
exp2_extended_regression,regression,peak_potassium,discrete_rope,spearman_rho,True,48074,0.4663586733597484,0.4588562146033274,0.4733960476006187,/gpfs/data/bbj-lab/users/daniel/input-representation-benchmark/outputs/runs/tokenized/mimiciv-3.1_meds_70-10-20/deciles_none_unfused_time_rope_first_24h-tokenized/test/reg_ridge_regression-preds-model-discrete-time_rope.pkl,/gpfs/data/bbj-lab/users/daniel/input-representation-benchmark/outputs/runs/tokenized/mimiciv-3.1_meds_70-10-20/deciles_none_unfused_time_rope_first_24h-tokenized/test/tokens_timelines_extended_outcomes.parquet
exp2_extended_regression,regression,peak_potassium,discrete_rope,r2,True,48074,0.1161973500595912,0.0670735636789216,0.1988662241869823,/gpfs/data/bbj-lab/users/daniel/input-representation-benchmark/outputs/runs/tokenized/mimiciv-3.1_meds_70-10-20/deciles_none_unfused_time_rope_first_24h-tokenized/test/reg_ridge_regression-preds-model-discrete-time_rope.pkl,/gpfs/data/bbj-lab/users/daniel/input-representation-benchmark/outputs/runs/tokenized/mimiciv-3.1_meds_70-10-20/deciles_none_unfused_time_rope_first_24h-tokenized/test/tokens_timelines_extended_outcomes.parquet
exp2_extended_regression,regression,peak_potassium,discrete_rope,mae,False,48074,0.4197134753583011,0.4142026171888587,0.4267832062465225,/gpfs/data/bbj-lab/users/daniel/input-representation-benchmark/outputs/runs/tokenized/mimiciv-3.1_meds_70-10-20/deciles_none_unfused_time_rope_first_24h-tokenized/test/reg_ridge_regression-preds-model-discrete-time_rope.pkl,/gpfs/data/bbj-lab/users/daniel/input-representation-benchmark/outputs/runs/tokenized/mimiciv-3.1_meds_70-10-20/deciles_none_unfused_time_rope_first_24h-tokenized/test/tokens_timelines_extended_outcomes.parquet
exp2_extended_regression,regression,peak_potassium,discrete_rope,rmse,False,48074,0.8315288706416828,0.5955601708079795,1.1618753359681289,/gpfs/data/bbj-lab/users/daniel/input-representation-benchmark/outputs/runs/tokenized/mimiciv-3.1_meds_70-10-20/deciles_none_unfused_time_rope_first_24h-tokenized/test/reg_ridge_regression-preds-model-discrete-time_rope.pkl,/gpfs/data/bbj-lab/users/daniel/input-representation-benchmark/outputs/runs/tokenized/mimiciv-3.1_meds_70-10-20/deciles_none_unfused_time_rope_first_24h-tokenized/test/tokens_timelines_extended_outcomes.parquet
exp2_extended_regression,regression,peak_potassium,soft_rope,spearman_rho,True,48074,0.4702683102792689,0.4625919368285286,0.4771323871417367,/gpfs/data/bbj-lab/users/daniel/input-representation-benchmark/outputs/runs/tokenized/mimiciv-3.1_meds_70-10-20/deciles_none_unfused_time_rope_first_24h-tokenized/test/reg_ridge_regression-preds-model-soft-time_rope.pkl,/gpfs/data/bbj-lab/users/daniel/input-representation-benchmark/outputs/runs/tokenized/mimiciv-3.1_meds_70-10-20/deciles_none_unfused_time_rope_first_24h-tokenized/test/tokens_timelines_extended_outcomes.parquet
exp2_extended_regression,regression,peak_potassium,soft_rope,r2,True,48074,0.1175483419071922,0.0671791959977872,0.2019341541351349,/gpfs/data/bbj-lab/users/daniel/input-representation-benchmark/outputs/runs/tokenized/mimiciv-3.1_meds_70-10-20/deciles_none_unfused_time_rope_first_24h-tokenized/test/reg_ridge_regression-preds-model-soft-time_rope.pkl,/gpfs/data/bbj-lab/users/daniel/input-representation-benchmark/outputs/runs/tokenized/mimiciv-3.1_meds_70-10-20/deciles_none_unfused_time_rope_first_24h-tokenized/test/tokens_timelines_extended_outcomes.parquet
exp2_extended_regression,regression,peak_potassium,soft_rope,mae,False,48074,0.4182112524906665,0.4126351016899379,0.4253462264016067,/gpfs/data/bbj-lab/users/daniel/input-representation-benchmark/outputs/runs/tokenized/mimiciv-3.1_meds_70-10-20/deciles_none_unfused_time_rope_first_24h-tokenized/test/reg_ridge_regression-preds-model-soft-time_rope.pkl,/gpfs/data/bbj-lab/users/daniel/input-representation-benchmark/outputs/runs/tokenized/mimiciv-3.1_meds_70-10-20/deciles_none_unfused_time_rope_first_24h-tokenized/test/tokens_timelines_extended_outcomes.parquet
exp2_extended_regression,regression,peak_potassium,soft_rope,rmse,False,48074,0.830893084835696,0.5945699684464936,1.1616758612281777,/gpfs/data/bbj-lab/users/daniel/input-representation-benchmark/outputs/runs/tokenized/mimiciv-3.1_meds_70-10-20/deciles_none_unfused_time_rope_first_24h-tokenized/test/reg_ridge_regression-preds-model-soft-time_rope.pkl,/gpfs/data/bbj-lab/users/daniel/input-representation-benchmark/outputs/runs/tokenized/mimiciv-3.1_meds_70-10-20/deciles_none_unfused_time_rope_first_24h-tokenized/test/tokens_timelines_extended_outcomes.parquet
exp2_extended_regression,regression,peak_potassium,xval_rope,spearman_rho,True,48074,0.3699465361133456,0.3621526611654304,0.377605774029762,/gpfs/data/bbj-lab/users/daniel/input-representation-benchmark/outputs/runs/tokenized/mimiciv-3.1_meds_70-10-20/deciles_none_unfused_time_rope_numencxval_first_24h-tokenized/test/reg_ridge_regression-preds-model-xval-time_rope.pkl,/gpfs/data/bbj-lab/users/daniel/input-representation-benchmark/outputs/runs/tokenized/mimiciv-3.1_meds_70-10-20/deciles_none_unfused_time_rope_numencxval_first_24h-tokenized/test/tokens_timelines_extended_outcomes.parquet
exp2_extended_regression,regression,peak_potassium,xval_rope,r2,True,48074,0.0728157435225621,0.0367608673190688,0.1316645405598436,/gpfs/data/bbj-lab/users/daniel/input-representation-benchmark/outputs/runs/tokenized/mimiciv-3.1_meds_70-10-20/deciles_none_unfused_time_rope_numencxval_first_24h-tokenized/test/reg_ridge_regression-preds-model-xval-time_rope.pkl,/gpfs/data/bbj-lab/users/daniel/input-representation-benchmark/outputs/runs/tokenized/mimiciv-3.1_meds_70-10-20/deciles_none_unfused_time_rope_numencxval_first_24h-tokenized/test/tokens_timelines_extended_outcomes.parquet
exp2_extended_regression,regression,peak_potassium,xval_rope,mae,False,48074,0.4396600435993141,0.4341465936562971,0.4474257656312069,/gpfs/data/bbj-lab/users/daniel/input-representation-benchmark/outputs/runs/tokenized/mimiciv-3.1_meds_70-10-20/deciles_none_unfused_time_rope_numencxval_first_24h-tokenized/test/reg_ridge_regression-preds-model-xval-time_rope.pkl,/gpfs/data/bbj-lab/users/daniel/input-representation-benchmark/outputs/runs/tokenized/mimiciv-3.1_meds_70-10-20/deciles_none_unfused_time_rope_numencxval_first_24h-tokenized/test/tokens_timelines_extended_outcomes.parquet
exp2_extended_regression,regression,peak_potassium,xval_rope,rmse,False,48074,0.851692273105973,0.6205204966343169,1.1832535030893392,/gpfs/data/bbj-lab/users/daniel/input-representation-benchmark/outputs/runs/tokenized/mimiciv-3.1_meds_70-10-20/deciles_none_unfused_time_rope_numencxval_first_24h-tokenized/test/reg_ridge_regression-preds-model-xval-time_rope.pkl,/gpfs/data/bbj-lab/users/daniel/input-representation-benchmark/outputs/runs/tokenized/mimiciv-3.1_meds_70-10-20/deciles_none_unfused_time_rope_numencxval_first_24h-tokenized/test/tokens_timelines_extended_outcomes.parquet
exp2_extended_regression,regression,peak_potassium,xval_affine_rope,spearman_rho,True,48074,0.3036516109631567,0.2953750152368288,0.3120348536909539,/gpfs/data/bbj-lab/users/daniel/input-representation-benchmark/outputs/runs/tokenized/mimiciv-3.1_meds_70-10-20/deciles_none_unfused_time_rope_numencxval_first_24h-tokenized/test/reg_ridge_regression-preds-model-xval_affine-time_rope.pkl,/gpfs/data/bbj-lab/users/daniel/input-representation-benchmark/outputs/runs/tokenized/mimiciv-3.1_meds_70-10-20/deciles_none_unfused_time_rope_numencxval_first_24h-tokenized/test/tokens_timelines_extended_outcomes.parquet
exp2_extended_regression,regression,peak_potassium,xval_affine_rope,r2,True,48074,0.0507081584477981,0.0256481281358735,0.0925551133769988,/gpfs/data/bbj-lab/users/daniel/input-representation-benchmark/outputs/runs/tokenized/mimiciv-3.1_meds_70-10-20/deciles_none_unfused_time_rope_numencxval_first_24h-tokenized/test/reg_ridge_regression-preds-model-xval_affine-time_rope.pkl,/gpfs/data/bbj-lab/users/daniel/input-representation-benchmark/outputs/runs/tokenized/mimiciv-3.1_meds_70-10-20/deciles_none_unfused_time_rope_numencxval_first_24h-tokenized/test/tokens_timelines_extended_outcomes.parquet
exp2_extended_regression,regression,peak_potassium,xval_affine_rope,mae,False,48074,0.4528461700256746,0.4473001701744965,0.4602935908548827,/gpfs/data/bbj-lab/users/daniel/input-representation-benchmark/outputs/runs/tokenized/mimiciv-3.1_meds_70-10-20/deciles_none_unfused_time_rope_numencxval_first_24h-tokenized/test/reg_ridge_regression-preds-model-xval_affine-time_rope.pkl,/gpfs/data/bbj-lab/users/daniel/input-representation-benchmark/outputs/runs/tokenized/mimiciv-3.1_meds_70-10-20/deciles_none_unfused_time_rope_numencxval_first_24h-tokenized/test/tokens_timelines_extended_outcomes.parquet
exp2_extended_regression,regression,peak_potassium,xval_affine_rope,rmse,False,48074,0.861786243044693,0.634488836065967,1.1901233798307544,/gpfs/data/bbj-lab/users/daniel/input-representation-benchmark/outputs/runs/tokenized/mimiciv-3.1_meds_70-10-20/deciles_none_unfused_time_rope_numencxval_first_24h-tokenized/test/reg_ridge_regression-preds-model-xval_affine-time_rope.pkl,/gpfs/data/bbj-lab/users/daniel/input-representation-benchmark/outputs/runs/tokenized/mimiciv-3.1_meds_70-10-20/deciles_none_unfused_time_rope_numencxval_first_24h-tokenized/test/tokens_timelines_extended_outcomes.parquet
exp2_extended_regression,regression,peak_troponin,discrete_tt,spearman_rho,True,3545,0.386248902565558,0.3563011986721769,0.4150108930188658,/gpfs/data/bbj-lab/users/daniel/input-representation-benchmark/outputs/runs/tokenized/mimiciv-3.1_meds_70-10-20/deciles_none_unfused_time_tokens_first_24h-tokenized/test/reg_ridge_regression-preds-model-discrete-time_tokens.pkl,/gpfs/data/bbj-lab/users/daniel/input-representation-benchmark/outputs/runs/tokenized/mimiciv-3.1_meds_70-10-20/deciles_none_unfused_time_tokens_first_24h-tokenized/test/tokens_timelines_extended_outcomes.parquet
exp2_extended_regression,regression,peak_troponin,discrete_tt,r2,True,3545,0.1258941145264746,0.0802843741464415,0.1614864593807016,/gpfs/data/bbj-lab/users/daniel/input-representation-benchmark/outputs/runs/tokenized/mimiciv-3.1_meds_70-10-20/deciles_none_unfused_time_tokens_first_24h-tokenized/test/reg_ridge_regression-preds-model-discrete-time_tokens.pkl,/gpfs/data/bbj-lab/users/daniel/input-representation-benchmark/outputs/runs/tokenized/mimiciv-3.1_meds_70-10-20/deciles_none_unfused_time_tokens_first_24h-tokenized/test/tokens_timelines_extended_outcomes.parquet
exp2_extended_regression,regression,peak_troponin,discrete_tt,mae,False,3545,0.7876001735496693,0.7404029539761311,0.8416105561126106,/gpfs/data/bbj-lab/users/daniel/input-representation-benchmark/outputs/runs/tokenized/mimiciv-3.1_meds_70-10-20/deciles_none_unfused_time_tokens_first_24h-tokenized/test/reg_ridge_regression-preds-model-discrete-time_tokens.pkl,/gpfs/data/bbj-lab/users/daniel/input-representation-benchmark/outputs/runs/tokenized/mimiciv-3.1_meds_70-10-20/deciles_none_unfused_time_tokens_first_24h-tokenized/test/tokens_timelines_extended_outcomes.parquet
exp2_extended_regression,regression,peak_troponin,discrete_tt,rmse,False,3545,1.7238431933674976,1.403779587279114,2.1432398895998843,/gpfs/data/bbj-lab/users/daniel/input-representation-benchmark/outputs/runs/tokenized/mimiciv-3.1_meds_70-10-20/deciles_none_unfused_time_tokens_first_24h-tokenized/test/reg_ridge_regression-preds-model-discrete-time_tokens.pkl,/gpfs/data/bbj-lab/users/daniel/input-representation-benchmark/outputs/runs/tokenized/mimiciv-3.1_meds_70-10-20/deciles_none_unfused_time_tokens_first_24h-tokenized/test/tokens_timelines_extended_outcomes.parquet
exp2_extended_regression,regression,peak_troponin,soft_tt,spearman_rho,True,3545,0.3758296182373671,0.3454228734983657,0.4058843382605591,/gpfs/data/bbj-lab/users/daniel/input-representation-benchmark/outputs/runs/tokenized/mimiciv-3.1_meds_70-10-20/deciles_none_unfused_time_tokens_first_24h-tokenized/test/reg_ridge_regression-preds-model-soft-time_tokens.pkl,/gpfs/data/bbj-lab/users/daniel/input-representation-benchmark/outputs/runs/tokenized/mimiciv-3.1_meds_70-10-20/deciles_none_unfused_time_tokens_first_24h-tokenized/test/tokens_timelines_extended_outcomes.parquet
exp2_extended_regression,regression,peak_troponin,soft_tt,r2,True,3545,0.1207012775983795,0.0753482624594303,0.1626134420492006,/gpfs/data/bbj-lab/users/daniel/input-representation-benchmark/outputs/runs/tokenized/mimiciv-3.1_meds_70-10-20/deciles_none_unfused_time_tokens_first_24h-tokenized/test/reg_ridge_regression-preds-model-soft-time_tokens.pkl,/gpfs/data/bbj-lab/users/daniel/input-representation-benchmark/outputs/runs/tokenized/mimiciv-3.1_meds_70-10-20/deciles_none_unfused_time_tokens_first_24h-tokenized/test/tokens_timelines_extended_outcomes.parquet
exp2_extended_regression,regression,peak_troponin,soft_tt,mae,False,3545,0.7896147785682421,0.742499369310567,0.8458322283327163,/gpfs/data/bbj-lab/users/daniel/input-representation-benchmark/outputs/runs/tokenized/mimiciv-3.1_meds_70-10-20/deciles_none_unfused_time_tokens_first_24h-tokenized/test/reg_ridge_regression-preds-model-soft-time_tokens.pkl,/gpfs/data/bbj-lab/users/daniel/input-representation-benchmark/outputs/runs/tokenized/mimiciv-3.1_meds_70-10-20/deciles_none_unfused_time_tokens_first_24h-tokenized/test/tokens_timelines_extended_outcomes.parquet
exp2_extended_regression,regression,peak_troponin,soft_tt,rmse,False,3545,1.7289560642716992,1.3996441859406583,2.16826004745194,/gpfs/data/bbj-lab/users/daniel/input-representation-benchmark/outputs/runs/tokenized/mimiciv-3.1_meds_70-10-20/deciles_none_unfused_time_tokens_first_24h-tokenized/test/reg_ridge_regression-preds-model-soft-time_tokens.pkl,/gpfs/data/bbj-lab/users/daniel/input-representation-benchmark/outputs/runs/tokenized/mimiciv-3.1_meds_70-10-20/deciles_none_unfused_time_tokens_first_24h-tokenized/test/tokens_timelines_extended_outcomes.parquet
exp2_extended_regression,regression,peak_troponin,xval_tt,spearman_rho,True,3545,0.3226576807682298,0.2921276731540622,0.3531173694832236,/gpfs/data/bbj-lab/users/daniel/input-representation-benchmark/outputs/runs/tokenized/mimiciv-3.1_meds_70-10-20/deciles_none_unfused_time_tokens_numencxval_first_24h-tokenized/test/reg_ridge_regression-preds-model-xval-time_tokens.pkl,/gpfs/data/bbj-lab/users/daniel/input-representation-benchmark/outputs/runs/tokenized/mimiciv-3.1_meds_70-10-20/deciles_none_unfused_time_tokens_numencxval_first_24h-tokenized/test/tokens_timelines_extended_outcomes.parquet
exp2_extended_regression,regression,peak_troponin,xval_tt,r2,True,3545,0.0971544909733826,0.0631290656123708,0.1350988411138622,/gpfs/data/bbj-lab/users/daniel/input-representation-benchmark/outputs/runs/tokenized/mimiciv-3.1_meds_70-10-20/deciles_none_unfused_time_tokens_numencxval_first_24h-tokenized/test/reg_ridge_regression-preds-model-xval-time_tokens.pkl,/gpfs/data/bbj-lab/users/daniel/input-representation-benchmark/outputs/runs/tokenized/mimiciv-3.1_meds_70-10-20/deciles_none_unfused_time_tokens_numencxval_first_24h-tokenized/test/tokens_timelines_extended_outcomes.parquet
exp2_extended_regression,regression,peak_troponin,xval_tt,mae,False,3545,0.7848275812254297,0.7346682117352835,0.838270471817986,/gpfs/data/bbj-lab/users/daniel/input-representation-benchmark/outputs/runs/tokenized/mimiciv-3.1_meds_70-10-20/deciles_none_unfused_time_tokens_numencxval_first_24h-tokenized/test/reg_ridge_regression-preds-model-xval-time_tokens.pkl,/gpfs/data/bbj-lab/users/daniel/input-representation-benchmark/outputs/runs/tokenized/mimiciv-3.1_meds_70-10-20/deciles_none_unfused_time_tokens_numencxval_first_24h-tokenized/test/tokens_timelines_extended_outcomes.parquet
exp2_extended_regression,regression,peak_troponin,xval_tt,rmse,False,3545,1.751953024797537,1.4007507046889116,2.186351367433958,/gpfs/data/bbj-lab/users/daniel/input-representation-benchmark/outputs/runs/tokenized/mimiciv-3.1_meds_70-10-20/deciles_none_unfused_time_tokens_numencxval_first_24h-tokenized/test/reg_ridge_regression-preds-model-xval-time_tokens.pkl,/gpfs/data/bbj-lab/users/daniel/input-representation-benchmark/outputs/runs/tokenized/mimiciv-3.1_meds_70-10-20/deciles_none_unfused_time_tokens_numencxval_first_24h-tokenized/test/tokens_timelines_extended_outcomes.parquet
exp2_extended_regression,regression,peak_troponin,xval_affine_tt,spearman_rho,True,3545,0.3064696403047061,0.2740860983114926,0.3355058013146499,/gpfs/data/bbj-lab/users/daniel/input-representation-benchmark/outputs/runs/tokenized/mimiciv-3.1_meds_70-10-20/deciles_none_unfused_time_tokens_numencxval_first_24h-tokenized/test/reg_ridge_regression-preds-model-xval_affine-time_tokens.pkl,/gpfs/data/bbj-lab/users/daniel/input-representation-benchmark/outputs/runs/tokenized/mimiciv-3.1_meds_70-10-20/deciles_none_unfused_time_tokens_numencxval_first_24h-tokenized/test/tokens_timelines_extended_outcomes.parquet
exp2_extended_regression,regression,peak_troponin,xval_affine_tt,r2,True,3545,0.100310824953578,0.064832795688733,0.1327112198344452,/gpfs/data/bbj-lab/users/daniel/input-representation-benchmark/outputs/runs/tokenized/mimiciv-3.1_meds_70-10-20/deciles_none_unfused_time_tokens_numencxval_first_24h-tokenized/test/reg_ridge_regression-preds-model-xval_affine-time_tokens.pkl,/gpfs/data/bbj-lab/users/daniel/input-representation-benchmark/outputs/runs/tokenized/mimiciv-3.1_meds_70-10-20/deciles_none_unfused_time_tokens_numencxval_first_24h-tokenized/test/tokens_timelines_extended_outcomes.parquet
exp2_extended_regression,regression,peak_troponin,xval_affine_tt,mae,False,3545,0.7960849416353241,0.7461005510264216,0.850052054564633,/gpfs/data/bbj-lab/users/daniel/input-representation-benchmark/outputs/runs/tokenized/mimiciv-3.1_meds_70-10-20/deciles_none_unfused_time_tokens_numencxval_first_24h-tokenized/test/reg_ridge_regression-preds-model-xval_affine-time_tokens.pkl,/gpfs/data/bbj-lab/users/daniel/input-representation-benchmark/outputs/runs/tokenized/mimiciv-3.1_meds_70-10-20/deciles_none_unfused_time_tokens_numencxval_first_24h-tokenized/test/tokens_timelines_extended_outcomes.parquet
exp2_extended_regression,regression,peak_troponin,xval_affine_tt,rmse,False,3545,1.748887943200382,1.4022955284907168,2.1760514950432923,/gpfs/data/bbj-lab/users/daniel/input-representation-benchmark/outputs/runs/tokenized/mimiciv-3.1_meds_70-10-20/deciles_none_unfused_time_tokens_numencxval_first_24h-tokenized/test/reg_ridge_regression-preds-model-xval_affine-time_tokens.pkl,/gpfs/data/bbj-lab/users/daniel/input-representation-benchmark/outputs/runs/tokenized/mimiciv-3.1_meds_70-10-20/deciles_none_unfused_time_tokens_numencxval_first_24h-tokenized/test/tokens_timelines_extended_outcomes.parquet
exp2_extended_regression,regression,peak_troponin,discrete_rope,spearman_rho,True,3545,0.4048127692445497,0.3765466055045713,0.4334954933810016,/gpfs/data/bbj-lab/users/daniel/input-representation-benchmark/outputs/runs/tokenized/mimiciv-3.1_meds_70-10-20/deciles_none_unfused_time_rope_first_24h-tokenized/test/reg_ridge_regression-preds-model-discrete-time_rope.pkl,/gpfs/data/bbj-lab/users/daniel/input-representation-benchmark/outputs/runs/tokenized/mimiciv-3.1_meds_70-10-20/deciles_none_unfused_time_rope_first_24h-tokenized/test/tokens_timelines_extended_outcomes.parquet
exp2_extended_regression,regression,peak_troponin,discrete_rope,r2,True,3545,0.1467391546138131,0.1025893171513238,0.1940503331702783,/gpfs/data/bbj-lab/users/daniel/input-representation-benchmark/outputs/runs/tokenized/mimiciv-3.1_meds_70-10-20/deciles_none_unfused_time_rope_first_24h-tokenized/test/reg_ridge_regression-preds-model-discrete-time_rope.pkl,/gpfs/data/bbj-lab/users/daniel/input-representation-benchmark/outputs/runs/tokenized/mimiciv-3.1_meds_70-10-20/deciles_none_unfused_time_rope_first_24h-tokenized/test/tokens_timelines_extended_outcomes.parquet
exp2_extended_regression,regression,peak_troponin,discrete_rope,mae,False,3545,0.7736243564538444,0.7276096439024455,0.8280976719750474,/gpfs/data/bbj-lab/users/daniel/input-representation-benchmark/outputs/runs/tokenized/mimiciv-3.1_meds_70-10-20/deciles_none_unfused_time_rope_first_24h-tokenized/test/reg_ridge_regression-preds-model-discrete-time_rope.pkl,/gpfs/data/bbj-lab/users/daniel/input-representation-benchmark/outputs/runs/tokenized/mimiciv-3.1_meds_70-10-20/deciles_none_unfused_time_rope_first_24h-tokenized/test/tokens_timelines_extended_outcomes.parquet
exp2_extended_regression,regression,peak_troponin,discrete_rope,rmse,False,3545,1.7031646899713635,1.3760867979994071,2.1461552140018694,/gpfs/data/bbj-lab/users/daniel/input-representation-benchmark/outputs/runs/tokenized/mimiciv-3.1_meds_70-10-20/deciles_none_unfused_time_rope_first_24h-tokenized/test/reg_ridge_regression-preds-model-discrete-time_rope.pkl,/gpfs/data/bbj-lab/users/daniel/input-representation-benchmark/outputs/runs/tokenized/mimiciv-3.1_meds_70-10-20/deciles_none_unfused_time_rope_first_24h-tokenized/test/tokens_timelines_extended_outcomes.parquet
exp2_extended_regression,regression,peak_troponin,soft_rope,spearman_rho,True,3545,0.3693409194212924,0.3411304827857855,0.4002581036283207,/gpfs/data/bbj-lab/users/daniel/input-representation-benchmark/outputs/runs/tokenized/mimiciv-3.1_meds_70-10-20/deciles_none_unfused_time_rope_first_24h-tokenized/test/reg_ridge_regression-preds-model-soft-time_rope.pkl,/gpfs/data/bbj-lab/users/daniel/input-representation-benchmark/outputs/runs/tokenized/mimiciv-3.1_meds_70-10-20/deciles_none_unfused_time_rope_first_24h-tokenized/test/tokens_timelines_extended_outcomes.parquet
exp2_extended_regression,regression,peak_troponin,soft_rope,r2,True,3545,0.1314686899625549,0.0928252688803766,0.1682595261589355,/gpfs/data/bbj-lab/users/daniel/input-representation-benchmark/outputs/runs/tokenized/mimiciv-3.1_meds_70-10-20/deciles_none_unfused_time_rope_first_24h-tokenized/test/reg_ridge_regression-preds-model-soft-time_rope.pkl,/gpfs/data/bbj-lab/users/daniel/input-representation-benchmark/outputs/runs/tokenized/mimiciv-3.1_meds_70-10-20/deciles_none_unfused_time_rope_first_24h-tokenized/test/tokens_timelines_extended_outcomes.parquet
exp2_extended_regression,regression,peak_troponin,soft_rope,mae,False,3545,0.7746977365346746,0.7298879736205028,0.8271696204941739,/gpfs/data/bbj-lab/users/daniel/input-representation-benchmark/outputs/runs/tokenized/mimiciv-3.1_meds_70-10-20/deciles_none_unfused_time_rope_first_24h-tokenized/test/reg_ridge_regression-preds-model-soft-time_rope.pkl,/gpfs/data/bbj-lab/users/daniel/input-representation-benchmark/outputs/runs/tokenized/mimiciv-3.1_meds_70-10-20/deciles_none_unfused_time_rope_first_24h-tokenized/test/tokens_timelines_extended_outcomes.parquet
exp2_extended_regression,regression,peak_troponin,soft_rope,rmse,False,3545,1.7183375306711282,1.3918177282694286,2.1529663980133966,/gpfs/data/bbj-lab/users/daniel/input-representation-benchmark/outputs/runs/tokenized/mimiciv-3.1_meds_70-10-20/deciles_none_unfused_time_rope_first_24h-tokenized/test/reg_ridge_regression-preds-model-soft-time_rope.pkl,/gpfs/data/bbj-lab/users/daniel/input-representation-benchmark/outputs/runs/tokenized/mimiciv-3.1_meds_70-10-20/deciles_none_unfused_time_rope_first_24h-tokenized/test/tokens_timelines_extended_outcomes.parquet
exp2_extended_regression,regression,peak_troponin,xval_rope,spearman_rho,True,3545,0.3322220652383243,0.3007234628279158,0.3601061596559039,/gpfs/data/bbj-lab/users/daniel/input-representation-benchmark/outputs/runs/tokenized/mimiciv-3.1_meds_70-10-20/deciles_none_unfused_time_rope_numencxval_first_24h-tokenized/test/reg_ridge_regression-preds-model-xval-time_rope.pkl,/gpfs/data/bbj-lab/users/daniel/input-representation-benchmark/outputs/runs/tokenized/mimiciv-3.1_meds_70-10-20/deciles_none_unfused_time_rope_numencxval_first_24h-tokenized/test/tokens_timelines_extended_outcomes.parquet
exp2_extended_regression,regression,peak_troponin,xval_rope,r2,True,3545,0.1021951978575309,0.067762818486574,0.1364419373436112,/gpfs/data/bbj-lab/users/daniel/input-representation-benchmark/outputs/runs/tokenized/mimiciv-3.1_meds_70-10-20/deciles_none_unfused_time_rope_numencxval_first_24h-tokenized/test/reg_ridge_regression-preds-model-xval-time_rope.pkl,/gpfs/data/bbj-lab/users/daniel/input-representation-benchmark/outputs/runs/tokenized/mimiciv-3.1_meds_70-10-20/deciles_none_unfused_time_rope_numencxval_first_24h-tokenized/test/tokens_timelines_extended_outcomes.parquet
exp2_extended_regression,regression,peak_troponin,xval_rope,mae,False,3545,0.7892470789281719,0.7412242699452859,0.8414417636765514,/gpfs/data/bbj-lab/users/daniel/input-representation-benchmark/outputs/runs/tokenized/mimiciv-3.1_meds_70-10-20/deciles_none_unfused_time_rope_numencxval_first_24h-tokenized/test/reg_ridge_regression-preds-model-xval-time_rope.pkl,/gpfs/data/bbj-lab/users/daniel/input-representation-benchmark/outputs/runs/tokenized/mimiciv-3.1_meds_70-10-20/deciles_none_unfused_time_rope_numencxval_first_24h-tokenized/test/tokens_timelines_extended_outcomes.parquet
exp2_extended_regression,regression,peak_troponin,xval_rope,rmse,False,3545,1.747055485633177,1.4087907775410262,2.159691836481304,/gpfs/data/bbj-lab/users/daniel/input-representation-benchmark/outputs/runs/tokenized/mimiciv-3.1_meds_70-10-20/deciles_none_unfused_time_rope_numencxval_first_24h-tokenized/test/reg_ridge_regression-preds-model-xval-time_rope.pkl,/gpfs/data/bbj-lab/users/daniel/input-representation-benchmark/outputs/runs/tokenized/mimiciv-3.1_meds_70-10-20/deciles_none_unfused_time_rope_numencxval_first_24h-tokenized/test/tokens_timelines_extended_outcomes.parquet
exp2_extended_regression,regression,peak_troponin,xval_affine_rope,spearman_rho,True,3545,0.2968652044538716,0.2648971192116169,0.3271371404876752,/gpfs/data/bbj-lab/users/daniel/input-representation-benchmark/outputs/runs/tokenized/mimiciv-3.1_meds_70-10-20/deciles_none_unfused_time_rope_numencxval_first_24h-tokenized/test/reg_ridge_regression-preds-model-xval_affine-time_rope.pkl,/gpfs/data/bbj-lab/users/daniel/input-representation-benchmark/outputs/runs/tokenized/mimiciv-3.1_meds_70-10-20/deciles_none_unfused_time_rope_numencxval_first_24h-tokenized/test/tokens_timelines_extended_outcomes.parquet
exp2_extended_regression,regression,peak_troponin,xval_affine_rope,r2,True,3545,0.0774473315637507,0.0439203025848492,0.1165676362464549,/gpfs/data/bbj-lab/users/daniel/input-representation-benchmark/outputs/runs/tokenized/mimiciv-3.1_meds_70-10-20/deciles_none_unfused_time_rope_numencxval_first_24h-tokenized/test/reg_ridge_regression-preds-model-xval_affine-time_rope.pkl,/gpfs/data/bbj-lab/users/daniel/input-representation-benchmark/outputs/runs/tokenized/mimiciv-3.1_meds_70-10-20/deciles_none_unfused_time_rope_numencxval_first_24h-tokenized/test/tokens_timelines_extended_outcomes.parquet
exp2_extended_regression,regression,peak_troponin,xval_affine_rope,mae,False,3545,0.8001945584051169,0.7522233848265112,0.8543003059584993,/gpfs/data/bbj-lab/users/daniel/input-representation-benchmark/outputs/runs/tokenized/mimiciv-3.1_meds_70-10-20/deciles_none_unfused_time_rope_numencxval_first_24h-tokenized/test/reg_ridge_regression-preds-model-xval_affine-time_rope.pkl,/gpfs/data/bbj-lab/users/daniel/input-representation-benchmark/outputs/runs/tokenized/mimiciv-3.1_meds_70-10-20/deciles_none_unfused_time_rope_numencxval_first_24h-tokenized/test/tokens_timelines_extended_outcomes.parquet
exp2_extended_regression,regression,peak_troponin,xval_affine_rope,rmse,False,3545,1.7709704750707211,1.420294070752533,2.2051170236882154,/gpfs/data/bbj-lab/users/daniel/input-representation-benchmark/outputs/runs/tokenized/mimiciv-3.1_meds_70-10-20/deciles_none_unfused_time_rope_numencxval_first_24h-tokenized/test/reg_ridge_regression-preds-model-xval_affine-time_rope.pkl,/gpfs/data/bbj-lab/users/daniel/input-representation-benchmark/outputs/runs/tokenized/mimiciv-3.1_meds_70-10-20/deciles_none_unfused_time_rope_numencxval_first_24h-tokenized/test/tokens_timelines_extended_outcomes.parquet
exp3_primary_binary,classification,imv_event,meds,roc_auc,True,2189,0.8978714851750473,0.8833988720314917,0.9113777937064464,/gpfs/data/bbj-lab/users/daniel/input-representation-benchmark/outputs/runs/exp3/meds_icu/deciles_none_unfused_time_rope_first_24h-tokenized/test/logistic_regression-preds-base-primary_binary-model-discrete-time_rope.pkl,/gpfs/data/bbj-lab/users/daniel/input-representation-benchmark/outputs/runs/exp3/meds_icu/deciles_none_unfused_time_rope_first_24h-tokenized/test/tokens_timelines_outcomes.parquet
exp3_primary_binary,classification,imv_event,meds,pr_auc,True,2189,0.7632052097189505,0.7254694280333781,0.8008449758238899,/gpfs/data/bbj-lab/users/daniel/input-representation-benchmark/outputs/runs/exp3/meds_icu/deciles_none_unfused_time_rope_first_24h-tokenized/test/logistic_regression-preds-base-primary_binary-model-discrete-time_rope.pkl,/gpfs/data/bbj-lab/users/daniel/input-representation-benchmark/outputs/runs/exp3/meds_icu/deciles_none_unfused_time_rope_first_24h-tokenized/test/tokens_timelines_outcomes.parquet
exp3_primary_binary,classification,imv_event,meds,brier,False,2189,0.1093261256977431,0.1013514882613164,0.1175345587738998,/gpfs/data/bbj-lab/users/daniel/input-representation-benchmark/outputs/runs/exp3/meds_icu/deciles_none_unfused_time_rope_first_24h-tokenized/test/logistic_regression-preds-base-primary_binary-model-discrete-time_rope.pkl,/gpfs/data/bbj-lab/users/daniel/input-representation-benchmark/outputs/runs/exp3/meds_icu/deciles_none_unfused_time_rope_first_24h-tokenized/test/tokens_timelines_outcomes.parquet
exp3_primary_binary,classification,imv_event,meds,ece_15,False,2189,0.0212581846767994,0.0187371683671008,0.0410565656739047,/gpfs/data/bbj-lab/users/daniel/input-representation-benchmark/outputs/runs/exp3/meds_icu/deciles_none_unfused_time_rope_first_24h-tokenized/test/logistic_regression-preds-base-primary_binary-model-discrete-time_rope.pkl,/gpfs/data/bbj-lab/users/daniel/input-representation-benchmark/outputs/runs/exp3/meds_icu/deciles_none_unfused_time_rope_first_24h-tokenized/test/tokens_timelines_outcomes.parquet
exp3_primary_binary,classification,imv_event,mapped,roc_auc,True,2189,0.8963210382252169,0.8818948988820685,0.9106025371250422,/gpfs/data/bbj-lab/users/daniel/input-representation-benchmark/outputs/runs/exp3/arms/meds_mapped/deciles_none_unfused_time_rope_first_24h-tokenized/test/logistic_regression-preds-base-primary_binary-model-discrete-time_rope.pkl,/gpfs/data/bbj-lab/users/daniel/input-representation-benchmark/outputs/runs/exp3/arms/meds_mapped/deciles_none_unfused_time_rope_first_24h-tokenized/test/tokens_timelines_outcomes.parquet
exp3_primary_binary,classification,imv_event,mapped,pr_auc,True,2189,0.7817257010943928,0.7491148942313597,0.813372204350919,/gpfs/data/bbj-lab/users/daniel/input-representation-benchmark/outputs/runs/exp3/arms/meds_mapped/deciles_none_unfused_time_rope_first_24h-tokenized/test/logistic_regression-preds-base-primary_binary-model-discrete-time_rope.pkl,/gpfs/data/bbj-lab/users/daniel/input-representation-benchmark/outputs/runs/exp3/arms/meds_mapped/deciles_none_unfused_time_rope_first_24h-tokenized/test/tokens_timelines_outcomes.parquet
exp3_primary_binary,classification,imv_event,mapped,brier,False,2189,0.1089727665816483,0.1005481145515226,0.1173941009315107,/gpfs/data/bbj-lab/users/daniel/input-representation-benchmark/outputs/runs/exp3/arms/meds_mapped/deciles_none_unfused_time_rope_first_24h-tokenized/test/logistic_regression-preds-base-primary_binary-model-discrete-time_rope.pkl,/gpfs/data/bbj-lab/users/daniel/input-representation-benchmark/outputs/runs/exp3/arms/meds_mapped/deciles_none_unfused_time_rope_first_24h-tokenized/test/tokens_timelines_outcomes.parquet
exp3_primary_binary,classification,imv_event,mapped,ece_15,False,2189,0.0171706532003489,0.0175202739283008,0.0378348314697609,/gpfs/data/bbj-lab/users/daniel/input-representation-benchmark/outputs/runs/exp3/arms/meds_mapped/deciles_none_unfused_time_rope_first_24h-tokenized/test/logistic_regression-preds-base-primary_binary-model-discrete-time_rope.pkl,/gpfs/data/bbj-lab/users/daniel/input-representation-benchmark/outputs/runs/exp3/arms/meds_mapped/deciles_none_unfused_time_rope_first_24h-tokenized/test/tokens_timelines_outcomes.parquet
exp3_primary_binary,classification,imv_event,randomized,roc_auc,True,2189,0.9029343644124572,0.8887050429278766,0.9170212175841552,/gpfs/data/bbj-lab/users/daniel/input-representation-benchmark/outputs/runs/exp3/arms/meds_randomized/deciles_none_unfused_time_rope_first_24h-tokenized/test/logistic_regression-preds-base-primary_binary-model-discrete-time_rope.pkl,/gpfs/data/bbj-lab/users/daniel/input-representation-benchmark/outputs/runs/exp3/arms/meds_randomized/deciles_none_unfused_time_rope_first_24h-tokenized/test/tokens_timelines_outcomes.parquet
exp3_primary_binary,classification,imv_event,randomized,pr_auc,True,2189,0.7984047804787956,0.7671901909094413,0.8278965574011321,/gpfs/data/bbj-lab/users/daniel/input-representation-benchmark/outputs/runs/exp3/arms/meds_randomized/deciles_none_unfused_time_rope_first_24h-tokenized/test/logistic_regression-preds-base-primary_binary-model-discrete-time_rope.pkl,/gpfs/data/bbj-lab/users/daniel/input-representation-benchmark/outputs/runs/exp3/arms/meds_randomized/deciles_none_unfused_time_rope_first_24h-tokenized/test/tokens_timelines_outcomes.parquet
exp3_primary_binary,classification,imv_event,randomized,brier,False,2189,0.1048616876439113,0.0967552985482248,0.1127993404392753,/gpfs/data/bbj-lab/users/daniel/input-representation-benchmark/outputs/runs/exp3/arms/meds_randomized/deciles_none_unfused_time_rope_first_24h-tokenized/test/logistic_regression-preds-base-primary_binary-model-discrete-time_rope.pkl,/gpfs/data/bbj-lab/users/daniel/input-representation-benchmark/outputs/runs/exp3/arms/meds_randomized/deciles_none_unfused_time_rope_first_24h-tokenized/test/tokens_timelines_outcomes.parquet
exp3_primary_binary,classification,imv_event,randomized,ece_15,False,2189,0.0160126060507716,0.0155157394313922,0.0365821383881104,/gpfs/data/bbj-lab/users/daniel/input-representation-benchmark/outputs/runs/exp3/arms/meds_randomized/deciles_none_unfused_time_rope_first_24h-tokenized/test/logistic_regression-preds-base-primary_binary-model-discrete-time_rope.pkl,/gpfs/data/bbj-lab/users/daniel/input-representation-benchmark/outputs/runs/exp3/arms/meds_randomized/deciles_none_unfused_time_rope_first_24h-tokenized/test/tokens_timelines_outcomes.parquet
exp3_primary_binary,classification,imv_event,freqmatched,roc_auc,True,2189,0.8981777463009397,0.8832524109697082,0.9126739996529606,/gpfs/data/bbj-lab/users/daniel/input-representation-benchmark/outputs/runs/exp3/arms/meds_freqmatched/deciles_none_unfused_time_rope_first_24h-tokenized/test/logistic_regression-preds-base-primary_binary-model-discrete-time_rope.pkl,/gpfs/data/bbj-lab/users/daniel/input-representation-benchmark/outputs/runs/exp3/arms/meds_freqmatched/deciles_none_unfused_time_rope_first_24h-tokenized/test/tokens_timelines_outcomes.parquet
exp3_primary_binary,classification,imv_event,freqmatched,pr_auc,True,2189,0.7845000626122655,0.7513216740770317,0.8163747223312421,/gpfs/data/bbj-lab/users/daniel/input-representation-benchmark/outputs/runs/exp3/arms/meds_freqmatched/deciles_none_unfused_time_rope_first_24h-tokenized/test/logistic_regression-preds-base-primary_binary-model-discrete-time_rope.pkl,/gpfs/data/bbj-lab/users/daniel/input-representation-benchmark/outputs/runs/exp3/arms/meds_freqmatched/deciles_none_unfused_time_rope_first_24h-tokenized/test/tokens_timelines_outcomes.parquet
exp3_primary_binary,classification,imv_event,freqmatched,brier,False,2189,0.1071297400745879,0.0987100833229069,0.1155993307626185,/gpfs/data/bbj-lab/users/daniel/input-representation-benchmark/outputs/runs/exp3/arms/meds_freqmatched/deciles_none_unfused_time_rope_first_24h-tokenized/test/logistic_regression-preds-base-primary_binary-model-discrete-time_rope.pkl,/gpfs/data/bbj-lab/users/daniel/input-representation-benchmark/outputs/runs/exp3/arms/meds_freqmatched/deciles_none_unfused_time_rope_first_24h-tokenized/test/tokens_timelines_outcomes.parquet
exp3_primary_binary,classification,imv_event,freqmatched,ece_15,False,2189,0.0150933135534039,0.0156232714937903,0.036967714908733,/gpfs/data/bbj-lab/users/daniel/input-representation-benchmark/outputs/runs/exp3/arms/meds_freqmatched/deciles_none_unfused_time_rope_first_24h-tokenized/test/logistic_regression-preds-base-primary_binary-model-discrete-time_rope.pkl,/gpfs/data/bbj-lab/users/daniel/input-representation-benchmark/outputs/runs/exp3/arms/meds_freqmatched/deciles_none_unfused_time_rope_first_24h-tokenized/test/tokens_timelines_outcomes.parquet
exp3_primary_binary,classification,long_length_of_stay,meds,roc_auc,True,2440,0.774677156353489,0.7563798150313131,0.7928846695237438,/gpfs/data/bbj-lab/users/daniel/input-representation-benchmark/outputs/runs/exp3/meds_icu/deciles_none_unfused_time_rope_first_24h-tokenized/test/logistic_regression-preds-base-primary_binary-model-discrete-time_rope.pkl,/gpfs/data/bbj-lab/users/daniel/input-representation-benchmark/outputs/runs/exp3/meds_icu/deciles_none_unfused_time_rope_first_24h-tokenized/test/tokens_timelines_outcomes.parquet
exp3_primary_binary,classification,long_length_of_stay,meds,pr_auc,True,2440,0.7723418146933599,0.7476549349622172,0.7963944867572259,/gpfs/data/bbj-lab/users/daniel/input-representation-benchmark/outputs/runs/exp3/meds_icu/deciles_none_unfused_time_rope_first_24h-tokenized/test/logistic_regression-preds-base-primary_binary-model-discrete-time_rope.pkl,/gpfs/data/bbj-lab/users/daniel/input-representation-benchmark/outputs/runs/exp3/meds_icu/deciles_none_unfused_time_rope_first_24h-tokenized/test/tokens_timelines_outcomes.parquet
exp3_primary_binary,classification,long_length_of_stay,meds,brier,False,2440,0.1939618528642435,0.1861160114422773,0.2016345119137931,/gpfs/data/bbj-lab/users/daniel/input-representation-benchmark/outputs/runs/exp3/meds_icu/deciles_none_unfused_time_rope_first_24h-tokenized/test/logistic_regression-preds-base-primary_binary-model-discrete-time_rope.pkl,/gpfs/data/bbj-lab/users/daniel/input-representation-benchmark/outputs/runs/exp3/meds_icu/deciles_none_unfused_time_rope_first_24h-tokenized/test/tokens_timelines_outcomes.parquet
exp3_primary_binary,classification,long_length_of_stay,meds,ece_15,False,2440,0.0336881058486024,0.0290291854950859,0.0570449363822787,/gpfs/data/bbj-lab/users/daniel/input-representation-benchmark/outputs/runs/exp3/meds_icu/deciles_none_unfused_time_rope_first_24h-tokenized/test/logistic_regression-preds-base-primary_binary-model-discrete-time_rope.pkl,/gpfs/data/bbj-lab/users/daniel/input-representation-benchmark/outputs/runs/exp3/meds_icu/deciles_none_unfused_time_rope_first_24h-tokenized/test/tokens_timelines_outcomes.parquet
exp3_primary_binary,classification,long_length_of_stay,mapped,roc_auc,True,2440,0.7707314203103199,0.7517584351576071,0.7892703522498838,/gpfs/data/bbj-lab/users/daniel/input-representation-benchmark/outputs/runs/exp3/arms/meds_mapped/deciles_none_unfused_time_rope_first_24h-tokenized/test/logistic_regression-preds-base-primary_binary-model-discrete-time_rope.pkl,/gpfs/data/bbj-lab/users/daniel/input-representation-benchmark/outputs/runs/exp3/arms/meds_mapped/deciles_none_unfused_time_rope_first_24h-tokenized/test/tokens_timelines_outcomes.parquet
exp3_primary_binary,classification,long_length_of_stay,mapped,pr_auc,True,2440,0.7667336106712841,0.7422997085677486,0.7917398530784562,/gpfs/data/bbj-lab/users/daniel/input-representation-benchmark/outputs/runs/exp3/arms/meds_mapped/deciles_none_unfused_time_rope_first_24h-tokenized/test/logistic_regression-preds-base-primary_binary-model-discrete-time_rope.pkl,/gpfs/data/bbj-lab/users/daniel/input-representation-benchmark/outputs/runs/exp3/arms/meds_mapped/deciles_none_unfused_time_rope_first_24h-tokenized/test/tokens_timelines_outcomes.parquet
exp3_primary_binary,classification,long_length_of_stay,mapped,brier,False,2440,0.1955563614384821,0.1877251305943607,0.2036981344469517,/gpfs/data/bbj-lab/users/daniel/input-representation-benchmark/outputs/runs/exp3/arms/meds_mapped/deciles_none_unfused_time_rope_first_24h-tokenized/test/logistic_regression-preds-base-primary_binary-model-discrete-time_rope.pkl,/gpfs/data/bbj-lab/users/daniel/input-representation-benchmark/outputs/runs/exp3/arms/meds_mapped/deciles_none_unfused_time_rope_first_24h-tokenized/test/tokens_timelines_outcomes.parquet
exp3_primary_binary,classification,long_length_of_stay,mapped,ece_15,False,2440,0.0299640180567311,0.0250795255061526,0.0527189638667735,/gpfs/data/bbj-lab/users/daniel/input-representation-benchmark/outputs/runs/exp3/arms/meds_mapped/deciles_none_unfused_time_rope_first_24h-tokenized/test/logistic_regression-preds-base-primary_binary-model-discrete-time_rope.pkl,/gpfs/data/bbj-lab/users/daniel/input-representation-benchmark/outputs/runs/exp3/arms/meds_mapped/deciles_none_unfused_time_rope_first_24h-tokenized/test/tokens_timelines_outcomes.parquet
exp3_primary_binary,classification,long_length_of_stay,randomized,roc_auc,True,2440,0.7639151411232706,0.7445760847173447,0.7825505046260904,/gpfs/data/bbj-lab/users/daniel/input-representation-benchmark/outputs/runs/exp3/arms/meds_randomized/deciles_none_unfused_time_rope_first_24h-tokenized/test/logistic_regression-preds-base-primary_binary-model-discrete-time_rope.pkl,/gpfs/data/bbj-lab/users/daniel/input-representation-benchmark/outputs/runs/exp3/arms/meds_randomized/deciles_none_unfused_time_rope_first_24h-tokenized/test/tokens_timelines_outcomes.parquet
exp3_primary_binary,classification,long_length_of_stay,randomized,pr_auc,True,2440,0.7534329535501598,0.7266662710815881,0.7797299753410715,/gpfs/data/bbj-lab/users/daniel/input-representation-benchmark/outputs/runs/exp3/arms/meds_randomized/deciles_none_unfused_time_rope_first_24h-tokenized/test/logistic_regression-preds-base-primary_binary-model-discrete-time_rope.pkl,/gpfs/data/bbj-lab/users/daniel/input-representation-benchmark/outputs/runs/exp3/arms/meds_randomized/deciles_none_unfused_time_rope_first_24h-tokenized/test/tokens_timelines_outcomes.parquet
exp3_primary_binary,classification,long_length_of_stay,randomized,brier,False,2440,0.1987272286765754,0.1906168249668236,0.2069961124220783,/gpfs/data/bbj-lab/users/daniel/input-representation-benchmark/outputs/runs/exp3/arms/meds_randomized/deciles_none_unfused_time_rope_first_24h-tokenized/test/logistic_regression-preds-base-primary_binary-model-discrete-time_rope.pkl,/gpfs/data/bbj-lab/users/daniel/input-representation-benchmark/outputs/runs/exp3/arms/meds_randomized/deciles_none_unfused_time_rope_first_24h-tokenized/test/tokens_timelines_outcomes.parquet
exp3_primary_binary,classification,long_length_of_stay,randomized,ece_15,False,2440,0.0370349089196671,0.0314080120291776,0.0593633652456596,/gpfs/data/bbj-lab/users/daniel/input-representation-benchmark/outputs/runs/exp3/arms/meds_randomized/deciles_none_unfused_time_rope_first_24h-tokenized/test/logistic_regression-preds-base-primary_binary-model-discrete-time_rope.pkl,/gpfs/data/bbj-lab/users/daniel/input-representation-benchmark/outputs/runs/exp3/arms/meds_randomized/deciles_none_unfused_time_rope_first_24h-tokenized/test/tokens_timelines_outcomes.parquet
exp3_primary_binary,classification,long_length_of_stay,freqmatched,roc_auc,True,2440,0.7667123909425588,0.7479006954597457,0.7855439336597149,/gpfs/data/bbj-lab/users/daniel/input-representation-benchmark/outputs/runs/exp3/arms/meds_freqmatched/deciles_none_unfused_time_rope_first_24h-tokenized/test/logistic_regression-preds-base-primary_binary-model-discrete-time_rope.pkl,/gpfs/data/bbj-lab/users/daniel/input-representation-benchmark/outputs/runs/exp3/arms/meds_freqmatched/deciles_none_unfused_time_rope_first_24h-tokenized/test/tokens_timelines_outcomes.parquet
exp3_primary_binary,classification,long_length_of_stay,freqmatched,pr_auc,True,2440,0.757199513289533,0.7311289961292131,0.7856626326280621,/gpfs/data/bbj-lab/users/daniel/input-representation-benchmark/outputs/runs/exp3/arms/meds_freqmatched/deciles_none_unfused_time_rope_first_24h-tokenized/test/logistic_regression-preds-base-primary_binary-model-discrete-time_rope.pkl,/gpfs/data/bbj-lab/users/daniel/input-representation-benchmark/outputs/runs/exp3/arms/meds_freqmatched/deciles_none_unfused_time_rope_first_24h-tokenized/test/tokens_timelines_outcomes.parquet
exp3_primary_binary,classification,long_length_of_stay,freqmatched,brier,False,2440,0.1972561406882509,0.1892233774689235,0.2052384963581081,/gpfs/data/bbj-lab/users/daniel/input-representation-benchmark/outputs/runs/exp3/arms/meds_freqmatched/deciles_none_unfused_time_rope_first_24h-tokenized/test/logistic_regression-preds-base-primary_binary-model-discrete-time_rope.pkl,/gpfs/data/bbj-lab/users/daniel/input-representation-benchmark/outputs/runs/exp3/arms/meds_freqmatched/deciles_none_unfused_time_rope_first_24h-tokenized/test/tokens_timelines_outcomes.parquet
exp3_primary_binary,classification,long_length_of_stay,freqmatched,ece_15,False,2440,0.037957465133944,0.0289478188467598,0.058372590369515,/gpfs/data/bbj-lab/users/daniel/input-representation-benchmark/outputs/runs/exp3/arms/meds_freqmatched/deciles_none_unfused_time_rope_first_24h-tokenized/test/logistic_regression-preds-base-primary_binary-model-discrete-time_rope.pkl,/gpfs/data/bbj-lab/users/daniel/input-representation-benchmark/outputs/runs/exp3/arms/meds_freqmatched/deciles_none_unfused_time_rope_first_24h-tokenized/test/tokens_timelines_outcomes.parquet
exp3_primary_binary,classification,prolonged_icu_stay,meds,roc_auc,True,2440,0.7772929028452057,0.7602797995120422,0.7946111092743177,/gpfs/data/bbj-lab/users/daniel/input-representation-benchmark/outputs/runs/exp3/meds_icu/deciles_none_unfused_time_rope_first_24h-tokenized/test/logistic_regression-preds-base-primary_binary-model-discrete-time_rope.pkl,/gpfs/data/bbj-lab/users/daniel/input-representation-benchmark/outputs/runs/exp3/meds_icu/deciles_none_unfused_time_rope_first_24h-tokenized/test/tokens_timelines_outcomes.parquet
exp3_primary_binary,classification,prolonged_icu_stay,meds,pr_auc,True,2440,0.7927337678439478,0.7697238319251538,0.814681212434602,/gpfs/data/bbj-lab/users/daniel/input-representation-benchmark/outputs/runs/exp3/meds_icu/deciles_none_unfused_time_rope_first_24h-tokenized/test/logistic_regression-preds-base-primary_binary-model-discrete-time_rope.pkl,/gpfs/data/bbj-lab/users/daniel/input-representation-benchmark/outputs/runs/exp3/meds_icu/deciles_none_unfused_time_rope_first_24h-tokenized/test/tokens_timelines_outcomes.parquet
exp3_primary_binary,classification,prolonged_icu_stay,meds,brier,False,2440,0.1913747518988922,0.1842132080300834,0.1983069632710361,/gpfs/data/bbj-lab/users/daniel/input-representation-benchmark/outputs/runs/exp3/meds_icu/deciles_none_unfused_time_rope_first_24h-tokenized/test/logistic_regression-preds-base-primary_binary-model-discrete-time_rope.pkl,/gpfs/data/bbj-lab/users/daniel/input-representation-benchmark/outputs/runs/exp3/meds_icu/deciles_none_unfused_time_rope_first_24h-tokenized/test/tokens_timelines_outcomes.parquet
exp3_primary_binary,classification,prolonged_icu_stay,meds,ece_15,False,2440,0.025815339386059,0.0264489880567614,0.0534290191592284,/gpfs/data/bbj-lab/users/daniel/input-representation-benchmark/outputs/runs/exp3/meds_icu/deciles_none_unfused_time_rope_first_24h-tokenized/test/logistic_regression-preds-base-primary_binary-model-discrete-time_rope.pkl,/gpfs/data/bbj-lab/users/daniel/input-representation-benchmark/outputs/runs/exp3/meds_icu/deciles_none_unfused_time_rope_first_24h-tokenized/test/tokens_timelines_outcomes.parquet
exp3_primary_binary,classification,prolonged_icu_stay,mapped,roc_auc,True,2440,0.7788694198134714,0.7613909095702005,0.7964280575637982,/gpfs/data/bbj-lab/users/daniel/input-representation-benchmark/outputs/runs/exp3/arms/meds_mapped/deciles_none_unfused_time_rope_first_24h-tokenized/test/logistic_regression-preds-base-primary_binary-model-discrete-time_rope.pkl,/gpfs/data/bbj-lab/users/daniel/input-representation-benchmark/outputs/runs/exp3/arms/meds_mapped/deciles_none_unfused_time_rope_first_24h-tokenized/test/tokens_timelines_outcomes.parquet
exp3_primary_binary,classification,prolonged_icu_stay,mapped,pr_auc,True,2440,0.7922113850235694,0.7698839361064402,0.8152962492808034,/gpfs/data/bbj-lab/users/daniel/input-representation-benchmark/outputs/runs/exp3/arms/meds_mapped/deciles_none_unfused_time_rope_first_24h-tokenized/test/logistic_regression-preds-base-primary_binary-model-discrete-time_rope.pkl,/gpfs/data/bbj-lab/users/daniel/input-representation-benchmark/outputs/runs/exp3/arms/meds_mapped/deciles_none_unfused_time_rope_first_24h-tokenized/test/tokens_timelines_outcomes.parquet
exp3_primary_binary,classification,prolonged_icu_stay,mapped,brier,False,2440,0.1903735363903504,0.1831266872236146,0.197529976616787,/gpfs/data/bbj-lab/users/daniel/input-representation-benchmark/outputs/runs/exp3/arms/meds_mapped/deciles_none_unfused_time_rope_first_24h-tokenized/test/logistic_regression-preds-base-primary_binary-model-discrete-time_rope.pkl,/gpfs/data/bbj-lab/users/daniel/input-representation-benchmark/outputs/runs/exp3/arms/meds_mapped/deciles_none_unfused_time_rope_first_24h-tokenized/test/tokens_timelines_outcomes.parquet
exp3_primary_binary,classification,prolonged_icu_stay,mapped,ece_15,False,2440,0.0276876692852412,0.02591903906635,0.053167669932411,/gpfs/data/bbj-lab/users/daniel/input-representation-benchmark/outputs/runs/exp3/arms/meds_mapped/deciles_none_unfused_time_rope_first_24h-tokenized/test/logistic_regression-preds-base-primary_binary-model-discrete-time_rope.pkl,/gpfs/data/bbj-lab/users/daniel/input-representation-benchmark/outputs/runs/exp3/arms/meds_mapped/deciles_none_unfused_time_rope_first_24h-tokenized/test/tokens_timelines_outcomes.parquet
exp3_primary_binary,classification,prolonged_icu_stay,randomized,roc_auc,True,2440,0.7780155011822194,0.7595511116099998,0.7960113554234731,/gpfs/data/bbj-lab/users/daniel/input-representation-benchmark/outputs/runs/exp3/arms/meds_randomized/deciles_none_unfused_time_rope_first_24h-tokenized/test/logistic_regression-preds-base-primary_binary-model-discrete-time_rope.pkl,/gpfs/data/bbj-lab/users/daniel/input-representation-benchmark/outputs/runs/exp3/arms/meds_randomized/deciles_none_unfused_time_rope_first_24h-tokenized/test/tokens_timelines_outcomes.parquet
exp3_primary_binary,classification,prolonged_icu_stay,randomized,pr_auc,True,2440,0.7923396423339202,0.7689362726409252,0.8157545103308628,/gpfs/data/bbj-lab/users/daniel/input-representation-benchmark/outputs/runs/exp3/arms/meds_randomized/deciles_none_unfused_time_rope_first_24h-tokenized/test/logistic_regression-preds-base-primary_binary-model-discrete-time_rope.pkl,/gpfs/data/bbj-lab/users/daniel/input-representation-benchmark/outputs/runs/exp3/arms/meds_randomized/deciles_none_unfused_time_rope_first_24h-tokenized/test/tokens_timelines_outcomes.parquet
exp3_primary_binary,classification,prolonged_icu_stay,randomized,brier,False,2440,0.1910983779673424,0.1836609409621381,0.1986056201648295,/gpfs/data/bbj-lab/users/daniel/input-representation-benchmark/outputs/runs/exp3/arms/meds_randomized/deciles_none_unfused_time_rope_first_24h-tokenized/test/logistic_regression-preds-base-primary_binary-model-discrete-time_rope.pkl,/gpfs/data/bbj-lab/users/daniel/input-representation-benchmark/outputs/runs/exp3/arms/meds_randomized/deciles_none_unfused_time_rope_first_24h-tokenized/test/tokens_timelines_outcomes.parquet
exp3_primary_binary,classification,prolonged_icu_stay,randomized,ece_15,False,2440,0.0237431699924194,0.0240062136782048,0.050862204939017,/gpfs/data/bbj-lab/users/daniel/input-representation-benchmark/outputs/runs/exp3/arms/meds_randomized/deciles_none_unfused_time_rope_first_24h-tokenized/test/logistic_regression-preds-base-primary_binary-model-discrete-time_rope.pkl,/gpfs/data/bbj-lab/users/daniel/input-representation-benchmark/outputs/runs/exp3/arms/meds_randomized/deciles_none_unfused_time_rope_first_24h-tokenized/test/tokens_timelines_outcomes.parquet
exp3_primary_binary,classification,prolonged_icu_stay,freqmatched,roc_auc,True,2440,0.7770585466277959,0.7592407688580814,0.7948842012257059,/gpfs/data/bbj-lab/users/daniel/input-representation-benchmark/outputs/runs/exp3/arms/meds_freqmatched/deciles_none_unfused_time_rope_first_24h-tokenized/test/logistic_regression-preds-base-primary_binary-model-discrete-time_rope.pkl,/gpfs/data/bbj-lab/users/daniel/input-representation-benchmark/outputs/runs/exp3/arms/meds_freqmatched/deciles_none_unfused_time_rope_first_24h-tokenized/test/tokens_timelines_outcomes.parquet
exp3_primary_binary,classification,prolonged_icu_stay,freqmatched,pr_auc,True,2440,0.7932650486945891,0.7713464098470622,0.8149168955012687,/gpfs/data/bbj-lab/users/daniel/input-representation-benchmark/outputs/runs/exp3/arms/meds_freqmatched/deciles_none_unfused_time_rope_first_24h-tokenized/test/logistic_regression-preds-base-primary_binary-model-discrete-time_rope.pkl,/gpfs/data/bbj-lab/users/daniel/input-representation-benchmark/outputs/runs/exp3/arms/meds_freqmatched/deciles_none_unfused_time_rope_first_24h-tokenized/test/tokens_timelines_outcomes.parquet
exp3_primary_binary,classification,prolonged_icu_stay,freqmatched,brier,False,2440,0.1915814344061363,0.1842618063350801,0.1987813892584876,/gpfs/data/bbj-lab/users/daniel/input-representation-benchmark/outputs/runs/exp3/arms/meds_freqmatched/deciles_none_unfused_time_rope_first_24h-tokenized/test/logistic_regression-preds-base-primary_binary-model-discrete-time_rope.pkl,/gpfs/data/bbj-lab/users/daniel/input-representation-benchmark/outputs/runs/exp3/arms/meds_freqmatched/deciles_none_unfused_time_rope_first_24h-tokenized/test/tokens_timelines_outcomes.parquet
exp3_primary_binary,classification,prolonged_icu_stay,freqmatched,ece_15,False,2440,0.0224417487786142,0.0234539605745953,0.0482847570956121,/gpfs/data/bbj-lab/users/daniel/input-representation-benchmark/outputs/runs/exp3/arms/meds_freqmatched/deciles_none_unfused_time_rope_first_24h-tokenized/test/logistic_regression-preds-base-primary_binary-model-discrete-time_rope.pkl,/gpfs/data/bbj-lab/users/daniel/input-representation-benchmark/outputs/runs/exp3/arms/meds_freqmatched/deciles_none_unfused_time_rope_first_24h-tokenized/test/tokens_timelines_outcomes.parquet
exp3_primary_binary,classification,same_admission_death,meds,roc_auc,True,2440,0.8167913758783606,0.7880560390615965,0.8438509874326751,/gpfs/data/bbj-lab/users/daniel/input-representation-benchmark/outputs/runs/exp3/meds_icu/deciles_none_unfused_time_rope_first_24h-tokenized/test/logistic_regression-preds-base-primary_binary-model-discrete-time_rope.pkl,/gpfs/data/bbj-lab/users/daniel/input-representation-benchmark/outputs/runs/exp3/meds_icu/deciles_none_unfused_time_rope_first_24h-tokenized/test/tokens_timelines_outcomes.parquet
exp3_primary_binary,classification,same_admission_death,meds,pr_auc,True,2440,0.3473702890555651,0.2929108860654154,0.4141651329932151,/gpfs/data/bbj-lab/users/daniel/input-representation-benchmark/outputs/runs/exp3/meds_icu/deciles_none_unfused_time_rope_first_24h-tokenized/test/logistic_regression-preds-base-primary_binary-model-discrete-time_rope.pkl,/gpfs/data/bbj-lab/users/daniel/input-representation-benchmark/outputs/runs/exp3/meds_icu/deciles_none_unfused_time_rope_first_24h-tokenized/test/tokens_timelines_outcomes.parquet
exp3_primary_binary,classification,same_admission_death,meds,brier,False,2440,0.0725613986797768,0.0653042073138485,0.0803826669290216,/gpfs/data/bbj-lab/users/daniel/input-representation-benchmark/outputs/runs/exp3/meds_icu/deciles_none_unfused_time_rope_first_24h-tokenized/test/logistic_regression-preds-base-primary_binary-model-discrete-time_rope.pkl,/gpfs/data/bbj-lab/users/daniel/input-representation-benchmark/outputs/runs/exp3/meds_icu/deciles_none_unfused_time_rope_first_24h-tokenized/test/tokens_timelines_outcomes.parquet
exp3_primary_binary,classification,same_admission_death,meds,ece_15,False,2440,0.0188220196115778,0.0168207008453101,0.0334641510968278,/gpfs/data/bbj-lab/users/daniel/input-representation-benchmark/outputs/runs/exp3/meds_icu/deciles_none_unfused_time_rope_first_24h-tokenized/test/logistic_regression-preds-base-primary_binary-model-discrete-time_rope.pkl,/gpfs/data/bbj-lab/users/daniel/input-representation-benchmark/outputs/runs/exp3/meds_icu/deciles_none_unfused_time_rope_first_24h-tokenized/test/tokens_timelines_outcomes.parquet
exp3_primary_binary,classification,same_admission_death,mapped,roc_auc,True,2440,0.829198343605855,0.8025917519906816,0.85457947008767,/gpfs/data/bbj-lab/users/daniel/input-representation-benchmark/outputs/runs/exp3/arms/meds_mapped/deciles_none_unfused_time_rope_first_24h-tokenized/test/logistic_regression-preds-base-primary_binary-model-discrete-time_rope.pkl,/gpfs/data/bbj-lab/users/daniel/input-representation-benchmark/outputs/runs/exp3/arms/meds_mapped/deciles_none_unfused_time_rope_first_24h-tokenized/test/tokens_timelines_outcomes.parquet
exp3_primary_binary,classification,same_admission_death,mapped,pr_auc,True,2440,0.3857796108054109,0.3249662517714234,0.4511871882688256,/gpfs/data/bbj-lab/users/daniel/input-representation-benchmark/outputs/runs/exp3/arms/meds_mapped/deciles_none_unfused_time_rope_first_24h-tokenized/test/logistic_regression-preds-base-primary_binary-model-discrete-time_rope.pkl,/gpfs/data/bbj-lab/users/daniel/input-representation-benchmark/outputs/runs/exp3/arms/meds_mapped/deciles_none_unfused_time_rope_first_24h-tokenized/test/tokens_timelines_outcomes.parquet
exp3_primary_binary,classification,same_admission_death,mapped,brier,False,2440,0.0700531414166421,0.0629714489602523,0.0778728350243466,/gpfs/data/bbj-lab/users/daniel/input-representation-benchmark/outputs/runs/exp3/arms/meds_mapped/deciles_none_unfused_time_rope_first_24h-tokenized/test/logistic_regression-preds-base-primary_binary-model-discrete-time_rope.pkl,/gpfs/data/bbj-lab/users/daniel/input-representation-benchmark/outputs/runs/exp3/arms/meds_mapped/deciles_none_unfused_time_rope_first_24h-tokenized/test/tokens_timelines_outcomes.parquet
exp3_primary_binary,classification,same_admission_death,mapped,ece_15,False,2440,0.0182038666859626,0.0140998037084476,0.0312959687176504,/gpfs/data/bbj-lab/users/daniel/input-representation-benchmark/outputs/runs/exp3/arms/meds_mapped/deciles_none_unfused_time_rope_first_24h-tokenized/test/logistic_regression-preds-base-primary_binary-model-discrete-time_rope.pkl,/gpfs/data/bbj-lab/users/daniel/input-representation-benchmark/outputs/runs/exp3/arms/meds_mapped/deciles_none_unfused_time_rope_first_24h-tokenized/test/tokens_timelines_outcomes.parquet
exp3_primary_binary,classification,same_admission_death,randomized,roc_auc,True,2440,0.8345244661886146,0.80929429978078,0.8585331257132843,/gpfs/data/bbj-lab/users/daniel/input-representation-benchmark/outputs/runs/exp3/arms/meds_randomized/deciles_none_unfused_time_rope_first_24h-tokenized/test/logistic_regression-preds-base-primary_binary-model-discrete-time_rope.pkl,/gpfs/data/bbj-lab/users/daniel/input-representation-benchmark/outputs/runs/exp3/arms/meds_randomized/deciles_none_unfused_time_rope_first_24h-tokenized/test/tokens_timelines_outcomes.parquet
exp3_primary_binary,classification,same_admission_death,randomized,pr_auc,True,2440,0.3699603259162464,0.3135988714632102,0.4348809076596115,/gpfs/data/bbj-lab/users/daniel/input-representation-benchmark/outputs/runs/exp3/arms/meds_randomized/deciles_none_unfused_time_rope_first_24h-tokenized/test/logistic_regression-preds-base-primary_binary-model-discrete-time_rope.pkl,/gpfs/data/bbj-lab/users/daniel/input-representation-benchmark/outputs/runs/exp3/arms/meds_randomized/deciles_none_unfused_time_rope_first_24h-tokenized/test/tokens_timelines_outcomes.parquet
exp3_primary_binary,classification,same_admission_death,randomized,brier,False,2440,0.0712059411961184,0.0639675600187122,0.0792106454966134,/gpfs/data/bbj-lab/users/daniel/input-representation-benchmark/outputs/runs/exp3/arms/meds_randomized/deciles_none_unfused_time_rope_first_24h-tokenized/test/logistic_regression-preds-base-primary_binary-model-discrete-time_rope.pkl,/gpfs/data/bbj-lab/users/daniel/input-representation-benchmark/outputs/runs/exp3/arms/meds_randomized/deciles_none_unfused_time_rope_first_24h-tokenized/test/tokens_timelines_outcomes.parquet
exp3_primary_binary,classification,same_admission_death,randomized,ece_15,False,2440,0.0184170682629262,0.0157174654189069,0.0327423917515883,/gpfs/data/bbj-lab/users/daniel/input-representation-benchmark/outputs/runs/exp3/arms/meds_randomized/deciles_none_unfused_time_rope_first_24h-tokenized/test/logistic_regression-preds-base-primary_binary-model-discrete-time_rope.pkl,/gpfs/data/bbj-lab/users/daniel/input-representation-benchmark/outputs/runs/exp3/arms/meds_randomized/deciles_none_unfused_time_rope_first_24h-tokenized/test/tokens_timelines_outcomes.parquet
exp3_primary_binary,classification,same_admission_death,freqmatched,roc_auc,True,2440,0.8211861764635346,0.7947601376119874,0.8474730329298062,/gpfs/data/bbj-lab/users/daniel/input-representation-benchmark/outputs/runs/exp3/arms/meds_freqmatched/deciles_none_unfused_time_rope_first_24h-tokenized/test/logistic_regression-preds-base-primary_binary-model-discrete-time_rope.pkl,/gpfs/data/bbj-lab/users/daniel/input-representation-benchmark/outputs/runs/exp3/arms/meds_freqmatched/deciles_none_unfused_time_rope_first_24h-tokenized/test/tokens_timelines_outcomes.parquet
exp3_primary_binary,classification,same_admission_death,freqmatched,pr_auc,True,2440,0.3676174761799578,0.3092046632695019,0.4331159260305682,/gpfs/data/bbj-lab/users/daniel/input-representation-benchmark/outputs/runs/exp3/arms/meds_freqmatched/deciles_none_unfused_time_rope_first_24h-tokenized/test/logistic_regression-preds-base-primary_binary-model-discrete-time_rope.pkl,/gpfs/data/bbj-lab/users/daniel/input-representation-benchmark/outputs/runs/exp3/arms/meds_freqmatched/deciles_none_unfused_time_rope_first_24h-tokenized/test/tokens_timelines_outcomes.parquet
exp3_primary_binary,classification,same_admission_death,freqmatched,brier,False,2440,0.0712845148477087,0.0641253338889926,0.079177603639375,/gpfs/data/bbj-lab/users/daniel/input-representation-benchmark/outputs/runs/exp3/arms/meds_freqmatched/deciles_none_unfused_time_rope_first_24h-tokenized/test/logistic_regression-preds-base-primary_binary-model-discrete-time_rope.pkl,/gpfs/data/bbj-lab/users/daniel/input-representation-benchmark/outputs/runs/exp3/arms/meds_freqmatched/deciles_none_unfused_time_rope_first_24h-tokenized/test/tokens_timelines_outcomes.parquet
exp3_primary_binary,classification,same_admission_death,freqmatched,ece_15,False,2440,0.0178967274076762,0.0155147232530271,0.031857390053261,/gpfs/data/bbj-lab/users/daniel/input-representation-benchmark/outputs/runs/exp3/arms/meds_freqmatched/deciles_none_unfused_time_rope_first_24h-tokenized/test/logistic_regression-preds-base-primary_binary-model-discrete-time_rope.pkl,/gpfs/data/bbj-lab/users/daniel/input-representation-benchmark/outputs/runs/exp3/arms/meds_freqmatched/deciles_none_unfused_time_rope_first_24h-tokenized/test/tokens_timelines_outcomes.parquet
exp3_additional_binary,classification,crrt_initiation,meds,roc_auc,True,2424,0.8334407547522301,0.7639682294586053,0.8908877673589995,/gpfs/data/bbj-lab/users/daniel/input-representation-benchmark/outputs/runs/exp3/meds_icu/deciles_none_unfused_time_rope_first_24h-tokenized/test/logistic_regression-preds-model-discrete-time_rope.pkl,/gpfs/data/bbj-lab/users/daniel/input-representation-benchmark/outputs/runs/exp3/meds_icu/deciles_none_unfused_time_rope_first_24h-tokenized/test/tokens_timelines_extended_outcomes.parquet
exp3_additional_binary,classification,crrt_initiation,meds,pr_auc,True,2424,0.1141241079712707,0.0691983010464175,0.199407466200479,/gpfs/data/bbj-lab/users/daniel/input-representation-benchmark/outputs/runs/exp3/meds_icu/deciles_none_unfused_time_rope_first_24h-tokenized/test/logistic_regression-preds-model-discrete-time_rope.pkl,/gpfs/data/bbj-lab/users/daniel/input-representation-benchmark/outputs/runs/exp3/meds_icu/deciles_none_unfused_time_rope_first_24h-tokenized/test/tokens_timelines_extended_outcomes.parquet
exp3_additional_binary,classification,crrt_initiation,meds,brier,False,2424,0.0187407543401825,0.0143534597591773,0.0233187129077812,/gpfs/data/bbj-lab/users/daniel/input-representation-benchmark/outputs/runs/exp3/meds_icu/deciles_none_unfused_time_rope_first_24h-tokenized/test/logistic_regression-preds-model-discrete-time_rope.pkl,/gpfs/data/bbj-lab/users/daniel/input-representation-benchmark/outputs/runs/exp3/meds_icu/deciles_none_unfused_time_rope_first_24h-tokenized/test/tokens_timelines_extended_outcomes.parquet
exp3_additional_binary,classification,crrt_initiation,meds,ece_15,False,2424,0.013507006313787,0.0100749183447055,0.0194816611352668,/gpfs/data/bbj-lab/users/daniel/input-representation-benchmark/outputs/runs/exp3/meds_icu/deciles_none_unfused_time_rope_first_24h-tokenized/test/logistic_regression-preds-model-discrete-time_rope.pkl,/gpfs/data/bbj-lab/users/daniel/input-representation-benchmark/outputs/runs/exp3/meds_icu/deciles_none_unfused_time_rope_first_24h-tokenized/test/tokens_timelines_extended_outcomes.parquet
exp3_additional_binary,classification,crrt_initiation,mapped,roc_auc,True,2424,0.8298071084956331,0.7709128165610182,0.8830257979398252,/gpfs/data/bbj-lab/users/daniel/input-representation-benchmark/outputs/runs/exp3/arms/meds_mapped/deciles_none_unfused_time_rope_first_24h-tokenized/test/logistic_regression-preds-model-discrete-time_rope.pkl,/gpfs/data/bbj-lab/users/daniel/input-representation-benchmark/outputs/runs/exp3/arms/meds_mapped/deciles_none_unfused_time_rope_first_24h-tokenized/test/tokens_timelines_extended_outcomes.parquet
exp3_additional_binary,classification,crrt_initiation,mapped,pr_auc,True,2424,0.1359653637361635,0.0666198023791063,0.2448028658002915,/gpfs/data/bbj-lab/users/daniel/input-representation-benchmark/outputs/runs/exp3/arms/meds_mapped/deciles_none_unfused_time_rope_first_24h-tokenized/test/logistic_regression-preds-model-discrete-time_rope.pkl,/gpfs/data/bbj-lab/users/daniel/input-representation-benchmark/outputs/runs/exp3/arms/meds_mapped/deciles_none_unfused_time_rope_first_24h-tokenized/test/tokens_timelines_extended_outcomes.parquet
exp3_additional_binary,classification,crrt_initiation,mapped,brier,False,2424,0.0186005831654944,0.0143004193858298,0.0233708893018222,/gpfs/data/bbj-lab/users/daniel/input-representation-benchmark/outputs/runs/exp3/arms/meds_mapped/deciles_none_unfused_time_rope_first_24h-tokenized/test/logistic_regression-preds-model-discrete-time_rope.pkl,/gpfs/data/bbj-lab/users/daniel/input-representation-benchmark/outputs/runs/exp3/arms/meds_mapped/deciles_none_unfused_time_rope_first_24h-tokenized/test/tokens_timelines_extended_outcomes.parquet
exp3_additional_binary,classification,crrt_initiation,mapped,ece_15,False,2424,0.0138155439264154,0.0108951510899272,0.0200464957657631,/gpfs/data/bbj-lab/users/daniel/input-representation-benchmark/outputs/runs/exp3/arms/meds_mapped/deciles_none_unfused_time_rope_first_24h-tokenized/test/logistic_regression-preds-model-discrete-time_rope.pkl,/gpfs/data/bbj-lab/users/daniel/input-representation-benchmark/outputs/runs/exp3/arms/meds_mapped/deciles_none_unfused_time_rope_first_24h-tokenized/test/tokens_timelines_extended_outcomes.parquet
exp3_additional_binary,classification,crrt_initiation,randomized,roc_auc,True,2424,0.8142169912661716,0.750956960252157,0.8729500991725284,/gpfs/data/bbj-lab/users/daniel/input-representation-benchmark/outputs/runs/exp3/arms/meds_randomized/deciles_none_unfused_time_rope_first_24h-tokenized/test/logistic_regression-preds-model-discrete-time_rope.pkl,/gpfs/data/bbj-lab/users/daniel/input-representation-benchmark/outputs/runs/exp3/arms/meds_randomized/deciles_none_unfused_time_rope_first_24h-tokenized/test/tokens_timelines_extended_outcomes.parquet
exp3_additional_binary,classification,crrt_initiation,randomized,pr_auc,True,2424,0.1444584471109329,0.0745562390137088,0.2736542507178032,/gpfs/data/bbj-lab/users/daniel/input-representation-benchmark/outputs/runs/exp3/arms/meds_randomized/deciles_none_unfused_time_rope_first_24h-tokenized/test/logistic_regression-preds-model-discrete-time_rope.pkl,/gpfs/data/bbj-lab/users/daniel/input-representation-benchmark/outputs/runs/exp3/arms/meds_randomized/deciles_none_unfused_time_rope_first_24h-tokenized/test/tokens_timelines_extended_outcomes.parquet
exp3_additional_binary,classification,crrt_initiation,randomized,brier,False,2424,0.0182122168398302,0.0138430567699652,0.0229518966899789,/gpfs/data/bbj-lab/users/daniel/input-representation-benchmark/outputs/runs/exp3/arms/meds_randomized/deciles_none_unfused_time_rope_first_24h-tokenized/test/logistic_regression-preds-model-discrete-time_rope.pkl,/gpfs/data/bbj-lab/users/daniel/input-representation-benchmark/outputs/runs/exp3/arms/meds_randomized/deciles_none_unfused_time_rope_first_24h-tokenized/test/tokens_timelines_extended_outcomes.parquet
exp3_additional_binary,classification,crrt_initiation,randomized,ece_15,False,2424,0.0154575657096806,0.0119343832345868,0.0216046535864191,/gpfs/data/bbj-lab/users/daniel/input-representation-benchmark/outputs/runs/exp3/arms/meds_randomized/deciles_none_unfused_time_rope_first_24h-tokenized/test/logistic_regression-preds-model-discrete-time_rope.pkl,/gpfs/data/bbj-lab/users/daniel/input-representation-benchmark/outputs/runs/exp3/arms/meds_randomized/deciles_none_unfused_time_rope_first_24h-tokenized/test/tokens_timelines_extended_outcomes.parquet
exp3_additional_binary,classification,crrt_initiation,freqmatched,roc_auc,True,2424,0.8111438045864277,0.746898111818896,0.8677077307806333,/gpfs/data/bbj-lab/users/daniel/input-representation-benchmark/outputs/runs/exp3/arms/meds_freqmatched/deciles_none_unfused_time_rope_first_24h-tokenized/test/logistic_regression-preds-model-discrete-time_rope.pkl,/gpfs/data/bbj-lab/users/daniel/input-representation-benchmark/outputs/runs/exp3/arms/meds_freqmatched/deciles_none_unfused_time_rope_first_24h-tokenized/test/tokens_timelines_extended_outcomes.parquet
exp3_additional_binary,classification,crrt_initiation,freqmatched,pr_auc,True,2424,0.1195984676483611,0.0599872372828201,0.2105571017720295,/gpfs/data/bbj-lab/users/daniel/input-representation-benchmark/outputs/runs/exp3/arms/meds_freqmatched/deciles_none_unfused_time_rope_first_24h-tokenized/test/logistic_regression-preds-model-discrete-time_rope.pkl,/gpfs/data/bbj-lab/users/daniel/input-representation-benchmark/outputs/runs/exp3/arms/meds_freqmatched/deciles_none_unfused_time_rope_first_24h-tokenized/test/tokens_timelines_extended_outcomes.parquet
exp3_additional_binary,classification,crrt_initiation,freqmatched,brier,False,2424,0.0188150288331821,0.0142975066715054,0.0237326603577743,/gpfs/data/bbj-lab/users/daniel/input-representation-benchmark/outputs/runs/exp3/arms/meds_freqmatched/deciles_none_unfused_time_rope_first_24h-tokenized/test/logistic_regression-preds-model-discrete-time_rope.pkl,/gpfs/data/bbj-lab/users/daniel/input-representation-benchmark/outputs/runs/exp3/arms/meds_freqmatched/deciles_none_unfused_time_rope_first_24h-tokenized/test/tokens_timelines_extended_outcomes.parquet
exp3_additional_binary,classification,crrt_initiation,freqmatched,ece_15,False,2424,0.0162898844716399,0.0116644643943939,0.0217648549294873,/gpfs/data/bbj-lab/users/daniel/input-representation-benchmark/outputs/runs/exp3/arms/meds_freqmatched/deciles_none_unfused_time_rope_first_24h-tokenized/test/logistic_regression-preds-model-discrete-time_rope.pkl,/gpfs/data/bbj-lab/users/daniel/input-representation-benchmark/outputs/runs/exp3/arms/meds_freqmatched/deciles_none_unfused_time_rope_first_24h-tokenized/test/tokens_timelines_extended_outcomes.parquet
exp3_additional_binary,classification,hemodialysis_initiation,meds,roc_auc,True,2401,0.8458426936243046,0.805810180370917,0.8847386082416364,/gpfs/data/bbj-lab/users/daniel/input-representation-benchmark/outputs/runs/exp3/meds_icu/deciles_none_unfused_time_rope_first_24h-tokenized/test/logistic_regression-preds-model-discrete-time_rope.pkl,/gpfs/data/bbj-lab/users/daniel/input-representation-benchmark/outputs/runs/exp3/meds_icu/deciles_none_unfused_time_rope_first_24h-tokenized/test/tokens_timelines_extended_outcomes.parquet
exp3_additional_binary,classification,hemodialysis_initiation,meds,pr_auc,True,2401,0.1344128044887405,0.0893680906125242,0.2158052016124687,/gpfs/data/bbj-lab/users/daniel/input-representation-benchmark/outputs/runs/exp3/meds_icu/deciles_none_unfused_time_rope_first_24h-tokenized/test/logistic_regression-preds-model-discrete-time_rope.pkl,/gpfs/data/bbj-lab/users/daniel/input-representation-benchmark/outputs/runs/exp3/meds_icu/deciles_none_unfused_time_rope_first_24h-tokenized/test/tokens_timelines_extended_outcomes.parquet
exp3_additional_binary,classification,hemodialysis_initiation,meds,brier,False,2401,0.0255833554911316,0.0202925693170528,0.0310637984346611,/gpfs/data/bbj-lab/users/daniel/input-representation-benchmark/outputs/runs/exp3/meds_icu/deciles_none_unfused_time_rope_first_24h-tokenized/test/logistic_regression-preds-model-discrete-time_rope.pkl,/gpfs/data/bbj-lab/users/daniel/input-representation-benchmark/outputs/runs/exp3/meds_icu/deciles_none_unfused_time_rope_first_24h-tokenized/test/tokens_timelines_extended_outcomes.parquet
exp3_additional_binary,classification,hemodialysis_initiation,meds,ece_15,False,2401,0.0101252926235011,0.0071326310428856,0.0178791906900499,/gpfs/data/bbj-lab/users/daniel/input-representation-benchmark/outputs/runs/exp3/meds_icu/deciles_none_unfused_time_rope_first_24h-tokenized/test/logistic_regression-preds-model-discrete-time_rope.pkl,/gpfs/data/bbj-lab/users/daniel/input-representation-benchmark/outputs/runs/exp3/meds_icu/deciles_none_unfused_time_rope_first_24h-tokenized/test/tokens_timelines_extended_outcomes.parquet
exp3_additional_binary,classification,hemodialysis_initiation,mapped,roc_auc,True,2401,0.8145057766367138,0.768366993049432,0.8595323778136901,/gpfs/data/bbj-lab/users/daniel/input-representation-benchmark/outputs/runs/exp3/arms/meds_mapped/deciles_none_unfused_time_rope_first_24h-tokenized/test/logistic_regression-preds-model-discrete-time_rope.pkl,/gpfs/data/bbj-lab/users/daniel/input-representation-benchmark/outputs/runs/exp3/arms/meds_mapped/deciles_none_unfused_time_rope_first_24h-tokenized/test/tokens_timelines_extended_outcomes.parquet
exp3_additional_binary,classification,hemodialysis_initiation,mapped,pr_auc,True,2401,0.1104849687260383,0.0767770501776972,0.1704160511443143,/gpfs/data/bbj-lab/users/daniel/input-representation-benchmark/outputs/runs/exp3/arms/meds_mapped/deciles_none_unfused_time_rope_first_24h-tokenized/test/logistic_regression-preds-model-discrete-time_rope.pkl,/gpfs/data/bbj-lab/users/daniel/input-representation-benchmark/outputs/runs/exp3/arms/meds_mapped/deciles_none_unfused_time_rope_first_24h-tokenized/test/tokens_timelines_extended_outcomes.parquet
exp3_additional_binary,classification,hemodialysis_initiation,mapped,brier,False,2401,0.026279250972998,0.0209110279989384,0.0320010263454954,/gpfs/data/bbj-lab/users/daniel/input-representation-benchmark/outputs/runs/exp3/arms/meds_mapped/deciles_none_unfused_time_rope_first_24h-tokenized/test/logistic_regression-preds-model-discrete-time_rope.pkl,/gpfs/data/bbj-lab/users/daniel/input-representation-benchmark/outputs/runs/exp3/arms/meds_mapped/deciles_none_unfused_time_rope_first_24h-tokenized/test/tokens_timelines_extended_outcomes.parquet
exp3_additional_binary,classification,hemodialysis_initiation,mapped,ece_15,False,2401,0.0139918460067779,0.0092467566382658,0.0213465573852245,/gpfs/data/bbj-lab/users/daniel/input-representation-benchmark/outputs/runs/exp3/arms/meds_mapped/deciles_none_unfused_time_rope_first_24h-tokenized/test/logistic_regression-preds-model-discrete-time_rope.pkl,/gpfs/data/bbj-lab/users/daniel/input-representation-benchmark/outputs/runs/exp3/arms/meds_mapped/deciles_none_unfused_time_rope_first_24h-tokenized/test/tokens_timelines_extended_outcomes.parquet
exp3_additional_binary,classification,hemodialysis_initiation,randomized,roc_auc,True,2401,0.8521675759520754,0.8110707993576651,0.8919231181564785,/gpfs/data/bbj-lab/users/daniel/input-representation-benchmark/outputs/runs/exp3/arms/meds_randomized/deciles_none_unfused_time_rope_first_24h-tokenized/test/logistic_regression-preds-model-discrete-time_rope.pkl,/gpfs/data/bbj-lab/users/daniel/input-representation-benchmark/outputs/runs/exp3/arms/meds_randomized/deciles_none_unfused_time_rope_first_24h-tokenized/test/tokens_timelines_extended_outcomes.parquet
exp3_additional_binary,classification,hemodialysis_initiation,randomized,pr_auc,True,2401,0.1299357388181652,0.0910928338611128,0.1955081701960879,/gpfs/data/bbj-lab/users/daniel/input-representation-benchmark/outputs/runs/exp3/arms/meds_randomized/deciles_none_unfused_time_rope_first_24h-tokenized/test/logistic_regression-preds-model-discrete-time_rope.pkl,/gpfs/data/bbj-lab/users/daniel/input-representation-benchmark/outputs/runs/exp3/arms/meds_randomized/deciles_none_unfused_time_rope_first_24h-tokenized/test/tokens_timelines_extended_outcomes.parquet
exp3_additional_binary,classification,hemodialysis_initiation,randomized,brier,False,2401,0.0256372043532497,0.0205105357904126,0.0310779507077255,/gpfs/data/bbj-lab/users/daniel/input-representation-benchmark/outputs/runs/exp3/arms/meds_randomized/deciles_none_unfused_time_rope_first_24h-tokenized/test/logistic_regression-preds-model-discrete-time_rope.pkl,/gpfs/data/bbj-lab/users/daniel/input-representation-benchmark/outputs/runs/exp3/arms/meds_randomized/deciles_none_unfused_time_rope_first_24h-tokenized/test/tokens_timelines_extended_outcomes.parquet
exp3_additional_binary,classification,hemodialysis_initiation,randomized,ece_15,False,2401,0.008643556582775,0.0069340232729079,0.0172014424984284,/gpfs/data/bbj-lab/users/daniel/input-representation-benchmark/outputs/runs/exp3/arms/meds_randomized/deciles_none_unfused_time_rope_first_24h-tokenized/test/logistic_regression-preds-model-discrete-time_rope.pkl,/gpfs/data/bbj-lab/users/daniel/input-representation-benchmark/outputs/runs/exp3/arms/meds_randomized/deciles_none_unfused_time_rope_first_24h-tokenized/test/tokens_timelines_extended_outcomes.parquet
exp3_additional_binary,classification,hemodialysis_initiation,freqmatched,roc_auc,True,2401,0.8209777492511766,0.7680603673724318,0.8691891527069909,/gpfs/data/bbj-lab/users/daniel/input-representation-benchmark/outputs/runs/exp3/arms/meds_freqmatched/deciles_none_unfused_time_rope_first_24h-tokenized/test/logistic_regression-preds-model-discrete-time_rope.pkl,/gpfs/data/bbj-lab/users/daniel/input-representation-benchmark/outputs/runs/exp3/arms/meds_freqmatched/deciles_none_unfused_time_rope_first_24h-tokenized/test/tokens_timelines_extended_outcomes.parquet
exp3_additional_binary,classification,hemodialysis_initiation,freqmatched,pr_auc,True,2401,0.143759111923952,0.0906293666171181,0.2339795365793029,/gpfs/data/bbj-lab/users/daniel/input-representation-benchmark/outputs/runs/exp3/arms/meds_freqmatched/deciles_none_unfused_time_rope_first_24h-tokenized/test/logistic_regression-preds-model-discrete-time_rope.pkl,/gpfs/data/bbj-lab/users/daniel/input-representation-benchmark/outputs/runs/exp3/arms/meds_freqmatched/deciles_none_unfused_time_rope_first_24h-tokenized/test/tokens_timelines_extended_outcomes.parquet
exp3_additional_binary,classification,hemodialysis_initiation,freqmatched,brier,False,2401,0.0252300124912685,0.0199517988044198,0.0309471933991079,/gpfs/data/bbj-lab/users/daniel/input-representation-benchmark/outputs/runs/exp3/arms/meds_freqmatched/deciles_none_unfused_time_rope_first_24h-tokenized/test/logistic_regression-preds-model-discrete-time_rope.pkl,/gpfs/data/bbj-lab/users/daniel/input-representation-benchmark/outputs/runs/exp3/arms/meds_freqmatched/deciles_none_unfused_time_rope_first_24h-tokenized/test/tokens_timelines_extended_outcomes.parquet
exp3_additional_binary,classification,hemodialysis_initiation,freqmatched,ece_15,False,2401,0.011125971549428,0.0088638552792457,0.0193078006332806,/gpfs/data/bbj-lab/users/daniel/input-representation-benchmark/outputs/runs/exp3/arms/meds_freqmatched/deciles_none_unfused_time_rope_first_24h-tokenized/test/logistic_regression-preds-model-discrete-time_rope.pkl,/gpfs/data/bbj-lab/users/daniel/input-representation-benchmark/outputs/runs/exp3/arms/meds_freqmatched/deciles_none_unfused_time_rope_first_24h-tokenized/test/tokens_timelines_extended_outcomes.parquet
exp3_additional_binary,classification,hyperkalemia,meds,roc_auc,True,2291,0.6514372566796437,0.5914839379424887,0.7115738322017289,/gpfs/data/bbj-lab/users/daniel/input-representation-benchmark/outputs/runs/exp3/meds_icu/deciles_none_unfused_time_rope_first_24h-tokenized/test/logistic_regression-preds-model-discrete-time_rope.pkl,/gpfs/data/bbj-lab/users/daniel/input-representation-benchmark/outputs/runs/exp3/meds_icu/deciles_none_unfused_time_rope_first_24h-tokenized/test/tokens_timelines_extended_outcomes.parquet
exp3_additional_binary,classification,hyperkalemia,meds,pr_auc,True,2291,0.0628646632764787,0.0470682798743733,0.0894732351583116,/gpfs/data/bbj-lab/users/daniel/input-representation-benchmark/outputs/runs/exp3/meds_icu/deciles_none_unfused_time_rope_first_24h-tokenized/test/logistic_regression-preds-model-discrete-time_rope.pkl,/gpfs/data/bbj-lab/users/daniel/input-representation-benchmark/outputs/runs/exp3/meds_icu/deciles_none_unfused_time_rope_first_24h-tokenized/test/tokens_timelines_extended_outcomes.parquet
exp3_additional_binary,classification,hyperkalemia,meds,brier,False,2291,0.0375679406593347,0.0309098513115105,0.0451202759938616,/gpfs/data/bbj-lab/users/daniel/input-representation-benchmark/outputs/runs/exp3/meds_icu/deciles_none_unfused_time_rope_first_24h-tokenized/test/logistic_regression-preds-model-discrete-time_rope.pkl,/gpfs/data/bbj-lab/users/daniel/input-representation-benchmark/outputs/runs/exp3/meds_icu/deciles_none_unfused_time_rope_first_24h-tokenized/test/tokens_timelines_extended_outcomes.parquet
exp3_additional_binary,classification,hyperkalemia,meds,ece_15,False,2291,0.022931934229421,0.0179620247556436,0.0313177435793928,/gpfs/data/bbj-lab/users/daniel/input-representation-benchmark/outputs/runs/exp3/meds_icu/deciles_none_unfused_time_rope_first_24h-tokenized/test/logistic_regression-preds-model-discrete-time_rope.pkl,/gpfs/data/bbj-lab/users/daniel/input-representation-benchmark/outputs/runs/exp3/meds_icu/deciles_none_unfused_time_rope_first_24h-tokenized/test/tokens_timelines_extended_outcomes.parquet
exp3_additional_binary,classification,hyperkalemia,mapped,roc_auc,True,2291,0.6940003199829342,0.6394888514359003,0.7448083418697444,/gpfs/data/bbj-lab/users/daniel/input-representation-benchmark/outputs/runs/exp3/arms/meds_mapped/deciles_none_unfused_time_rope_first_24h-tokenized/test/logistic_regression-preds-model-discrete-time_rope.pkl,/gpfs/data/bbj-lab/users/daniel/input-representation-benchmark/outputs/runs/exp3/arms/meds_mapped/deciles_none_unfused_time_rope_first_24h-tokenized/test/tokens_timelines_extended_outcomes.parquet
exp3_additional_binary,classification,hyperkalemia,mapped,pr_auc,True,2291,0.0719743268351976,0.0534193944117784,0.1018781394817081,/gpfs/data/bbj-lab/users/daniel/input-representation-benchmark/outputs/runs/exp3/arms/meds_mapped/deciles_none_unfused_time_rope_first_24h-tokenized/test/logistic_regression-preds-model-discrete-time_rope.pkl,/gpfs/data/bbj-lab/users/daniel/input-representation-benchmark/outputs/runs/exp3/arms/meds_mapped/deciles_none_unfused_time_rope_first_24h-tokenized/test/tokens_timelines_extended_outcomes.parquet
exp3_additional_binary,classification,hyperkalemia,mapped,brier,False,2291,0.035875287908342,0.0292567630711652,0.0432554908962478,/gpfs/data/bbj-lab/users/daniel/input-representation-benchmark/outputs/runs/exp3/arms/meds_mapped/deciles_none_unfused_time_rope_first_24h-tokenized/test/logistic_regression-preds-model-discrete-time_rope.pkl,/gpfs/data/bbj-lab/users/daniel/input-representation-benchmark/outputs/runs/exp3/arms/meds_mapped/deciles_none_unfused_time_rope_first_24h-tokenized/test/tokens_timelines_extended_outcomes.parquet
exp3_additional_binary,classification,hyperkalemia,mapped,ece_15,False,2291,0.016405092437762,0.012340230150279,0.0256242821634258,/gpfs/data/bbj-lab/users/daniel/input-representation-benchmark/outputs/runs/exp3/arms/meds_mapped/deciles_none_unfused_time_rope_first_24h-tokenized/test/logistic_regression-preds-model-discrete-time_rope.pkl,/gpfs/data/bbj-lab/users/daniel/input-representation-benchmark/outputs/runs/exp3/arms/meds_mapped/deciles_none_unfused_time_rope_first_24h-tokenized/test/tokens_timelines_extended_outcomes.parquet
exp3_additional_binary,classification,hyperkalemia,randomized,roc_auc,True,2291,0.7079995733560877,0.6527049750530305,0.7613013857552662,/gpfs/data/bbj-lab/users/daniel/input-representation-benchmark/outputs/runs/exp3/arms/meds_randomized/deciles_none_unfused_time_rope_first_24h-tokenized/test/logistic_regression-preds-model-discrete-time_rope.pkl,/gpfs/data/bbj-lab/users/daniel/input-representation-benchmark/outputs/runs/exp3/arms/meds_randomized/deciles_none_unfused_time_rope_first_24h-tokenized/test/tokens_timelines_extended_outcomes.parquet
exp3_additional_binary,classification,hyperkalemia,randomized,pr_auc,True,2291,0.0958201047661334,0.0657925624090354,0.1558032726338137,/gpfs/data/bbj-lab/users/daniel/input-representation-benchmark/outputs/runs/exp3/arms/meds_randomized/deciles_none_unfused_time_rope_first_24h-tokenized/test/logistic_regression-preds-model-discrete-time_rope.pkl,/gpfs/data/bbj-lab/users/daniel/input-representation-benchmark/outputs/runs/exp3/arms/meds_randomized/deciles_none_unfused_time_rope_first_24h-tokenized/test/tokens_timelines_extended_outcomes.parquet
exp3_additional_binary,classification,hyperkalemia,randomized,brier,False,2291,0.0350651877053941,0.028471614454471,0.0423355855196887,/gpfs/data/bbj-lab/users/daniel/input-representation-benchmark/outputs/runs/exp3/arms/meds_randomized/deciles_none_unfused_time_rope_first_24h-tokenized/test/logistic_regression-preds-model-discrete-time_rope.pkl,/gpfs/data/bbj-lab/users/daniel/input-representation-benchmark/outputs/runs/exp3/arms/meds_randomized/deciles_none_unfused_time_rope_first_24h-tokenized/test/tokens_timelines_extended_outcomes.parquet
exp3_additional_binary,classification,hyperkalemia,randomized,ece_15,False,2291,0.0141350766532347,0.0114834275662915,0.0247818344013533,/gpfs/data/bbj-lab/users/daniel/input-representation-benchmark/outputs/runs/exp3/arms/meds_randomized/deciles_none_unfused_time_rope_first_24h-tokenized/test/logistic_regression-preds-model-discrete-time_rope.pkl,/gpfs/data/bbj-lab/users/daniel/input-representation-benchmark/outputs/runs/exp3/arms/meds_randomized/deciles_none_unfused_time_rope_first_24h-tokenized/test/tokens_timelines_extended_outcomes.parquet
exp3_additional_binary,classification,hyperkalemia,freqmatched,roc_auc,True,2291,0.6561090075195989,0.5987278031735872,0.714625990551665,/gpfs/data/bbj-lab/users/daniel/input-representation-benchmark/outputs/runs/exp3/arms/meds_freqmatched/deciles_none_unfused_time_rope_first_24h-tokenized/test/logistic_regression-preds-model-discrete-time_rope.pkl,/gpfs/data/bbj-lab/users/daniel/input-representation-benchmark/outputs/runs/exp3/arms/meds_freqmatched/deciles_none_unfused_time_rope_first_24h-tokenized/test/tokens_timelines_extended_outcomes.parquet
exp3_additional_binary,classification,hyperkalemia,freqmatched,pr_auc,True,2291,0.070869460155039,0.0511379924519956,0.1145375185964441,/gpfs/data/bbj-lab/users/daniel/input-representation-benchmark/outputs/runs/exp3/arms/meds_freqmatched/deciles_none_unfused_time_rope_first_24h-tokenized/test/logistic_regression-preds-model-discrete-time_rope.pkl,/gpfs/data/bbj-lab/users/daniel/input-representation-benchmark/outputs/runs/exp3/arms/meds_freqmatched/deciles_none_unfused_time_rope_first_24h-tokenized/test/tokens_timelines_extended_outcomes.parquet
exp3_additional_binary,classification,hyperkalemia,freqmatched,brier,False,2291,0.03603602617763,0.029367460100136,0.0435080068195707,/gpfs/data/bbj-lab/users/daniel/input-representation-benchmark/outputs/runs/exp3/arms/meds_freqmatched/deciles_none_unfused_time_rope_first_24h-tokenized/test/logistic_regression-preds-model-discrete-time_rope.pkl,/gpfs/data/bbj-lab/users/daniel/input-representation-benchmark/outputs/runs/exp3/arms/meds_freqmatched/deciles_none_unfused_time_rope_first_24h-tokenized/test/tokens_timelines_extended_outcomes.parquet
exp3_additional_binary,classification,hyperkalemia,freqmatched,ece_15,False,2291,0.018692717048072,0.0148043680277,0.0282736835609174,/gpfs/data/bbj-lab/users/daniel/input-representation-benchmark/outputs/runs/exp3/arms/meds_freqmatched/deciles_none_unfused_time_rope_first_24h-tokenized/test/logistic_regression-preds-model-discrete-time_rope.pkl,/gpfs/data/bbj-lab/users/daniel/input-representation-benchmark/outputs/runs/exp3/arms/meds_freqmatched/deciles_none_unfused_time_rope_first_24h-tokenized/test/tokens_timelines_extended_outcomes.parquet
exp3_additional_binary,classification,hypoglycemia,meds,roc_auc,True,2333,0.7494001933026323,0.6932005987989852,0.8002871238965985,/gpfs/data/bbj-lab/users/daniel/input-representation-benchmark/outputs/runs/exp3/meds_icu/deciles_none_unfused_time_rope_first_24h-tokenized/test/logistic_regression-preds-model-discrete-time_rope.pkl,/gpfs/data/bbj-lab/users/daniel/input-representation-benchmark/outputs/runs/exp3/meds_icu/deciles_none_unfused_time_rope_first_24h-tokenized/test/tokens_timelines_extended_outcomes.parquet
exp3_additional_binary,classification,hypoglycemia,meds,pr_auc,True,2333,0.0886806111623535,0.0634866632244785,0.131806778851286,/gpfs/data/bbj-lab/users/daniel/input-representation-benchmark/outputs/runs/exp3/meds_icu/deciles_none_unfused_time_rope_first_24h-tokenized/test/logistic_regression-preds-model-discrete-time_rope.pkl,/gpfs/data/bbj-lab/users/daniel/input-representation-benchmark/outputs/runs/exp3/meds_icu/deciles_none_unfused_time_rope_first_24h-tokenized/test/tokens_timelines_extended_outcomes.parquet
exp3_additional_binary,classification,hypoglycemia,meds,brier,False,2333,0.0321807130203441,0.0258860677486331,0.0384542156230278,/gpfs/data/bbj-lab/users/daniel/input-representation-benchmark/outputs/runs/exp3/meds_icu/deciles_none_unfused_time_rope_first_24h-tokenized/test/logistic_regression-preds-model-discrete-time_rope.pkl,/gpfs/data/bbj-lab/users/daniel/input-representation-benchmark/outputs/runs/exp3/meds_icu/deciles_none_unfused_time_rope_first_24h-tokenized/test/tokens_timelines_extended_outcomes.parquet
exp3_additional_binary,classification,hypoglycemia,meds,ece_15,False,2333,0.0139967707889856,0.0112445136053091,0.0239099160554017,/gpfs/data/bbj-lab/users/daniel/input-representation-benchmark/outputs/runs/exp3/meds_icu/deciles_none_unfused_time_rope_first_24h-tokenized/test/logistic_regression-preds-model-discrete-time_rope.pkl,/gpfs/data/bbj-lab/users/daniel/input-representation-benchmark/outputs/runs/exp3/meds_icu/deciles_none_unfused_time_rope_first_24h-tokenized/test/tokens_timelines_extended_outcomes.parquet
exp3_additional_binary,classification,hypoglycemia,mapped,roc_auc,True,2333,0.7250497470009666,0.6714773509657873,0.7760603937532279,/gpfs/data/bbj-lab/users/daniel/input-representation-benchmark/outputs/runs/exp3/arms/meds_mapped/deciles_none_unfused_time_rope_first_24h-tokenized/test/logistic_regression-preds-model-discrete-time_rope.pkl,/gpfs/data/bbj-lab/users/daniel/input-representation-benchmark/outputs/runs/exp3/arms/meds_mapped/deciles_none_unfused_time_rope_first_24h-tokenized/test/tokens_timelines_extended_outcomes.parquet
exp3_additional_binary,classification,hypoglycemia,mapped,pr_auc,True,2333,0.0687699400679135,0.0499258567039239,0.0944009755728003,/gpfs/data/bbj-lab/users/daniel/input-representation-benchmark/outputs/runs/exp3/arms/meds_mapped/deciles_none_unfused_time_rope_first_24h-tokenized/test/logistic_regression-preds-model-discrete-time_rope.pkl,/gpfs/data/bbj-lab/users/daniel/input-representation-benchmark/outputs/runs/exp3/arms/meds_mapped/deciles_none_unfused_time_rope_first_24h-tokenized/test/tokens_timelines_extended_outcomes.parquet
exp3_additional_binary,classification,hypoglycemia,mapped,brier,False,2333,0.0331488851889366,0.026529261271692,0.0395492881132552,/gpfs/data/bbj-lab/users/daniel/input-representation-benchmark/outputs/runs/exp3/arms/meds_mapped/deciles_none_unfused_time_rope_first_24h-tokenized/test/logistic_regression-preds-model-discrete-time_rope.pkl,/gpfs/data/bbj-lab/users/daniel/input-representation-benchmark/outputs/runs/exp3/arms/meds_mapped/deciles_none_unfused_time_rope_first_24h-tokenized/test/tokens_timelines_extended_outcomes.parquet
exp3_additional_binary,classification,hypoglycemia,mapped,ece_15,False,2333,0.0145950650596564,0.0126035228626184,0.0247992984914021,/gpfs/data/bbj-lab/users/daniel/input-representation-benchmark/outputs/runs/exp3/arms/meds_mapped/deciles_none_unfused_time_rope_first_24h-tokenized/test/logistic_regression-preds-model-discrete-time_rope.pkl,/gpfs/data/bbj-lab/users/daniel/input-representation-benchmark/outputs/runs/exp3/arms/meds_mapped/deciles_none_unfused_time_rope_first_24h-tokenized/test/tokens_timelines_extended_outcomes.parquet
exp3_additional_binary,classification,hypoglycemia,randomized,roc_auc,True,2333,0.7119392802319631,0.6559553685018448,0.7645168229244904,/gpfs/data/bbj-lab/users/daniel/input-representation-benchmark/outputs/runs/exp3/arms/meds_randomized/deciles_none_unfused_time_rope_first_24h-tokenized/test/logistic_regression-preds-model-discrete-time_rope.pkl,/gpfs/data/bbj-lab/users/daniel/input-representation-benchmark/outputs/runs/exp3/arms/meds_randomized/deciles_none_unfused_time_rope_first_24h-tokenized/test/tokens_timelines_extended_outcomes.parquet
exp3_additional_binary,classification,hypoglycemia,randomized,pr_auc,True,2333,0.0796643935652725,0.0538833569555896,0.1289321235800416,/gpfs/data/bbj-lab/users/daniel/input-representation-benchmark/outputs/runs/exp3/arms/meds_randomized/deciles_none_unfused_time_rope_first_24h-tokenized/test/logistic_regression-preds-model-discrete-time_rope.pkl,/gpfs/data/bbj-lab/users/daniel/input-representation-benchmark/outputs/runs/exp3/arms/meds_randomized/deciles_none_unfused_time_rope_first_24h-tokenized/test/tokens_timelines_extended_outcomes.parquet
exp3_additional_binary,classification,hypoglycemia,randomized,brier,False,2333,0.0323518236152752,0.0258753850138879,0.0388261918059418,/gpfs/data/bbj-lab/users/daniel/input-representation-benchmark/outputs/runs/exp3/arms/meds_randomized/deciles_none_unfused_time_rope_first_24h-tokenized/test/logistic_regression-preds-model-discrete-time_rope.pkl,/gpfs/data/bbj-lab/users/daniel/input-representation-benchmark/outputs/runs/exp3/arms/meds_randomized/deciles_none_unfused_time_rope_first_24h-tokenized/test/tokens_timelines_extended_outcomes.parquet
exp3_additional_binary,classification,hypoglycemia,randomized,ece_15,False,2333,0.0132980798369246,0.012122031277104,0.0240973828649677,/gpfs/data/bbj-lab/users/daniel/input-representation-benchmark/outputs/runs/exp3/arms/meds_randomized/deciles_none_unfused_time_rope_first_24h-tokenized/test/logistic_regression-preds-model-discrete-time_rope.pkl,/gpfs/data/bbj-lab/users/daniel/input-representation-benchmark/outputs/runs/exp3/arms/meds_randomized/deciles_none_unfused_time_rope_first_24h-tokenized/test/tokens_timelines_extended_outcomes.parquet
exp3_additional_binary,classification,hypoglycemia,freqmatched,roc_auc,True,2333,0.7357325601228041,0.6785066144630902,0.7874480061314975,/gpfs/data/bbj-lab/users/daniel/input-representation-benchmark/outputs/runs/exp3/arms/meds_freqmatched/deciles_none_unfused_time_rope_first_24h-tokenized/test/logistic_regression-preds-model-discrete-time_rope.pkl,/gpfs/data/bbj-lab/users/daniel/input-representation-benchmark/outputs/runs/exp3/arms/meds_freqmatched/deciles_none_unfused_time_rope_first_24h-tokenized/test/tokens_timelines_extended_outcomes.parquet
exp3_additional_binary,classification,hypoglycemia,freqmatched,pr_auc,True,2333,0.0834518827868569,0.0593471804597206,0.1181327488195134,/gpfs/data/bbj-lab/users/daniel/input-representation-benchmark/outputs/runs/exp3/arms/meds_freqmatched/deciles_none_unfused_time_rope_first_24h-tokenized/test/logistic_regression-preds-model-discrete-time_rope.pkl,/gpfs/data/bbj-lab/users/daniel/input-representation-benchmark/outputs/runs/exp3/arms/meds_freqmatched/deciles_none_unfused_time_rope_first_24h-tokenized/test/tokens_timelines_extended_outcomes.parquet
exp3_additional_binary,classification,hypoglycemia,freqmatched,brier,False,2333,0.0322788383698189,0.0258140129678497,0.0387824784097372,/gpfs/data/bbj-lab/users/daniel/input-representation-benchmark/outputs/runs/exp3/arms/meds_freqmatched/deciles_none_unfused_time_rope_first_24h-tokenized/test/logistic_regression-preds-model-discrete-time_rope.pkl,/gpfs/data/bbj-lab/users/daniel/input-representation-benchmark/outputs/runs/exp3/arms/meds_freqmatched/deciles_none_unfused_time_rope_first_24h-tokenized/test/tokens_timelines_extended_outcomes.parquet
exp3_additional_binary,classification,hypoglycemia,freqmatched,ece_15,False,2333,0.0133541113455782,0.0107146680652618,0.0228013770086685,/gpfs/data/bbj-lab/users/daniel/input-representation-benchmark/outputs/runs/exp3/arms/meds_freqmatched/deciles_none_unfused_time_rope_first_24h-tokenized/test/logistic_regression-preds-model-discrete-time_rope.pkl,/gpfs/data/bbj-lab/users/daniel/input-representation-benchmark/outputs/runs/exp3/arms/meds_freqmatched/deciles_none_unfused_time_rope_first_24h-tokenized/test/tokens_timelines_extended_outcomes.parquet
exp3_additional_binary,classification,hypotension,meds,roc_auc,True,1088,0.7703815406976745,0.7406725277174957,0.7981484955024515,/gpfs/data/bbj-lab/users/daniel/input-representation-benchmark/outputs/runs/exp3/meds_icu/deciles_none_unfused_time_rope_first_24h-tokenized/test/logistic_regression-preds-model-discrete-time_rope.pkl,/gpfs/data/bbj-lab/users/daniel/input-representation-benchmark/outputs/runs/exp3/meds_icu/deciles_none_unfused_time_rope_first_24h-tokenized/test/tokens_timelines_extended_outcomes.parquet
exp3_additional_binary,classification,hypotension,meds,pr_auc,True,1088,0.8445622060076641,0.8150609421910909,0.8715225375953465,/gpfs/data/bbj-lab/users/daniel/input-representation-benchmark/outputs/runs/exp3/meds_icu/deciles_none_unfused_time_rope_first_24h-tokenized/test/logistic_regression-preds-model-discrete-time_rope.pkl,/gpfs/data/bbj-lab/users/daniel/input-representation-benchmark/outputs/runs/exp3/meds_icu/deciles_none_unfused_time_rope_first_24h-tokenized/test/tokens_timelines_extended_outcomes.parquet
exp3_additional_binary,classification,hypotension,meds,brier,False,1088,0.186621402066858,0.1729317314874843,0.2001520606451528,/gpfs/data/bbj-lab/users/daniel/input-representation-benchmark/outputs/runs/exp3/meds_icu/deciles_none_unfused_time_rope_first_24h-tokenized/test/logistic_regression-preds-model-discrete-time_rope.pkl,/gpfs/data/bbj-lab/users/daniel/input-representation-benchmark/outputs/runs/exp3/meds_icu/deciles_none_unfused_time_rope_first_24h-tokenized/test/tokens_timelines_extended_outcomes.parquet
exp3_additional_binary,classification,hypotension,meds,ece_15,False,1088,0.0493236407974733,0.0449457477384006,0.0863544862830739,/gpfs/data/bbj-lab/users/daniel/input-representation-benchmark/outputs/runs/exp3/meds_icu/deciles_none_unfused_time_rope_first_24h-tokenized/test/logistic_regression-preds-model-discrete-time_rope.pkl,/gpfs/data/bbj-lab/users/daniel/input-representation-benchmark/outputs/runs/exp3/meds_icu/deciles_none_unfused_time_rope_first_24h-tokenized/test/tokens_timelines_extended_outcomes.parquet
exp3_additional_binary,classification,hypotension,mapped,roc_auc,True,1088,0.7718350290697674,0.7441616528601015,0.7998013706576171,/gpfs/data/bbj-lab/users/daniel/input-representation-benchmark/outputs/runs/exp3/arms/meds_mapped/deciles_none_unfused_time_rope_first_24h-tokenized/test/logistic_regression-preds-model-discrete-time_rope.pkl,/gpfs/data/bbj-lab/users/daniel/input-representation-benchmark/outputs/runs/exp3/arms/meds_mapped/deciles_none_unfused_time_rope_first_24h-tokenized/test/tokens_timelines_extended_outcomes.parquet
exp3_additional_binary,classification,hypotension,mapped,pr_auc,True,1088,0.8428115330142778,0.813712136905094,0.8722999031080106,/gpfs/data/bbj-lab/users/daniel/input-representation-benchmark/outputs/runs/exp3/arms/meds_mapped/deciles_none_unfused_time_rope_first_24h-tokenized/test/logistic_regression-preds-model-discrete-time_rope.pkl,/gpfs/data/bbj-lab/users/daniel/input-representation-benchmark/outputs/runs/exp3/arms/meds_mapped/deciles_none_unfused_time_rope_first_24h-tokenized/test/tokens_timelines_extended_outcomes.parquet
exp3_additional_binary,classification,hypotension,mapped,brier,False,1088,0.1870013879367804,0.1739275254078754,0.200904975595711,/gpfs/data/bbj-lab/users/daniel/input-representation-benchmark/outputs/runs/exp3/arms/meds_mapped/deciles_none_unfused_time_rope_first_24h-tokenized/test/logistic_regression-preds-model-discrete-time_rope.pkl,/gpfs/data/bbj-lab/users/daniel/input-representation-benchmark/outputs/runs/exp3/arms/meds_mapped/deciles_none_unfused_time_rope_first_24h-tokenized/test/tokens_timelines_extended_outcomes.parquet
exp3_additional_binary,classification,hypotension,mapped,ece_15,False,1088,0.0590359227447968,0.0475678474623061,0.0899788432803357,/gpfs/data/bbj-lab/users/daniel/input-representation-benchmark/outputs/runs/exp3/arms/meds_mapped/deciles_none_unfused_time_rope_first_24h-tokenized/test/logistic_regression-preds-model-discrete-time_rope.pkl,/gpfs/data/bbj-lab/users/daniel/input-representation-benchmark/outputs/runs/exp3/arms/meds_mapped/deciles_none_unfused_time_rope_first_24h-tokenized/test/tokens_timelines_extended_outcomes.parquet
exp3_additional_binary,classification,hypotension,randomized,roc_auc,True,1088,0.7785283430232558,0.751446815955954,0.8057672748732353,/gpfs/data/bbj-lab/users/daniel/input-representation-benchmark/outputs/runs/exp3/arms/meds_randomized/deciles_none_unfused_time_rope_first_24h-tokenized/test/logistic_regression-preds-model-discrete-time_rope.pkl,/gpfs/data/bbj-lab/users/daniel/input-representation-benchmark/outputs/runs/exp3/arms/meds_randomized/deciles_none_unfused_time_rope_first_24h-tokenized/test/tokens_timelines_extended_outcomes.parquet
exp3_additional_binary,classification,hypotension,randomized,pr_auc,True,1088,0.8437908102529013,0.8134105628316667,0.8723745775797793,/gpfs/data/bbj-lab/users/daniel/input-representation-benchmark/outputs/runs/exp3/arms/meds_randomized/deciles_none_unfused_time_rope_first_24h-tokenized/test/logistic_regression-preds-model-discrete-time_rope.pkl,/gpfs/data/bbj-lab/users/daniel/input-representation-benchmark/outputs/runs/exp3/arms/meds_randomized/deciles_none_unfused_time_rope_first_24h-tokenized/test/tokens_timelines_extended_outcomes.parquet
exp3_additional_binary,classification,hypotension,randomized,brier,False,1088,0.183305581582299,0.1705721918796655,0.1965490943181176,/gpfs/data/bbj-lab/users/daniel/input-representation-benchmark/outputs/runs/exp3/arms/meds_randomized/deciles_none_unfused_time_rope_first_24h-tokenized/test/logistic_regression-preds-model-discrete-time_rope.pkl,/gpfs/data/bbj-lab/users/daniel/input-representation-benchmark/outputs/runs/exp3/arms/meds_randomized/deciles_none_unfused_time_rope_first_24h-tokenized/test/tokens_timelines_extended_outcomes.parquet
exp3_additional_binary,classification,hypotension,randomized,ece_15,False,1088,0.0628404144146593,0.0498879492023461,0.0926759327130034,/gpfs/data/bbj-lab/users/daniel/input-representation-benchmark/outputs/runs/exp3/arms/meds_randomized/deciles_none_unfused_time_rope_first_24h-tokenized/test/logistic_regression-preds-model-discrete-time_rope.pkl,/gpfs/data/bbj-lab/users/daniel/input-representation-benchmark/outputs/runs/exp3/arms/meds_randomized/deciles_none_unfused_time_rope_first_24h-tokenized/test/tokens_timelines_extended_outcomes.parquet
exp3_additional_binary,classification,hypotension,freqmatched,roc_auc,True,1088,0.7818059593023257,0.7548515888146441,0.8091100452498273,/gpfs/data/bbj-lab/users/daniel/input-representation-benchmark/outputs/runs/exp3/arms/meds_freqmatched/deciles_none_unfused_time_rope_first_24h-tokenized/test/logistic_regression-preds-model-discrete-time_rope.pkl,/gpfs/data/bbj-lab/users/daniel/input-representation-benchmark/outputs/runs/exp3/arms/meds_freqmatched/deciles_none_unfused_time_rope_first_24h-tokenized/test/tokens_timelines_extended_outcomes.parquet
exp3_additional_binary,classification,hypotension,freqmatched,pr_auc,True,1088,0.85834547439042,0.8322859912776989,0.8833162917538603,/gpfs/data/bbj-lab/users/daniel/input-representation-benchmark/outputs/runs/exp3/arms/meds_freqmatched/deciles_none_unfused_time_rope_first_24h-tokenized/test/logistic_regression-preds-model-discrete-time_rope.pkl,/gpfs/data/bbj-lab/users/daniel/input-representation-benchmark/outputs/runs/exp3/arms/meds_freqmatched/deciles_none_unfused_time_rope_first_24h-tokenized/test/tokens_timelines_extended_outcomes.parquet
exp3_additional_binary,classification,hypotension,freqmatched,brier,False,1088,0.1838479086129903,0.1705011236209811,0.197256898569971,/gpfs/data/bbj-lab/users/daniel/input-representation-benchmark/outputs/runs/exp3/arms/meds_freqmatched/deciles_none_unfused_time_rope_first_24h-tokenized/test/logistic_regression-preds-model-discrete-time_rope.pkl,/gpfs/data/bbj-lab/users/daniel/input-representation-benchmark/outputs/runs/exp3/arms/meds_freqmatched/deciles_none_unfused_time_rope_first_24h-tokenized/test/tokens_timelines_extended_outcomes.parquet
exp3_additional_binary,classification,hypotension,freqmatched,ece_15,False,1088,0.066126661995291,0.0555570582929162,0.0958790108018086,/gpfs/data/bbj-lab/users/daniel/input-representation-benchmark/outputs/runs/exp3/arms/meds_freqmatched/deciles_none_unfused_time_rope_first_24h-tokenized/test/logistic_regression-preds-model-discrete-time_rope.pkl,/gpfs/data/bbj-lab/users/daniel/input-representation-benchmark/outputs/runs/exp3/arms/meds_freqmatched/deciles_none_unfused_time_rope_first_24h-tokenized/test/tokens_timelines_extended_outcomes.parquet
exp3_additional_binary,classification,profound_hyponatremia,meds,roc_auc,True,2331,0.6836118133053826,0.5241063458857722,0.8234401578464209,/gpfs/data/bbj-lab/users/daniel/input-representation-benchmark/outputs/runs/exp3/meds_icu/deciles_none_unfused_time_rope_first_24h-tokenized/test/logistic_regression-preds-model-discrete-time_rope.pkl,/gpfs/data/bbj-lab/users/daniel/input-representation-benchmark/outputs/runs/exp3/meds_icu/deciles_none_unfused_time_rope_first_24h-tokenized/test/tokens_timelines_extended_outcomes.parquet
exp3_additional_binary,classification,profound_hyponatremia,meds,pr_auc,True,2331,0.0219083066151534,0.0062008367170743,0.0841695839523517,/gpfs/data/bbj-lab/users/daniel/input-representation-benchmark/outputs/runs/exp3/meds_icu/deciles_none_unfused_time_rope_first_24h-tokenized/test/logistic_regression-preds-model-discrete-time_rope.pkl,/gpfs/data/bbj-lab/users/daniel/input-representation-benchmark/outputs/runs/exp3/meds_icu/deciles_none_unfused_time_rope_first_24h-tokenized/test/tokens_timelines_extended_outcomes.parquet
exp3_additional_binary,classification,profound_hyponatremia,meds,brier,False,2331,0.0060263961722072,0.0031312565509318,0.0092739422168158,/gpfs/data/bbj-lab/users/daniel/input-representation-benchmark/outputs/runs/exp3/meds_icu/deciles_none_unfused_time_rope_first_24h-tokenized/test/logistic_regression-preds-model-discrete-time_rope.pkl,/gpfs/data/bbj-lab/users/daniel/input-representation-benchmark/outputs/runs/exp3/meds_icu/deciles_none_unfused_time_rope_first_24h-tokenized/test/tokens_timelines_extended_outcomes.parquet
exp3_additional_binary,classification,profound_hyponatremia,meds,ece_15,False,2331,0.0068428225102463,0.0049866300393977,0.0104629595657866,/gpfs/data/bbj-lab/users/daniel/input-representation-benchmark/outputs/runs/exp3/meds_icu/deciles_none_unfused_time_rope_first_24h-tokenized/test/logistic_regression-preds-model-discrete-time_rope.pkl,/gpfs/data/bbj-lab/users/daniel/input-representation-benchmark/outputs/runs/exp3/meds_icu/deciles_none_unfused_time_rope_first_24h-tokenized/test/tokens_timelines_extended_outcomes.parquet
exp3_additional_binary,classification,profound_hyponatremia,mapped,roc_auc,True,2331,0.6054319008570195,0.4343073248129809,0.7566218632468092,/gpfs/data/bbj-lab/users/daniel/input-representation-benchmark/outputs/runs/exp3/arms/meds_mapped/deciles_none_unfused_time_rope_first_24h-tokenized/test/logistic_regression-preds-model-discrete-time_rope.pkl,/gpfs/data/bbj-lab/users/daniel/input-representation-benchmark/outputs/runs/exp3/arms/meds_mapped/deciles_none_unfused_time_rope_first_24h-tokenized/test/tokens_timelines_extended_outcomes.parquet
exp3_additional_binary,classification,profound_hyponatremia,mapped,pr_auc,True,2331,0.0177369139386914,0.0045552919651374,0.0903319500381451,/gpfs/data/bbj-lab/users/daniel/input-representation-benchmark/outputs/runs/exp3/arms/meds_mapped/deciles_none_unfused_time_rope_first_24h-tokenized/test/logistic_regression-preds-model-discrete-time_rope.pkl,/gpfs/data/bbj-lab/users/daniel/input-representation-benchmark/outputs/runs/exp3/arms/meds_mapped/deciles_none_unfused_time_rope_first_24h-tokenized/test/tokens_timelines_extended_outcomes.parquet
exp3_additional_binary,classification,profound_hyponatremia,mapped,brier,False,2331,0.0060471301002426,0.0031443184612501,0.0093246702977015,/gpfs/data/bbj-lab/users/daniel/input-representation-benchmark/outputs/runs/exp3/arms/meds_mapped/deciles_none_unfused_time_rope_first_24h-tokenized/test/logistic_regression-preds-model-discrete-time_rope.pkl,/gpfs/data/bbj-lab/users/daniel/input-representation-benchmark/outputs/runs/exp3/arms/meds_mapped/deciles_none_unfused_time_rope_first_24h-tokenized/test/tokens_timelines_extended_outcomes.parquet
exp3_additional_binary,classification,profound_hyponatremia,mapped,ece_15,False,2331,0.0068549939058209,0.0052672828000416,0.0107829309125391,/gpfs/data/bbj-lab/users/daniel/input-representation-benchmark/outputs/runs/exp3/arms/meds_mapped/deciles_none_unfused_time_rope_first_24h-tokenized/test/logistic_regression-preds-model-discrete-time_rope.pkl,/gpfs/data/bbj-lab/users/daniel/input-representation-benchmark/outputs/runs/exp3/arms/meds_mapped/deciles_none_unfused_time_rope_first_24h-tokenized/test/tokens_timelines_extended_outcomes.parquet
exp3_additional_binary,classification,profound_hyponatremia,randomized,roc_auc,True,2331,0.620013564338122,0.449524526624905,0.7830885073062455,/gpfs/data/bbj-lab/users/daniel/input-representation-benchmark/outputs/runs/exp3/arms/meds_randomized/deciles_none_unfused_time_rope_first_24h-tokenized/test/logistic_regression-preds-model-discrete-time_rope.pkl,/gpfs/data/bbj-lab/users/daniel/input-representation-benchmark/outputs/runs/exp3/arms/meds_randomized/deciles_none_unfused_time_rope_first_24h-tokenized/test/tokens_timelines_extended_outcomes.parquet
exp3_additional_binary,classification,profound_hyponatremia,randomized,pr_auc,True,2331,0.0112857918970712,0.0050055489195539,0.0256458510245846,/gpfs/data/bbj-lab/users/daniel/input-representation-benchmark/outputs/runs/exp3/arms/meds_randomized/deciles_none_unfused_time_rope_first_24h-tokenized/test/logistic_regression-preds-model-discrete-time_rope.pkl,/gpfs/data/bbj-lab/users/daniel/input-representation-benchmark/outputs/runs/exp3/arms/meds_randomized/deciles_none_unfused_time_rope_first_24h-tokenized/test/tokens_timelines_extended_outcomes.parquet
exp3_additional_binary,classification,profound_hyponatremia,randomized,brier,False,2331,0.0061213797930028,0.0031855987951454,0.0094551374808391,/gpfs/data/bbj-lab/users/daniel/input-representation-benchmark/outputs/runs/exp3/arms/meds_randomized/deciles_none_unfused_time_rope_first_24h-tokenized/test/logistic_regression-preds-model-discrete-time_rope.pkl,/gpfs/data/bbj-lab/users/daniel/input-representation-benchmark/outputs/runs/exp3/arms/meds_randomized/deciles_none_unfused_time_rope_first_24h-tokenized/test/tokens_timelines_extended_outcomes.parquet
exp3_additional_binary,classification,profound_hyponatremia,randomized,ece_15,False,2331,0.0061081901197128,0.0051457777662371,0.0103281103929315,/gpfs/data/bbj-lab/users/daniel/input-representation-benchmark/outputs/runs/exp3/arms/meds_randomized/deciles_none_unfused_time_rope_first_24h-tokenized/test/logistic_regression-preds-model-discrete-time_rope.pkl,/gpfs/data/bbj-lab/users/daniel/input-representation-benchmark/outputs/runs/exp3/arms/meds_randomized/deciles_none_unfused_time_rope_first_24h-tokenized/test/tokens_timelines_extended_outcomes.parquet
exp3_additional_binary,classification,profound_hyponatremia,freqmatched,roc_auc,True,2331,0.6793883716628645,0.5291871308156899,0.8140158531199425,/gpfs/data/bbj-lab/users/daniel/input-representation-benchmark/outputs/runs/exp3/arms/meds_freqmatched/deciles_none_unfused_time_rope_first_24h-tokenized/test/logistic_regression-preds-model-discrete-time_rope.pkl,/gpfs/data/bbj-lab/users/daniel/input-representation-benchmark/outputs/runs/exp3/arms/meds_freqmatched/deciles_none_unfused_time_rope_first_24h-tokenized/test/tokens_timelines_extended_outcomes.parquet
exp3_additional_binary,classification,profound_hyponatremia,freqmatched,pr_auc,True,2331,0.012827429480528,0.0059483567760829,0.0308015905029618,/gpfs/data/bbj-lab/users/daniel/input-representation-benchmark/outputs/runs/exp3/arms/meds_freqmatched/deciles_none_unfused_time_rope_first_24h-tokenized/test/logistic_regression-preds-model-discrete-time_rope.pkl,/gpfs/data/bbj-lab/users/daniel/input-representation-benchmark/outputs/runs/exp3/arms/meds_freqmatched/deciles_none_unfused_time_rope_first_24h-tokenized/test/tokens_timelines_extended_outcomes.parquet
exp3_additional_binary,classification,profound_hyponatremia,freqmatched,brier,False,2331,0.0068019170895733,0.0038215005037943,0.0100268898530477,/gpfs/data/bbj-lab/users/daniel/input-representation-benchmark/outputs/runs/exp3/arms/meds_freqmatched/deciles_none_unfused_time_rope_first_24h-tokenized/test/logistic_regression-preds-model-discrete-time_rope.pkl,/gpfs/data/bbj-lab/users/daniel/input-representation-benchmark/outputs/runs/exp3/arms/meds_freqmatched/deciles_none_unfused_time_rope_first_24h-tokenized/test/tokens_timelines_extended_outcomes.parquet
exp3_additional_binary,classification,profound_hyponatremia,freqmatched,ece_15,False,2331,0.0093241807320331,0.0066953453248896,0.0127511948822479,/gpfs/data/bbj-lab/users/daniel/input-representation-benchmark/outputs/runs/exp3/arms/meds_freqmatched/deciles_none_unfused_time_rope_first_24h-tokenized/test/logistic_regression-preds-model-discrete-time_rope.pkl,/gpfs/data/bbj-lab/users/daniel/input-representation-benchmark/outputs/runs/exp3/arms/meds_freqmatched/deciles_none_unfused_time_rope_first_24h-tokenized/test/tokens_timelines_extended_outcomes.parquet
exp3_additional_binary,classification,severe_anemia,meds,roc_auc,True,2230,0.7950054871237138,0.7706698999310533,0.8177166534034659,/gpfs/data/bbj-lab/users/daniel/input-representation-benchmark/outputs/runs/exp3/meds_icu/deciles_none_unfused_time_rope_first_24h-tokenized/test/logistic_regression-preds-model-discrete-time_rope.pkl,/gpfs/data/bbj-lab/users/daniel/input-representation-benchmark/outputs/runs/exp3/meds_icu/deciles_none_unfused_time_rope_first_24h-tokenized/test/tokens_timelines_extended_outcomes.parquet
exp3_additional_binary,classification,severe_anemia,meds,pr_auc,True,2230,0.3911863692367284,0.3411020052247307,0.4473549297140053,/gpfs/data/bbj-lab/users/daniel/input-representation-benchmark/outputs/runs/exp3/meds_icu/deciles_none_unfused_time_rope_first_24h-tokenized/test/logistic_regression-preds-model-discrete-time_rope.pkl,/gpfs/data/bbj-lab/users/daniel/input-representation-benchmark/outputs/runs/exp3/meds_icu/deciles_none_unfused_time_rope_first_24h-tokenized/test/tokens_timelines_extended_outcomes.parquet
exp3_additional_binary,classification,severe_anemia,meds,brier,False,2230,0.10553958829185,0.0967501042490127,0.1143398145509928,/gpfs/data/bbj-lab/users/daniel/input-representation-benchmark/outputs/runs/exp3/meds_icu/deciles_none_unfused_time_rope_first_24h-tokenized/test/logistic_regression-preds-model-discrete-time_rope.pkl,/gpfs/data/bbj-lab/users/daniel/input-representation-benchmark/outputs/runs/exp3/meds_icu/deciles_none_unfused_time_rope_first_24h-tokenized/test/tokens_timelines_extended_outcomes.parquet
exp3_additional_binary,classification,severe_anemia,meds,ece_15,False,2230,0.0273984943788466,0.0233113640226286,0.046061191161837,/gpfs/data/bbj-lab/users/daniel/input-representation-benchmark/outputs/runs/exp3/meds_icu/deciles_none_unfused_time_rope_first_24h-tokenized/test/logistic_regression-preds-model-discrete-time_rope.pkl,/gpfs/data/bbj-lab/users/daniel/input-representation-benchmark/outputs/runs/exp3/meds_icu/deciles_none_unfused_time_rope_first_24h-tokenized/test/tokens_timelines_extended_outcomes.parquet
exp3_additional_binary,classification,severe_anemia,mapped,roc_auc,True,2230,0.7877090069208297,0.7629835836776281,0.8107107428522333,/gpfs/data/bbj-lab/users/daniel/input-representation-benchmark/outputs/runs/exp3/arms/meds_mapped/deciles_none_unfused_time_rope_first_24h-tokenized/test/logistic_regression-preds-model-discrete-time_rope.pkl,/gpfs/data/bbj-lab/users/daniel/input-representation-benchmark/outputs/runs/exp3/arms/meds_mapped/deciles_none_unfused_time_rope_first_24h-tokenized/test/tokens_timelines_extended_outcomes.parquet
exp3_additional_binary,classification,severe_anemia,mapped,pr_auc,True,2230,0.3810075122665908,0.3325261032646298,0.4344350512229745,/gpfs/data/bbj-lab/users/daniel/input-representation-benchmark/outputs/runs/exp3/arms/meds_mapped/deciles_none_unfused_time_rope_first_24h-tokenized/test/logistic_regression-preds-model-discrete-time_rope.pkl,/gpfs/data/bbj-lab/users/daniel/input-representation-benchmark/outputs/runs/exp3/arms/meds_mapped/deciles_none_unfused_time_rope_first_24h-tokenized/test/tokens_timelines_extended_outcomes.parquet
exp3_additional_binary,classification,severe_anemia,mapped,brier,False,2230,0.1061086928050153,0.0972079350713931,0.1154117683464639,/gpfs/data/bbj-lab/users/daniel/input-representation-benchmark/outputs/runs/exp3/arms/meds_mapped/deciles_none_unfused_time_rope_first_24h-tokenized/test/logistic_regression-preds-model-discrete-time_rope.pkl,/gpfs/data/bbj-lab/users/daniel/input-representation-benchmark/outputs/runs/exp3/arms/meds_mapped/deciles_none_unfused_time_rope_first_24h-tokenized/test/tokens_timelines_extended_outcomes.parquet
exp3_additional_binary,classification,severe_anemia,mapped,ece_15,False,2230,0.0308768005809282,0.0233641496041522,0.0462158323350343,/gpfs/data/bbj-lab/users/daniel/input-representation-benchmark/outputs/runs/exp3/arms/meds_mapped/deciles_none_unfused_time_rope_first_24h-tokenized/test/logistic_regression-preds-model-discrete-time_rope.pkl,/gpfs/data/bbj-lab/users/daniel/input-representation-benchmark/outputs/runs/exp3/arms/meds_mapped/deciles_none_unfused_time_rope_first_24h-tokenized/test/tokens_timelines_extended_outcomes.parquet
exp3_additional_binary,classification,severe_anemia,randomized,roc_auc,True,2230,0.7792822940606191,0.7530074507530173,0.8040780619916982,/gpfs/data/bbj-lab/users/daniel/input-representation-benchmark/outputs/runs/exp3/arms/meds_randomized/deciles_none_unfused_time_rope_first_24h-tokenized/test/logistic_regression-preds-model-discrete-time_rope.pkl,/gpfs/data/bbj-lab/users/daniel/input-representation-benchmark/outputs/runs/exp3/arms/meds_randomized/deciles_none_unfused_time_rope_first_24h-tokenized/test/tokens_timelines_extended_outcomes.parquet
exp3_additional_binary,classification,severe_anemia,randomized,pr_auc,True,2230,0.3979125852399345,0.3471487360193742,0.4475437052636694,/gpfs/data/bbj-lab/users/daniel/input-representation-benchmark/outputs/runs/exp3/arms/meds_randomized/deciles_none_unfused_time_rope_first_24h-tokenized/test/logistic_regression-preds-model-discrete-time_rope.pkl,/gpfs/data/bbj-lab/users/daniel/input-representation-benchmark/outputs/runs/exp3/arms/meds_randomized/deciles_none_unfused_time_rope_first_24h-tokenized/test/tokens_timelines_extended_outcomes.parquet
exp3_additional_binary,classification,severe_anemia,randomized,brier,False,2230,0.1053948640309665,0.0966361082852783,0.1144471832793075,/gpfs/data/bbj-lab/users/daniel/input-representation-benchmark/outputs/runs/exp3/arms/meds_randomized/deciles_none_unfused_time_rope_first_24h-tokenized/test/logistic_regression-preds-model-discrete-time_rope.pkl,/gpfs/data/bbj-lab/users/daniel/input-representation-benchmark/outputs/runs/exp3/arms/meds_randomized/deciles_none_unfused_time_rope_first_24h-tokenized/test/tokens_timelines_extended_outcomes.parquet
exp3_additional_binary,classification,severe_anemia,randomized,ece_15,False,2230,0.0209125493595905,0.0196611188142048,0.0415878716554246,/gpfs/data/bbj-lab/users/daniel/input-representation-benchmark/outputs/runs/exp3/arms/meds_randomized/deciles_none_unfused_time_rope_first_24h-tokenized/test/logistic_regression-preds-model-discrete-time_rope.pkl,/gpfs/data/bbj-lab/users/daniel/input-representation-benchmark/outputs/runs/exp3/arms/meds_randomized/deciles_none_unfused_time_rope_first_24h-tokenized/test/tokens_timelines_extended_outcomes.parquet
exp3_additional_binary,classification,severe_anemia,freqmatched,roc_auc,True,2230,0.7879977165691451,0.7634438643683444,0.812689073928103,/gpfs/data/bbj-lab/users/daniel/input-representation-benchmark/outputs/runs/exp3/arms/meds_freqmatched/deciles_none_unfused_time_rope_first_24h-tokenized/test/logistic_regression-preds-model-discrete-time_rope.pkl,/gpfs/data/bbj-lab/users/daniel/input-representation-benchmark/outputs/runs/exp3/arms/meds_freqmatched/deciles_none_unfused_time_rope_first_24h-tokenized/test/tokens_timelines_extended_outcomes.parquet
exp3_additional_binary,classification,severe_anemia,freqmatched,pr_auc,True,2230,0.4132055769834385,0.3607993189857543,0.4685819119727759,/gpfs/data/bbj-lab/users/daniel/input-representation-benchmark/outputs/runs/exp3/arms/meds_freqmatched/deciles_none_unfused_time_rope_first_24h-tokenized/test/logistic_regression-preds-model-discrete-time_rope.pkl,/gpfs/data/bbj-lab/users/daniel/input-representation-benchmark/outputs/runs/exp3/arms/meds_freqmatched/deciles_none_unfused_time_rope_first_24h-tokenized/test/tokens_timelines_extended_outcomes.parquet
exp3_additional_binary,classification,severe_anemia,freqmatched,brier,False,2230,0.1041027567950955,0.0954834330846969,0.1132614124942851,/gpfs/data/bbj-lab/users/daniel/input-representation-benchmark/outputs/runs/exp3/arms/meds_freqmatched/deciles_none_unfused_time_rope_first_24h-tokenized/test/logistic_regression-preds-model-discrete-time_rope.pkl,/gpfs/data/bbj-lab/users/daniel/input-representation-benchmark/outputs/runs/exp3/arms/meds_freqmatched/deciles_none_unfused_time_rope_first_24h-tokenized/test/tokens_timelines_extended_outcomes.parquet
exp3_additional_binary,classification,severe_anemia,freqmatched,ece_15,False,2230,0.0242546914586157,0.0204290051896728,0.0420655560750499,/gpfs/data/bbj-lab/users/daniel/input-representation-benchmark/outputs/runs/exp3/arms/meds_freqmatched/deciles_none_unfused_time_rope_first_24h-tokenized/test/logistic_regression-preds-model-discrete-time_rope.pkl,/gpfs/data/bbj-lab/users/daniel/input-representation-benchmark/outputs/runs/exp3/arms/meds_freqmatched/deciles_none_unfused_time_rope_first_24h-tokenized/test/tokens_timelines_extended_outcomes.parquet
exp3_additional_binary,classification,severe_hypernatremia,meds,roc_auc,True,2342,0.8724860932819855,0.7358760683760684,0.979339241872939,/gpfs/data/bbj-lab/users/daniel/input-representation-benchmark/outputs/runs/exp3/meds_icu/deciles_none_unfused_time_rope_first_24h-tokenized/test/logistic_regression-preds-model-discrete-time_rope.pkl,/gpfs/data/bbj-lab/users/daniel/input-representation-benchmark/outputs/runs/exp3/meds_icu/deciles_none_unfused_time_rope_first_24h-tokenized/test/tokens_timelines_extended_outcomes.parquet
exp3_additional_binary,classification,severe_hypernatremia,meds,pr_auc,True,2342,0.0278866625538925,0.0035765071389278,0.1345511906085195,/gpfs/data/bbj-lab/users/daniel/input-representation-benchmark/outputs/runs/exp3/meds_icu/deciles_none_unfused_time_rope_first_24h-tokenized/test/logistic_regression-preds-model-discrete-time_rope.pkl,/gpfs/data/bbj-lab/users/daniel/input-representation-benchmark/outputs/runs/exp3/meds_icu/deciles_none_unfused_time_rope_first_24h-tokenized/test/tokens_timelines_extended_outcomes.parquet
exp3_additional_binary,classification,severe_hypernatremia,meds,brier,False,2342,0.0024096565134872,0.0008624195682859,0.0043442666871844,/gpfs/data/bbj-lab/users/daniel/input-representation-benchmark/outputs/runs/exp3/meds_icu/deciles_none_unfused_time_rope_first_24h-tokenized/test/logistic_regression-preds-model-discrete-time_rope.pkl,/gpfs/data/bbj-lab/users/daniel/input-representation-benchmark/outputs/runs/exp3/meds_icu/deciles_none_unfused_time_rope_first_24h-tokenized/test/tokens_timelines_extended_outcomes.parquet
exp3_additional_binary,classification,severe_hypernatremia,meds,ece_15,False,2342,0.00354723032823,0.0021768301203438,0.0057128786552743,/gpfs/data/bbj-lab/users/daniel/input-representation-benchmark/outputs/runs/exp3/meds_icu/deciles_none_unfused_time_rope_first_24h-tokenized/test/logistic_regression-preds-model-discrete-time_rope.pkl,/gpfs/data/bbj-lab/users/daniel/input-representation-benchmark/outputs/runs/exp3/meds_icu/deciles_none_unfused_time_rope_first_24h-tokenized/test/tokens_timelines_extended_outcomes.parquet
exp3_additional_binary,classification,severe_hypernatremia,mapped,roc_auc,True,2342,0.9381258023106548,0.869314564391037,0.9880411856918913,/gpfs/data/bbj-lab/users/daniel/input-representation-benchmark/outputs/runs/exp3/arms/meds_mapped/deciles_none_unfused_time_rope_first_24h-tokenized/test/logistic_regression-preds-model-discrete-time_rope.pkl,/gpfs/data/bbj-lab/users/daniel/input-representation-benchmark/outputs/runs/exp3/arms/meds_mapped/deciles_none_unfused_time_rope_first_24h-tokenized/test/tokens_timelines_extended_outcomes.parquet
exp3_additional_binary,classification,severe_hypernatremia,mapped,pr_auc,True,2342,0.0518258106718998,0.0065896925425389,0.2659151785714283,/gpfs/data/bbj-lab/users/daniel/input-representation-benchmark/outputs/runs/exp3/arms/meds_mapped/deciles_none_unfused_time_rope_first_24h-tokenized/test/logistic_regression-preds-model-discrete-time_rope.pkl,/gpfs/data/bbj-lab/users/daniel/input-representation-benchmark/outputs/runs/exp3/arms/meds_mapped/deciles_none_unfused_time_rope_first_24h-tokenized/test/tokens_timelines_extended_outcomes.parquet
exp3_additional_binary,classification,severe_hypernatremia,mapped,brier,False,2342,0.0024543400684564,0.0009319640101341,0.0043677944724219,/gpfs/data/bbj-lab/users/daniel/input-representation-benchmark/outputs/runs/exp3/arms/meds_mapped/deciles_none_unfused_time_rope_first_24h-tokenized/test/logistic_regression-preds-model-discrete-time_rope.pkl,/gpfs/data/bbj-lab/users/daniel/input-representation-benchmark/outputs/runs/exp3/arms/meds_mapped/deciles_none_unfused_time_rope_first_24h-tokenized/test/tokens_timelines_extended_outcomes.parquet
exp3_additional_binary,classification,severe_hypernatremia,mapped,ece_15,False,2342,0.0029302887706142,0.0017209026987399,0.0050370483506287,/gpfs/data/bbj-lab/users/daniel/input-representation-benchmark/outputs/runs/exp3/arms/meds_mapped/deciles_none_unfused_time_rope_first_24h-tokenized/test/logistic_regression-preds-model-discrete-time_rope.pkl,/gpfs/data/bbj-lab/users/daniel/input-representation-benchmark/outputs/runs/exp3/arms/meds_mapped/deciles_none_unfused_time_rope_first_24h-tokenized/test/tokens_timelines_extended_outcomes.parquet
exp3_additional_binary,classification,severe_hypernatremia,randomized,roc_auc,True,2342,0.8777064612751391,0.7735107679650777,0.9740843665384066,/gpfs/data/bbj-lab/users/daniel/input-representation-benchmark/outputs/runs/exp3/arms/meds_randomized/deciles_none_unfused_time_rope_first_24h-tokenized/test/logistic_regression-preds-model-discrete-time_rope.pkl,/gpfs/data/bbj-lab/users/daniel/input-representation-benchmark/outputs/runs/exp3/arms/meds_randomized/deciles_none_unfused_time_rope_first_24h-tokenized/test/tokens_timelines_extended_outcomes.parquet
exp3_additional_binary,classification,severe_hypernatremia,randomized,pr_auc,True,2342,0.0431022669861862,0.0032786885245901,0.2642204391896301,/gpfs/data/bbj-lab/users/daniel/input-representation-benchmark/outputs/runs/exp3/arms/meds_randomized/deciles_none_unfused_time_rope_first_24h-tokenized/test/logistic_regression-preds-model-discrete-time_rope.pkl,/gpfs/data/bbj-lab/users/daniel/input-representation-benchmark/outputs/runs/exp3/arms/meds_randomized/deciles_none_unfused_time_rope_first_24h-tokenized/test/tokens_timelines_extended_outcomes.parquet
exp3_additional_binary,classification,severe_hypernatremia,randomized,brier,False,2342,0.0024715038860904,0.0009724746897715,0.0044120956075143,/gpfs/data/bbj-lab/users/daniel/input-representation-benchmark/outputs/runs/exp3/arms/meds_randomized/deciles_none_unfused_time_rope_first_24h-tokenized/test/logistic_regression-preds-model-discrete-time_rope.pkl,/gpfs/data/bbj-lab/users/daniel/input-representation-benchmark/outputs/runs/exp3/arms/meds_randomized/deciles_none_unfused_time_rope_first_24h-tokenized/test/tokens_timelines_extended_outcomes.parquet
exp3_additional_binary,classification,severe_hypernatremia,randomized,ece_15,False,2342,0.0037254685686842,0.002795222250252,0.0063541423387416,/gpfs/data/bbj-lab/users/daniel/input-representation-benchmark/outputs/runs/exp3/arms/meds_randomized/deciles_none_unfused_time_rope_first_24h-tokenized/test/logistic_regression-preds-model-discrete-time_rope.pkl,/gpfs/data/bbj-lab/users/daniel/input-representation-benchmark/outputs/runs/exp3/arms/meds_randomized/deciles_none_unfused_time_rope_first_24h-tokenized/test/tokens_timelines_extended_outcomes.parquet
exp3_additional_binary,classification,severe_hypernatremia,freqmatched,roc_auc,True,2342,0.913222079589217,0.7930574957973877,0.9895315840102608,/gpfs/data/bbj-lab/users/daniel/input-representation-benchmark/outputs/runs/exp3/arms/meds_freqmatched/deciles_none_unfused_time_rope_first_24h-tokenized/test/logistic_regression-preds-model-discrete-time_rope.pkl,/gpfs/data/bbj-lab/users/daniel/input-representation-benchmark/outputs/runs/exp3/arms/meds_freqmatched/deciles_none_unfused_time_rope_first_24h-tokenized/test/tokens_timelines_extended_outcomes.parquet
exp3_additional_binary,classification,severe_hypernatremia,freqmatched,pr_auc,True,2342,0.089888011054205,0.0053977012161881,0.4782333873324436,/gpfs/data/bbj-lab/users/daniel/input-representation-benchmark/outputs/runs/exp3/arms/meds_freqmatched/deciles_none_unfused_time_rope_first_24h-tokenized/test/logistic_regression-preds-model-discrete-time_rope.pkl,/gpfs/data/bbj-lab/users/daniel/input-representation-benchmark/outputs/runs/exp3/arms/meds_freqmatched/deciles_none_unfused_time_rope_first_24h-tokenized/test/tokens_timelines_extended_outcomes.parquet
exp3_additional_binary,classification,severe_hypernatremia,freqmatched,brier,False,2342,0.0022706768716833,0.0008333869080913,0.0040892930883544,/gpfs/data/bbj-lab/users/daniel/input-representation-benchmark/outputs/runs/exp3/arms/meds_freqmatched/deciles_none_unfused_time_rope_first_24h-tokenized/test/logistic_regression-preds-model-discrete-time_rope.pkl,/gpfs/data/bbj-lab/users/daniel/input-representation-benchmark/outputs/runs/exp3/arms/meds_freqmatched/deciles_none_unfused_time_rope_first_24h-tokenized/test/tokens_timelines_extended_outcomes.parquet
exp3_additional_binary,classification,severe_hypernatremia,freqmatched,ece_15,False,2342,0.0034690248612502,0.0020794104586,0.0054366706200821,/gpfs/data/bbj-lab/users/daniel/input-representation-benchmark/outputs/runs/exp3/arms/meds_freqmatched/deciles_none_unfused_time_rope_first_24h-tokenized/test/logistic_regression-preds-model-discrete-time_rope.pkl,/gpfs/data/bbj-lab/users/daniel/input-representation-benchmark/outputs/runs/exp3/arms/meds_freqmatched/deciles_none_unfused_time_rope_first_24h-tokenized/test/tokens_timelines_extended_outcomes.parquet
exp3_additional_binary,classification,severe_hypertension,meds,roc_auc,True,1930,0.68096919127086,0.6525181516201496,0.7102315575306489,/gpfs/data/bbj-lab/users/daniel/input-representation-benchmark/outputs/runs/exp3/meds_icu/deciles_none_unfused_time_rope_first_24h-tokenized/test/logistic_regression-preds-model-discrete-time_rope.pkl,/gpfs/data/bbj-lab/users/daniel/input-representation-benchmark/outputs/runs/exp3/meds_icu/deciles_none_unfused_time_rope_first_24h-tokenized/test/tokens_timelines_extended_outcomes.parquet
exp3_additional_binary,classification,severe_hypertension,meds,pr_auc,True,1930,0.3737633772271981,0.3310903328511329,0.4241368683024086,/gpfs/data/bbj-lab/users/daniel/input-representation-benchmark/outputs/runs/exp3/meds_icu/deciles_none_unfused_time_rope_first_24h-tokenized/test/logistic_regression-preds-model-discrete-time_rope.pkl,/gpfs/data/bbj-lab/users/daniel/input-representation-benchmark/outputs/runs/exp3/meds_icu/deciles_none_unfused_time_rope_first_24h-tokenized/test/tokens_timelines_extended_outcomes.parquet
exp3_additional_binary,classification,severe_hypertension,meds,brier,False,1930,0.1554444345473253,0.145321265738564,0.1662807836169188,/gpfs/data/bbj-lab/users/daniel/input-representation-benchmark/outputs/runs/exp3/meds_icu/deciles_none_unfused_time_rope_first_24h-tokenized/test/logistic_regression-preds-model-discrete-time_rope.pkl,/gpfs/data/bbj-lab/users/daniel/input-representation-benchmark/outputs/runs/exp3/meds_icu/deciles_none_unfused_time_rope_first_24h-tokenized/test/tokens_timelines_extended_outcomes.parquet
exp3_additional_binary,classification,severe_hypertension,meds,ece_15,False,1930,0.0353983709038288,0.0321295439380305,0.0597548200536471,/gpfs/data/bbj-lab/users/daniel/input-representation-benchmark/outputs/runs/exp3/meds_icu/deciles_none_unfused_time_rope_first_24h-tokenized/test/logistic_regression-preds-model-discrete-time_rope.pkl,/gpfs/data/bbj-lab/users/daniel/input-representation-benchmark/outputs/runs/exp3/meds_icu/deciles_none_unfused_time_rope_first_24h-tokenized/test/tokens_timelines_extended_outcomes.parquet
exp3_additional_binary,classification,severe_hypertension,mapped,roc_auc,True,1930,0.667923620025674,0.6371636908712801,0.6971158788315903,/gpfs/data/bbj-lab/users/daniel/input-representation-benchmark/outputs/runs/exp3/arms/meds_mapped/deciles_none_unfused_time_rope_first_24h-tokenized/test/logistic_regression-preds-model-discrete-time_rope.pkl,/gpfs/data/bbj-lab/users/daniel/input-representation-benchmark/outputs/runs/exp3/arms/meds_mapped/deciles_none_unfused_time_rope_first_24h-tokenized/test/tokens_timelines_extended_outcomes.parquet
exp3_additional_binary,classification,severe_hypertension,mapped,pr_auc,True,1930,0.3551611618520446,0.3129460363704687,0.403608915211626,/gpfs/data/bbj-lab/users/daniel/input-representation-benchmark/outputs/runs/exp3/arms/meds_mapped/deciles_none_unfused_time_rope_first_24h-tokenized/test/logistic_regression-preds-model-discrete-time_rope.pkl,/gpfs/data/bbj-lab/users/daniel/input-representation-benchmark/outputs/runs/exp3/arms/meds_mapped/deciles_none_unfused_time_rope_first_24h-tokenized/test/tokens_timelines_extended_outcomes.parquet
exp3_additional_binary,classification,severe_hypertension,mapped,brier,False,1930,0.1581684482795461,0.1479401685882596,0.169329398408647,/gpfs/data/bbj-lab/users/daniel/input-representation-benchmark/outputs/runs/exp3/arms/meds_mapped/deciles_none_unfused_time_rope_first_24h-tokenized/test/logistic_regression-preds-model-discrete-time_rope.pkl,/gpfs/data/bbj-lab/users/daniel/input-representation-benchmark/outputs/runs/exp3/arms/meds_mapped/deciles_none_unfused_time_rope_first_24h-tokenized/test/tokens_timelines_extended_outcomes.parquet
exp3_additional_binary,classification,severe_hypertension,mapped,ece_15,False,1930,0.0353221006521219,0.0302689204996553,0.0580724630119835,/gpfs/data/bbj-lab/users/daniel/input-representation-benchmark/outputs/runs/exp3/arms/meds_mapped/deciles_none_unfused_time_rope_first_24h-tokenized/test/logistic_regression-preds-model-discrete-time_rope.pkl,/gpfs/data/bbj-lab/users/daniel/input-representation-benchmark/outputs/runs/exp3/arms/meds_mapped/deciles_none_unfused_time_rope_first_24h-tokenized/test/tokens_timelines_extended_outcomes.parquet
exp3_additional_binary,classification,severe_hypertension,randomized,roc_auc,True,1930,0.6623571887034658,0.6328111241988446,0.6913424376621852,/gpfs/data/bbj-lab/users/daniel/input-representation-benchmark/outputs/runs/exp3/arms/meds_randomized/deciles_none_unfused_time_rope_first_24h-tokenized/test/logistic_regression-preds-model-discrete-time_rope.pkl,/gpfs/data/bbj-lab/users/daniel/input-representation-benchmark/outputs/runs/exp3/arms/meds_randomized/deciles_none_unfused_time_rope_first_24h-tokenized/test/tokens_timelines_extended_outcomes.parquet
exp3_additional_binary,classification,severe_hypertension,randomized,pr_auc,True,1930,0.3534035258103755,0.3112329872821677,0.399528336062908,/gpfs/data/bbj-lab/users/daniel/input-representation-benchmark/outputs/runs/exp3/arms/meds_randomized/deciles_none_unfused_time_rope_first_24h-tokenized/test/logistic_regression-preds-model-discrete-time_rope.pkl,/gpfs/data/bbj-lab/users/daniel/input-representation-benchmark/outputs/runs/exp3/arms/meds_randomized/deciles_none_unfused_time_rope_first_24h-tokenized/test/tokens_timelines_extended_outcomes.parquet
exp3_additional_binary,classification,severe_hypertension,randomized,brier,False,1930,0.1590764396585657,0.148745034753696,0.1699414516222831,/gpfs/data/bbj-lab/users/daniel/input-representation-benchmark/outputs/runs/exp3/arms/meds_randomized/deciles_none_unfused_time_rope_first_24h-tokenized/test/logistic_regression-preds-model-discrete-time_rope.pkl,/gpfs/data/bbj-lab/users/daniel/input-representation-benchmark/outputs/runs/exp3/arms/meds_randomized/deciles_none_unfused_time_rope_first_24h-tokenized/test/tokens_timelines_extended_outcomes.parquet
exp3_additional_binary,classification,severe_hypertension,randomized,ece_15,False,1930,0.0392268099196174,0.0333055897536184,0.0627478296923888,/gpfs/data/bbj-lab/users/daniel/input-representation-benchmark/outputs/runs/exp3/arms/meds_randomized/deciles_none_unfused_time_rope_first_24h-tokenized/test/logistic_regression-preds-model-discrete-time_rope.pkl,/gpfs/data/bbj-lab/users/daniel/input-representation-benchmark/outputs/runs/exp3/arms/meds_randomized/deciles_none_unfused_time_rope_first_24h-tokenized/test/tokens_timelines_extended_outcomes.parquet
exp3_additional_binary,classification,severe_hypertension,freqmatched,roc_auc,True,1930,0.6879123876765084,0.6584130109420163,0.716752802688999,/gpfs/data/bbj-lab/users/daniel/input-representation-benchmark/outputs/runs/exp3/arms/meds_freqmatched/deciles_none_unfused_time_rope_first_24h-tokenized/test/logistic_regression-preds-model-discrete-time_rope.pkl,/gpfs/data/bbj-lab/users/daniel/input-representation-benchmark/outputs/runs/exp3/arms/meds_freqmatched/deciles_none_unfused_time_rope_first_24h-tokenized/test/tokens_timelines_extended_outcomes.parquet
exp3_additional_binary,classification,severe_hypertension,freqmatched,pr_auc,True,1930,0.3700544877354756,0.328302502497682,0.4188793346389813,/gpfs/data/bbj-lab/users/daniel/input-representation-benchmark/outputs/runs/exp3/arms/meds_freqmatched/deciles_none_unfused_time_rope_first_24h-tokenized/test/logistic_regression-preds-model-discrete-time_rope.pkl,/gpfs/data/bbj-lab/users/daniel/input-representation-benchmark/outputs/runs/exp3/arms/meds_freqmatched/deciles_none_unfused_time_rope_first_24h-tokenized/test/tokens_timelines_extended_outcomes.parquet
exp3_additional_binary,classification,severe_hypertension,freqmatched,brier,False,1930,0.1552026779529771,0.1452572088469451,0.1658257026765137,/gpfs/data/bbj-lab/users/daniel/input-representation-benchmark/outputs/runs/exp3/arms/meds_freqmatched/deciles_none_unfused_time_rope_first_24h-tokenized/test/logistic_regression-preds-model-discrete-time_rope.pkl,/gpfs/data/bbj-lab/users/daniel/input-representation-benchmark/outputs/runs/exp3/arms/meds_freqmatched/deciles_none_unfused_time_rope_first_24h-tokenized/test/tokens_timelines_extended_outcomes.parquet
exp3_additional_binary,classification,severe_hypertension,freqmatched,ece_15,False,1930,0.0314380768138277,0.0277461152048042,0.0548558241076963,/gpfs/data/bbj-lab/users/daniel/input-representation-benchmark/outputs/runs/exp3/arms/meds_freqmatched/deciles_none_unfused_time_rope_first_24h-tokenized/test/logistic_regression-preds-model-discrete-time_rope.pkl,/gpfs/data/bbj-lab/users/daniel/input-representation-benchmark/outputs/runs/exp3/arms/meds_freqmatched/deciles_none_unfused_time_rope_first_24h-tokenized/test/tokens_timelines_extended_outcomes.parquet
exp3_additional_binary,classification,severe_hypokalemia,meds,roc_auc,True,2342,0.6653215092334264,0.5576327853179257,0.7609627591526207,/gpfs/data/bbj-lab/users/daniel/input-representation-benchmark/outputs/runs/exp3/meds_icu/deciles_none_unfused_time_rope_first_24h-tokenized/test/logistic_regression-preds-model-discrete-time_rope.pkl,/gpfs/data/bbj-lab/users/daniel/input-representation-benchmark/outputs/runs/exp3/meds_icu/deciles_none_unfused_time_rope_first_24h-tokenized/test/tokens_timelines_extended_outcomes.parquet
exp3_additional_binary,classification,severe_hypokalemia,meds,pr_auc,True,2342,0.0289834624896069,0.0135338968575115,0.0859318618841248,/gpfs/data/bbj-lab/users/daniel/input-representation-benchmark/outputs/runs/exp3/meds_icu/deciles_none_unfused_time_rope_first_24h-tokenized/test/logistic_regression-preds-model-discrete-time_rope.pkl,/gpfs/data/bbj-lab/users/daniel/input-representation-benchmark/outputs/runs/exp3/meds_icu/deciles_none_unfused_time_rope_first_24h-tokenized/test/tokens_timelines_extended_outcomes.parquet
exp3_additional_binary,classification,severe_hypokalemia,meds,brier,False,2342,0.0110178871224179,0.0072063019457065,0.0155967615378881,/gpfs/data/bbj-lab/users/daniel/input-representation-benchmark/outputs/runs/exp3/meds_icu/deciles_none_unfused_time_rope_first_24h-tokenized/test/logistic_regression-preds-model-discrete-time_rope.pkl,/gpfs/data/bbj-lab/users/daniel/input-representation-benchmark/outputs/runs/exp3/meds_icu/deciles_none_unfused_time_rope_first_24h-tokenized/test/tokens_timelines_extended_outcomes.parquet
exp3_additional_binary,classification,severe_hypokalemia,meds,ece_15,False,2342,0.0084672091360468,0.0062307319380472,0.013689256795282,/gpfs/data/bbj-lab/users/daniel/input-representation-benchmark/outputs/runs/exp3/meds_icu/deciles_none_unfused_time_rope_first_24h-tokenized/test/logistic_regression-preds-model-discrete-time_rope.pkl,/gpfs/data/bbj-lab/users/daniel/input-representation-benchmark/outputs/runs/exp3/meds_icu/deciles_none_unfused_time_rope_first_24h-tokenized/test/tokens_timelines_extended_outcomes.parquet
exp3_additional_binary,classification,severe_hypokalemia,mapped,roc_auc,True,2342,0.6940348080244454,0.5696794818417041,0.8075444064396478,/gpfs/data/bbj-lab/users/daniel/input-representation-benchmark/outputs/runs/exp3/arms/meds_mapped/deciles_none_unfused_time_rope_first_24h-tokenized/test/logistic_regression-preds-model-discrete-time_rope.pkl,/gpfs/data/bbj-lab/users/daniel/input-representation-benchmark/outputs/runs/exp3/arms/meds_mapped/deciles_none_unfused_time_rope_first_24h-tokenized/test/tokens_timelines_extended_outcomes.parquet
exp3_additional_binary,classification,severe_hypokalemia,mapped,pr_auc,True,2342,0.0421184322389158,0.0189197430766958,0.0964412558352135,/gpfs/data/bbj-lab/users/daniel/input-representation-benchmark/outputs/runs/exp3/arms/meds_mapped/deciles_none_unfused_time_rope_first_24h-tokenized/test/logistic_regression-preds-model-discrete-time_rope.pkl,/gpfs/data/bbj-lab/users/daniel/input-representation-benchmark/outputs/runs/exp3/arms/meds_mapped/deciles_none_unfused_time_rope_first_24h-tokenized/test/tokens_timelines_extended_outcomes.parquet
exp3_additional_binary,classification,severe_hypokalemia,mapped,brier,False,2342,0.0109284990962203,0.0072131340712307,0.0153789054924742,/gpfs/data/bbj-lab/users/daniel/input-representation-benchmark/outputs/runs/exp3/arms/meds_mapped/deciles_none_unfused_time_rope_first_24h-tokenized/test/logistic_regression-preds-model-discrete-time_rope.pkl,/gpfs/data/bbj-lab/users/daniel/input-representation-benchmark/outputs/runs/exp3/arms/meds_mapped/deciles_none_unfused_time_rope_first_24h-tokenized/test/tokens_timelines_extended_outcomes.parquet
exp3_additional_binary,classification,severe_hypokalemia,mapped,ece_15,False,2342,0.0049389623195868,0.0050068665307572,0.0110959641948986,/gpfs/data/bbj-lab/users/daniel/input-representation-benchmark/outputs/runs/exp3/arms/meds_mapped/deciles_none_unfused_time_rope_first_24h-tokenized/test/logistic_regression-preds-model-discrete-time_rope.pkl,/gpfs/data/bbj-lab/users/daniel/input-representation-benchmark/outputs/runs/exp3/arms/meds_mapped/deciles_none_unfused_time_rope_first_24h-tokenized/test/tokens_timelines_extended_outcomes.parquet
exp3_additional_binary,classification,severe_hypokalemia,randomized,roc_auc,True,2342,0.6342500332137638,0.5077044454249833,0.7589765925357774,/gpfs/data/bbj-lab/users/daniel/input-representation-benchmark/outputs/runs/exp3/arms/meds_randomized/deciles_none_unfused_time_rope_first_24h-tokenized/test/logistic_regression-preds-model-discrete-time_rope.pkl,/gpfs/data/bbj-lab/users/daniel/input-representation-benchmark/outputs/runs/exp3/arms/meds_randomized/deciles_none_unfused_time_rope_first_24h-tokenized/test/tokens_timelines_extended_outcomes.parquet
exp3_additional_binary,classification,severe_hypokalemia,randomized,pr_auc,True,2342,0.026166742406062,0.013272929506536,0.0693871072664331,/gpfs/data/bbj-lab/users/daniel/input-representation-benchmark/outputs/runs/exp3/arms/meds_randomized/deciles_none_unfused_time_rope_first_24h-tokenized/test/logistic_regression-preds-model-discrete-time_rope.pkl,/gpfs/data/bbj-lab/users/daniel/input-representation-benchmark/outputs/runs/exp3/arms/meds_randomized/deciles_none_unfused_time_rope_first_24h-tokenized/test/tokens_timelines_extended_outcomes.parquet
exp3_additional_binary,classification,severe_hypokalemia,randomized,brier,False,2342,0.010984753428543,0.007213678807474,0.015481346481797,/gpfs/data/bbj-lab/users/daniel/input-representation-benchmark/outputs/runs/exp3/arms/meds_randomized/deciles_none_unfused_time_rope_first_24h-tokenized/test/logistic_regression-preds-model-discrete-time_rope.pkl,/gpfs/data/bbj-lab/users/daniel/input-representation-benchmark/outputs/runs/exp3/arms/meds_randomized/deciles_none_unfused_time_rope_first_24h-tokenized/test/tokens_timelines_extended_outcomes.parquet
exp3_additional_binary,classification,severe_hypokalemia,randomized,ece_15,False,2342,0.0076052998342979,0.0060934289165994,0.0133419020749715,/gpfs/data/bbj-lab/users/daniel/input-representation-benchmark/outputs/runs/exp3/arms/meds_randomized/deciles_none_unfused_time_rope_first_24h-tokenized/test/logistic_regression-preds-model-discrete-time_rope.pkl,/gpfs/data/bbj-lab/users/daniel/input-representation-benchmark/outputs/runs/exp3/arms/meds_randomized/deciles_none_unfused_time_rope_first_24h-tokenized/test/tokens_timelines_extended_outcomes.parquet
exp3_additional_binary,classification,severe_hypokalemia,freqmatched,roc_auc,True,2342,0.6837219343696028,0.5852694327765274,0.7706611337673245,/gpfs/data/bbj-lab/users/daniel/input-representation-benchmark/outputs/runs/exp3/arms/meds_freqmatched/deciles_none_unfused_time_rope_first_24h-tokenized/test/logistic_regression-preds-model-discrete-time_rope.pkl,/gpfs/data/bbj-lab/users/daniel/input-representation-benchmark/outputs/runs/exp3/arms/meds_freqmatched/deciles_none_unfused_time_rope_first_24h-tokenized/test/tokens_timelines_extended_outcomes.parquet
exp3_additional_binary,classification,severe_hypokalemia,freqmatched,pr_auc,True,2342,0.0204022174180279,0.0124858386438461,0.0361615602575765,/gpfs/data/bbj-lab/users/daniel/input-representation-benchmark/outputs/runs/exp3/arms/meds_freqmatched/deciles_none_unfused_time_rope_first_24h-tokenized/test/logistic_regression-preds-model-discrete-time_rope.pkl,/gpfs/data/bbj-lab/users/daniel/input-representation-benchmark/outputs/runs/exp3/arms/meds_freqmatched/deciles_none_unfused_time_rope_first_24h-tokenized/test/tokens_timelines_extended_outcomes.parquet
exp3_additional_binary,classification,severe_hypokalemia,freqmatched,brier,False,2342,0.0111063151710494,0.0073252960946831,0.015636525440991,/gpfs/data/bbj-lab/users/daniel/input-representation-benchmark/outputs/runs/exp3/arms/meds_freqmatched/deciles_none_unfused_time_rope_first_24h-tokenized/test/logistic_regression-preds-model-discrete-time_rope.pkl,/gpfs/data/bbj-lab/users/daniel/input-representation-benchmark/outputs/runs/exp3/arms/meds_freqmatched/deciles_none_unfused_time_rope_first_24h-tokenized/test/tokens_timelines_extended_outcomes.parquet
exp3_additional_binary,classification,severe_hypokalemia,freqmatched,ece_15,False,2342,0.0074181139357671,0.0054914968483469,0.0125007448113089,/gpfs/data/bbj-lab/users/daniel/input-representation-benchmark/outputs/runs/exp3/arms/meds_freqmatched/deciles_none_unfused_time_rope_first_24h-tokenized/test/logistic_regression-preds-model-discrete-time_rope.pkl,/gpfs/data/bbj-lab/users/daniel/input-representation-benchmark/outputs/runs/exp3/arms/meds_freqmatched/deciles_none_unfused_time_rope_first_24h-tokenized/test/tokens_timelines_extended_outcomes.parquet
exp3_additional_binary,classification,tachycardia_hr130,meds,roc_auc,True,1951,0.7251019527880166,0.6964457066296602,0.7548594919058199,/gpfs/data/bbj-lab/users/daniel/input-representation-benchmark/outputs/runs/exp3/meds_icu/deciles_none_unfused_time_rope_first_24h-tokenized/test/logistic_regression-preds-model-discrete-time_rope.pkl,/gpfs/data/bbj-lab/users/daniel/input-representation-benchmark/outputs/runs/exp3/meds_icu/deciles_none_unfused_time_rope_first_24h-tokenized/test/tokens_timelines_extended_outcomes.parquet
exp3_additional_binary,classification,tachycardia_hr130,meds,pr_auc,True,1951,0.3249881826519789,0.2805296995965183,0.3781261686280167,/gpfs/data/bbj-lab/users/daniel/input-representation-benchmark/outputs/runs/exp3/meds_icu/deciles_none_unfused_time_rope_first_24h-tokenized/test/logistic_regression-preds-model-discrete-time_rope.pkl,/gpfs/data/bbj-lab/users/daniel/input-representation-benchmark/outputs/runs/exp3/meds_icu/deciles_none_unfused_time_rope_first_24h-tokenized/test/tokens_timelines_extended_outcomes.parquet
exp3_additional_binary,classification,tachycardia_hr130,meds,brier,False,1951,0.1229009174340218,0.1127016645354654,0.1329514126562617,/gpfs/data/bbj-lab/users/daniel/input-representation-benchmark/outputs/runs/exp3/meds_icu/deciles_none_unfused_time_rope_first_24h-tokenized/test/logistic_regression-preds-model-discrete-time_rope.pkl,/gpfs/data/bbj-lab/users/daniel/input-representation-benchmark/outputs/runs/exp3/meds_icu/deciles_none_unfused_time_rope_first_24h-tokenized/test/tokens_timelines_extended_outcomes.parquet
exp3_additional_binary,classification,tachycardia_hr130,meds,ece_15,False,1951,0.0232199421450876,0.0225467764313706,0.0473404106088871,/gpfs/data/bbj-lab/users/daniel/input-representation-benchmark/outputs/runs/exp3/meds_icu/deciles_none_unfused_time_rope_first_24h-tokenized/test/logistic_regression-preds-model-discrete-time_rope.pkl,/gpfs/data/bbj-lab/users/daniel/input-representation-benchmark/outputs/runs/exp3/meds_icu/deciles_none_unfused_time_rope_first_24h-tokenized/test/tokens_timelines_extended_outcomes.parquet
exp3_additional_binary,classification,tachycardia_hr130,mapped,roc_auc,True,1951,0.7130127048858912,0.684143998207741,0.7416559905863076,/gpfs/data/bbj-lab/users/daniel/input-representation-benchmark/outputs/runs/exp3/arms/meds_mapped/deciles_none_unfused_time_rope_first_24h-tokenized/test/logistic_regression-preds-model-discrete-time_rope.pkl,/gpfs/data/bbj-lab/users/daniel/input-representation-benchmark/outputs/runs/exp3/arms/meds_mapped/deciles_none_unfused_time_rope_first_24h-tokenized/test/tokens_timelines_extended_outcomes.parquet
exp3_additional_binary,classification,tachycardia_hr130,mapped,pr_auc,True,1951,0.2934063983382361,0.2542698590564355,0.3403496391578923,/gpfs/data/bbj-lab/users/daniel/input-representation-benchmark/outputs/runs/exp3/arms/meds_mapped/deciles_none_unfused_time_rope_first_24h-tokenized/test/logistic_regression-preds-model-discrete-time_rope.pkl,/gpfs/data/bbj-lab/users/daniel/input-representation-benchmark/outputs/runs/exp3/arms/meds_mapped/deciles_none_unfused_time_rope_first_24h-tokenized/test/tokens_timelines_extended_outcomes.parquet
exp3_additional_binary,classification,tachycardia_hr130,mapped,brier,False,1951,0.1260291128798268,0.1163103413952913,0.1361339087455758,/gpfs/data/bbj-lab/users/daniel/input-representation-benchmark/outputs/runs/exp3/arms/meds_mapped/deciles_none_unfused_time_rope_first_24h-tokenized/test/logistic_regression-preds-model-discrete-time_rope.pkl,/gpfs/data/bbj-lab/users/daniel/input-representation-benchmark/outputs/runs/exp3/arms/meds_mapped/deciles_none_unfused_time_rope_first_24h-tokenized/test/tokens_timelines_extended_outcomes.parquet
exp3_additional_binary,classification,tachycardia_hr130,mapped,ece_15,False,1951,0.0357706495875326,0.0296900834351337,0.0561876218433785,/gpfs/data/bbj-lab/users/daniel/input-representation-benchmark/outputs/runs/exp3/arms/meds_mapped/deciles_none_unfused_time_rope_first_24h-tokenized/test/logistic_regression-preds-model-discrete-time_rope.pkl,/gpfs/data/bbj-lab/users/daniel/input-representation-benchmark/outputs/runs/exp3/arms/meds_mapped/deciles_none_unfused_time_rope_first_24h-tokenized/test/tokens_timelines_extended_outcomes.parquet
exp3_additional_binary,classification,tachycardia_hr130,randomized,roc_auc,True,1951,0.7271214022429614,0.6973970031175332,0.7569152729864137,/gpfs/data/bbj-lab/users/daniel/input-representation-benchmark/outputs/runs/exp3/arms/meds_randomized/deciles_none_unfused_time_rope_first_24h-tokenized/test/logistic_regression-preds-model-discrete-time_rope.pkl,/gpfs/data/bbj-lab/users/daniel/input-representation-benchmark/outputs/runs/exp3/arms/meds_randomized/deciles_none_unfused_time_rope_first_24h-tokenized/test/tokens_timelines_extended_outcomes.parquet
exp3_additional_binary,classification,tachycardia_hr130,randomized,pr_auc,True,1951,0.3339637790928501,0.2887501677459115,0.3859683430935464,/gpfs/data/bbj-lab/users/daniel/input-representation-benchmark/outputs/runs/exp3/arms/meds_randomized/deciles_none_unfused_time_rope_first_24h-tokenized/test/logistic_regression-preds-model-discrete-time_rope.pkl,/gpfs/data/bbj-lab/users/daniel/input-representation-benchmark/outputs/runs/exp3/arms/meds_randomized/deciles_none_unfused_time_rope_first_24h-tokenized/test/tokens_timelines_extended_outcomes.parquet
exp3_additional_binary,classification,tachycardia_hr130,randomized,brier,False,1951,0.122338441441518,0.1123634427570327,0.1326030143773735,/gpfs/data/bbj-lab/users/daniel/input-representation-benchmark/outputs/runs/exp3/arms/meds_randomized/deciles_none_unfused_time_rope_first_24h-tokenized/test/logistic_regression-preds-model-discrete-time_rope.pkl,/gpfs/data/bbj-lab/users/daniel/input-representation-benchmark/outputs/runs/exp3/arms/meds_randomized/deciles_none_unfused_time_rope_first_24h-tokenized/test/tokens_timelines_extended_outcomes.parquet
exp3_additional_binary,classification,tachycardia_hr130,randomized,ece_15,False,1951,0.0374150303586073,0.0279172660343174,0.055510394679193,/gpfs/data/bbj-lab/users/daniel/input-representation-benchmark/outputs/runs/exp3/arms/meds_randomized/deciles_none_unfused_time_rope_first_24h-tokenized/test/logistic_regression-preds-model-discrete-time_rope.pkl,/gpfs/data/bbj-lab/users/daniel/input-representation-benchmark/outputs/runs/exp3/arms/meds_randomized/deciles_none_unfused_time_rope_first_24h-tokenized/test/tokens_timelines_extended_outcomes.parquet
exp3_additional_binary,classification,tachycardia_hr130,freqmatched,roc_auc,True,1951,0.7056858285624658,0.6764620803991147,0.7338183835031262,/gpfs/data/bbj-lab/users/daniel/input-representation-benchmark/outputs/runs/exp3/arms/meds_freqmatched/deciles_none_unfused_time_rope_first_24h-tokenized/test/logistic_regression-preds-model-discrete-time_rope.pkl,/gpfs/data/bbj-lab/users/daniel/input-representation-benchmark/outputs/runs/exp3/arms/meds_freqmatched/deciles_none_unfused_time_rope_first_24h-tokenized/test/tokens_timelines_extended_outcomes.parquet
exp3_additional_binary,classification,tachycardia_hr130,freqmatched,pr_auc,True,1951,0.2989256964665372,0.2572058866125219,0.3474313541829699,/gpfs/data/bbj-lab/users/daniel/input-representation-benchmark/outputs/runs/exp3/arms/meds_freqmatched/deciles_none_unfused_time_rope_first_24h-tokenized/test/logistic_regression-preds-model-discrete-time_rope.pkl,/gpfs/data/bbj-lab/users/daniel/input-representation-benchmark/outputs/runs/exp3/arms/meds_freqmatched/deciles_none_unfused_time_rope_first_24h-tokenized/test/tokens_timelines_extended_outcomes.parquet
exp3_additional_binary,classification,tachycardia_hr130,freqmatched,brier,False,1951,0.1259565099126652,0.1155069502845653,0.1360898550015264,/gpfs/data/bbj-lab/users/daniel/input-representation-benchmark/outputs/runs/exp3/arms/meds_freqmatched/deciles_none_unfused_time_rope_first_24h-tokenized/test/logistic_regression-preds-model-discrete-time_rope.pkl,/gpfs/data/bbj-lab/users/daniel/input-representation-benchmark/outputs/runs/exp3/arms/meds_freqmatched/deciles_none_unfused_time_rope_first_24h-tokenized/test/tokens_timelines_extended_outcomes.parquet
exp3_additional_binary,classification,tachycardia_hr130,freqmatched,ece_15,False,1951,0.0335389484450853,0.0282150275927984,0.0528884375578828,/gpfs/data/bbj-lab/users/daniel/input-representation-benchmark/outputs/runs/exp3/arms/meds_freqmatched/deciles_none_unfused_time_rope_first_24h-tokenized/test/logistic_regression-preds-model-discrete-time_rope.pkl,/gpfs/data/bbj-lab/users/daniel/input-representation-benchmark/outputs/runs/exp3/arms/meds_freqmatched/deciles_none_unfused_time_rope_first_24h-tokenized/test/tokens_timelines_extended_outcomes.parquet
exp3_additional_binary,classification,vasopressor_initiation,meds,roc_auc,True,2030,0.8624006001500375,0.8423279529054873,0.8822442579448188,/gpfs/data/bbj-lab/users/daniel/input-representation-benchmark/outputs/runs/exp3/meds_icu/deciles_none_unfused_time_rope_first_24h-tokenized/test/logistic_regression-preds-model-discrete-time_rope.pkl,/gpfs/data/bbj-lab/users/daniel/input-representation-benchmark/outputs/runs/exp3/meds_icu/deciles_none_unfused_time_rope_first_24h-tokenized/test/tokens_timelines_extended_outcomes.parquet
exp3_additional_binary,classification,vasopressor_initiation,meds,pr_auc,True,2030,0.5579979327960152,0.5005330655781586,0.6144526260355294,/gpfs/data/bbj-lab/users/daniel/input-representation-benchmark/outputs/runs/exp3/meds_icu/deciles_none_unfused_time_rope_first_24h-tokenized/test/logistic_regression-preds-model-discrete-time_rope.pkl,/gpfs/data/bbj-lab/users/daniel/input-representation-benchmark/outputs/runs/exp3/meds_icu/deciles_none_unfused_time_rope_first_24h-tokenized/test/tokens_timelines_extended_outcomes.parquet
exp3_additional_binary,classification,vasopressor_initiation,meds,brier,False,2030,0.0935991096426348,0.0855982769251926,0.1016172177063831,/gpfs/data/bbj-lab/users/daniel/input-representation-benchmark/outputs/runs/exp3/meds_icu/deciles_none_unfused_time_rope_first_24h-tokenized/test/logistic_regression-preds-model-discrete-time_rope.pkl,/gpfs/data/bbj-lab/users/daniel/input-representation-benchmark/outputs/runs/exp3/meds_icu/deciles_none_unfused_time_rope_first_24h-tokenized/test/tokens_timelines_extended_outcomes.parquet
exp3_additional_binary,classification,vasopressor_initiation,meds,ece_15,False,2030,0.0164613625965996,0.0174484536825918,0.038369746840442,/gpfs/data/bbj-lab/users/daniel/input-representation-benchmark/outputs/runs/exp3/meds_icu/deciles_none_unfused_time_rope_first_24h-tokenized/test/logistic_regression-preds-model-discrete-time_rope.pkl,/gpfs/data/bbj-lab/users/daniel/input-representation-benchmark/outputs/runs/exp3/meds_icu/deciles_none_unfused_time_rope_first_24h-tokenized/test/tokens_timelines_extended_outcomes.parquet
exp3_additional_binary,classification,vasopressor_initiation,mapped,roc_auc,True,2030,0.8515003750937733,0.8296517576256655,0.872969953946634,/gpfs/data/bbj-lab/users/daniel/input-representation-benchmark/outputs/runs/exp3/arms/meds_mapped/deciles_none_unfused_time_rope_first_24h-tokenized/test/logistic_regression-preds-model-discrete-time_rope.pkl,/gpfs/data/bbj-lab/users/daniel/input-representation-benchmark/outputs/runs/exp3/arms/meds_mapped/deciles_none_unfused_time_rope_first_24h-tokenized/test/tokens_timelines_extended_outcomes.parquet
exp3_additional_binary,classification,vasopressor_initiation,mapped,pr_auc,True,2030,0.5308692274849278,0.4720080537158523,0.5907672510688728,/gpfs/data/bbj-lab/users/daniel/input-representation-benchmark/outputs/runs/exp3/arms/meds_mapped/deciles_none_unfused_time_rope_first_24h-tokenized/test/logistic_regression-preds-model-discrete-time_rope.pkl,/gpfs/data/bbj-lab/users/daniel/input-representation-benchmark/outputs/runs/exp3/arms/meds_mapped/deciles_none_unfused_time_rope_first_24h-tokenized/test/tokens_timelines_extended_outcomes.parquet
exp3_additional_binary,classification,vasopressor_initiation,mapped,brier,False,2030,0.0962479483501662,0.0878366786259592,0.1048815862216501,/gpfs/data/bbj-lab/users/daniel/input-representation-benchmark/outputs/runs/exp3/arms/meds_mapped/deciles_none_unfused_time_rope_first_24h-tokenized/test/logistic_regression-preds-model-discrete-time_rope.pkl,/gpfs/data/bbj-lab/users/daniel/input-representation-benchmark/outputs/runs/exp3/arms/meds_mapped/deciles_none_unfused_time_rope_first_24h-tokenized/test/tokens_timelines_extended_outcomes.parquet
exp3_additional_binary,classification,vasopressor_initiation,mapped,ece_15,False,2030,0.0167970429669256,0.0156662867070568,0.0364998823651293,/gpfs/data/bbj-lab/users/daniel/input-representation-benchmark/outputs/runs/exp3/arms/meds_mapped/deciles_none_unfused_time_rope_first_24h-tokenized/test/logistic_regression-preds-model-discrete-time_rope.pkl,/gpfs/data/bbj-lab/users/daniel/input-representation-benchmark/outputs/runs/exp3/arms/meds_mapped/deciles_none_unfused_time_rope_first_24h-tokenized/test/tokens_timelines_extended_outcomes.parquet
exp3_additional_binary,classification,vasopressor_initiation,randomized,roc_auc,True,2030,0.8558195798949738,0.8335627276382442,0.877047033861353,/gpfs/data/bbj-lab/users/daniel/input-representation-benchmark/outputs/runs/exp3/arms/meds_randomized/deciles_none_unfused_time_rope_first_24h-tokenized/test/logistic_regression-preds-model-discrete-time_rope.pkl,/gpfs/data/bbj-lab/users/daniel/input-representation-benchmark/outputs/runs/exp3/arms/meds_randomized/deciles_none_unfused_time_rope_first_24h-tokenized/test/tokens_timelines_extended_outcomes.parquet
exp3_additional_binary,classification,vasopressor_initiation,randomized,pr_auc,True,2030,0.5502624242582739,0.4911935444139075,0.6063599681617788,/gpfs/data/bbj-lab/users/daniel/input-representation-benchmark/outputs/runs/exp3/arms/meds_randomized/deciles_none_unfused_time_rope_first_24h-tokenized/test/logistic_regression-preds-model-discrete-time_rope.pkl,/gpfs/data/bbj-lab/users/daniel/input-representation-benchmark/outputs/runs/exp3/arms/meds_randomized/deciles_none_unfused_time_rope_first_24h-tokenized/test/tokens_timelines_extended_outcomes.parquet
exp3_additional_binary,classification,vasopressor_initiation,randomized,brier,False,2030,0.094277030957091,0.0864868589296778,0.1026417421210603,/gpfs/data/bbj-lab/users/daniel/input-representation-benchmark/outputs/runs/exp3/arms/meds_randomized/deciles_none_unfused_time_rope_first_24h-tokenized/test/logistic_regression-preds-model-discrete-time_rope.pkl,/gpfs/data/bbj-lab/users/daniel/input-representation-benchmark/outputs/runs/exp3/arms/meds_randomized/deciles_none_unfused_time_rope_first_24h-tokenized/test/tokens_timelines_extended_outcomes.parquet
exp3_additional_binary,classification,vasopressor_initiation,randomized,ece_15,False,2030,0.0160236284028533,0.0158488901286334,0.0353510445860873,/gpfs/data/bbj-lab/users/daniel/input-representation-benchmark/outputs/runs/exp3/arms/meds_randomized/deciles_none_unfused_time_rope_first_24h-tokenized/test/logistic_regression-preds-model-discrete-time_rope.pkl,/gpfs/data/bbj-lab/users/daniel/input-representation-benchmark/outputs/runs/exp3/arms/meds_randomized/deciles_none_unfused_time_rope_first_24h-tokenized/test/tokens_timelines_extended_outcomes.parquet
exp3_additional_binary,classification,vasopressor_initiation,freqmatched,roc_auc,True,2030,0.8386384096024005,0.8133107817429903,0.8617739292782263,/gpfs/data/bbj-lab/users/daniel/input-representation-benchmark/outputs/runs/exp3/arms/meds_freqmatched/deciles_none_unfused_time_rope_first_24h-tokenized/test/logistic_regression-preds-model-discrete-time_rope.pkl,/gpfs/data/bbj-lab/users/daniel/input-representation-benchmark/outputs/runs/exp3/arms/meds_freqmatched/deciles_none_unfused_time_rope_first_24h-tokenized/test/tokens_timelines_extended_outcomes.parquet
exp3_additional_binary,classification,vasopressor_initiation,freqmatched,pr_auc,True,2030,0.5346396689118562,0.4761229334243279,0.5924865838918949,/gpfs/data/bbj-lab/users/daniel/input-representation-benchmark/outputs/runs/exp3/arms/meds_freqmatched/deciles_none_unfused_time_rope_first_24h-tokenized/test/logistic_regression-preds-model-discrete-time_rope.pkl,/gpfs/data/bbj-lab/users/daniel/input-representation-benchmark/outputs/runs/exp3/arms/meds_freqmatched/deciles_none_unfused_time_rope_first_24h-tokenized/test/tokens_timelines_extended_outcomes.parquet
exp3_additional_binary,classification,vasopressor_initiation,freqmatched,brier,False,2030,0.0967988843630859,0.0883168849218623,0.1056589742346078,/gpfs/data/bbj-lab/users/daniel/input-representation-benchmark/outputs/runs/exp3/arms/meds_freqmatched/deciles_none_unfused_time_rope_first_24h-tokenized/test/logistic_regression-preds-model-discrete-time_rope.pkl,/gpfs/data/bbj-lab/users/daniel/input-representation-benchmark/outputs/runs/exp3/arms/meds_freqmatched/deciles_none_unfused_time_rope_first_24h-tokenized/test/tokens_timelines_extended_outcomes.parquet
exp3_additional_binary,classification,vasopressor_initiation,freqmatched,ece_15,False,2030,0.0274678081858846,0.0187703144213237,0.0420022241610449,/gpfs/data/bbj-lab/users/daniel/input-representation-benchmark/outputs/runs/exp3/arms/meds_freqmatched/deciles_none_unfused_time_rope_first_24h-tokenized/test/logistic_regression-preds-model-discrete-time_rope.pkl,/gpfs/data/bbj-lab/users/daniel/input-representation-benchmark/outputs/runs/exp3/arms/meds_freqmatched/deciles_none_unfused_time_rope_first_24h-tokenized/test/tokens_timelines_extended_outcomes.parquet
exp3_length_of_stay,regression,length_of_stay,meds,spearman_rho,True,2440,0.489942483787687,0.4558124176218101,0.522017113903152,/gpfs/data/bbj-lab/users/daniel/input-representation-benchmark/outputs/runs/exp3/meds_icu/deciles_none_unfused_time_rope_first_24h-tokenized/test/reg_ridge_regression-preds-paper-length_of_stay-model-discrete-time_rope.pkl,/gpfs/data/bbj-lab/users/daniel/input-representation-benchmark/outputs/runs/exp3/meds_icu/deciles_none_unfused_time_rope_first_24h-tokenized/test/tokens_timelines_outcomes.parquet
exp3_length_of_stay,regression,length_of_stay,meds,r2,True,2440,0.1773016445333752,0.138334025180727,0.2121678653610326,/gpfs/data/bbj-lab/users/daniel/input-representation-benchmark/outputs/runs/exp3/meds_icu/deciles_none_unfused_time_rope_first_24h-tokenized/test/reg_ridge_regression-preds-paper-length_of_stay-model-discrete-time_rope.pkl,/gpfs/data/bbj-lab/users/daniel/input-representation-benchmark/outputs/runs/exp3/meds_icu/deciles_none_unfused_time_rope_first_24h-tokenized/test/tokens_timelines_outcomes.parquet
exp3_length_of_stay,regression,length_of_stay,meds,mae,False,2440,145.83844400734495,138.786792974335,153.48342147269358,/gpfs/data/bbj-lab/users/daniel/input-representation-benchmark/outputs/runs/exp3/meds_icu/deciles_none_unfused_time_rope_first_24h-tokenized/test/reg_ridge_regression-preds-paper-length_of_stay-model-discrete-time_rope.pkl,/gpfs/data/bbj-lab/users/daniel/input-representation-benchmark/outputs/runs/exp3/meds_icu/deciles_none_unfused_time_rope_first_24h-tokenized/test/tokens_timelines_outcomes.parquet
exp3_length_of_stay,regression,length_of_stay,meds,rmse,False,2440,241.6670875077821,216.6511278005281,268.2440665196096,/gpfs/data/bbj-lab/users/daniel/input-representation-benchmark/outputs/runs/exp3/meds_icu/deciles_none_unfused_time_rope_first_24h-tokenized/test/reg_ridge_regression-preds-paper-length_of_stay-model-discrete-time_rope.pkl,/gpfs/data/bbj-lab/users/daniel/input-representation-benchmark/outputs/runs/exp3/meds_icu/deciles_none_unfused_time_rope_first_24h-tokenized/test/tokens_timelines_outcomes.parquet
exp3_length_of_stay,regression,length_of_stay,mapped,spearman_rho,True,2440,0.48131220005915,0.4487181180332326,0.5135306054368219,/gpfs/data/bbj-lab/users/daniel/input-representation-benchmark/outputs/runs/exp3/arms/meds_mapped/deciles_none_unfused_time_rope_first_24h-tokenized/test/reg_ridge_regression-preds-paper-length_of_stay-model-discrete-time_rope.pkl,/gpfs/data/bbj-lab/users/daniel/input-representation-benchmark/outputs/runs/exp3/arms/meds_mapped/deciles_none_unfused_time_rope_first_24h-tokenized/test/tokens_timelines_outcomes.parquet
exp3_length_of_stay,regression,length_of_stay,mapped,r2,True,2440,0.166707283358615,0.1228412948996749,0.203580321515151,/gpfs/data/bbj-lab/users/daniel/input-representation-benchmark/outputs/runs/exp3/arms/meds_mapped/deciles_none_unfused_time_rope_first_24h-tokenized/test/reg_ridge_regression-preds-paper-length_of_stay-model-discrete-time_rope.pkl,/gpfs/data/bbj-lab/users/daniel/input-representation-benchmark/outputs/runs/exp3/arms/meds_mapped/deciles_none_unfused_time_rope_first_24h-tokenized/test/tokens_timelines_outcomes.parquet
exp3_length_of_stay,regression,length_of_stay,mapped,mae,False,2440,147.25392182314468,139.85865359388367,154.99399962513218,/gpfs/data/bbj-lab/users/daniel/input-representation-benchmark/outputs/runs/exp3/arms/meds_mapped/deciles_none_unfused_time_rope_first_24h-tokenized/test/reg_ridge_regression-preds-paper-length_of_stay-model-discrete-time_rope.pkl,/gpfs/data/bbj-lab/users/daniel/input-representation-benchmark/outputs/runs/exp3/arms/meds_mapped/deciles_none_unfused_time_rope_first_24h-tokenized/test/tokens_timelines_outcomes.parquet
exp3_length_of_stay,regression,length_of_stay,mapped,rmse,False,2440,243.2181532170173,218.44387768793743,269.29744347590804,/gpfs/data/bbj-lab/users/daniel/input-representation-benchmark/outputs/runs/exp3/arms/meds_mapped/deciles_none_unfused_time_rope_first_24h-tokenized/test/reg_ridge_regression-preds-paper-length_of_stay-model-discrete-time_rope.pkl,/gpfs/data/bbj-lab/users/daniel/input-representation-benchmark/outputs/runs/exp3/arms/meds_mapped/deciles_none_unfused_time_rope_first_24h-tokenized/test/tokens_timelines_outcomes.parquet
exp3_length_of_stay,regression,length_of_stay,randomized,spearman_rho,True,2440,0.4980958028063315,0.4666942459150865,0.5307010237093563,/gpfs/data/bbj-lab/users/daniel/input-representation-benchmark/outputs/runs/exp3/arms/meds_randomized/deciles_none_unfused_time_rope_first_24h-tokenized/test/reg_ridge_regression-preds-paper-length_of_stay-model-discrete-time_rope.pkl,/gpfs/data/bbj-lab/users/daniel/input-representation-benchmark/outputs/runs/exp3/arms/meds_randomized/deciles_none_unfused_time_rope_first_24h-tokenized/test/tokens_timelines_outcomes.parquet
exp3_length_of_stay,regression,length_of_stay,randomized,r2,True,2440,0.1782984249403001,0.1396136449407929,0.2127455776745141,/gpfs/data/bbj-lab/users/daniel/input-representation-benchmark/outputs/runs/exp3/arms/meds_randomized/deciles_none_unfused_time_rope_first_24h-tokenized/test/reg_ridge_regression-preds-paper-length_of_stay-model-discrete-time_rope.pkl,/gpfs/data/bbj-lab/users/daniel/input-representation-benchmark/outputs/runs/exp3/arms/meds_randomized/deciles_none_unfused_time_rope_first_24h-tokenized/test/tokens_timelines_outcomes.parquet
exp3_length_of_stay,regression,length_of_stay,randomized,mae,False,2440,144.51643058238113,137.4297808996893,152.06688398754684,/gpfs/data/bbj-lab/users/daniel/input-representation-benchmark/outputs/runs/exp3/arms/meds_randomized/deciles_none_unfused_time_rope_first_24h-tokenized/test/reg_ridge_regression-preds-paper-length_of_stay-model-discrete-time_rope.pkl,/gpfs/data/bbj-lab/users/daniel/input-representation-benchmark/outputs/runs/exp3/arms/meds_randomized/deciles_none_unfused_time_rope_first_24h-tokenized/test/tokens_timelines_outcomes.parquet
exp3_length_of_stay,regression,length_of_stay,randomized,rmse,False,2440,241.52064134943183,216.904232914626,267.7152700326552,/gpfs/data/bbj-lab/users/daniel/input-representation-benchmark/outputs/runs/exp3/arms/meds_randomized/deciles_none_unfused_time_rope_first_24h-tokenized/test/reg_ridge_regression-preds-paper-length_of_stay-model-discrete-time_rope.pkl,/gpfs/data/bbj-lab/users/daniel/input-representation-benchmark/outputs/runs/exp3/arms/meds_randomized/deciles_none_unfused_time_rope_first_24h-tokenized/test/tokens_timelines_outcomes.parquet
exp3_length_of_stay,regression,length_of_stay,freqmatched,spearman_rho,True,2440,0.4929323732906855,0.461924064159269,0.5259245723462971,/gpfs/data/bbj-lab/users/daniel/input-representation-benchmark/outputs/runs/exp3/arms/meds_freqmatched/deciles_none_unfused_time_rope_first_24h-tokenized/test/reg_ridge_regression-preds-paper-length_of_stay-model-discrete-time_rope.pkl,/gpfs/data/bbj-lab/users/daniel/input-representation-benchmark/outputs/runs/exp3/arms/meds_freqmatched/deciles_none_unfused_time_rope_first_24h-tokenized/test/tokens_timelines_outcomes.parquet
exp3_length_of_stay,regression,length_of_stay,freqmatched,r2,True,2440,0.1726268860498913,0.1314466199715331,0.2112915392777069,/gpfs/data/bbj-lab/users/daniel/input-representation-benchmark/outputs/runs/exp3/arms/meds_freqmatched/deciles_none_unfused_time_rope_first_24h-tokenized/test/reg_ridge_regression-preds-paper-length_of_stay-model-discrete-time_rope.pkl,/gpfs/data/bbj-lab/users/daniel/input-representation-benchmark/outputs/runs/exp3/arms/meds_freqmatched/deciles_none_unfused_time_rope_first_24h-tokenized/test/tokens_timelines_outcomes.parquet
exp3_length_of_stay,regression,length_of_stay,freqmatched,mae,False,2440,146.48346867451374,139.29801433788168,153.9875509133727,/gpfs/data/bbj-lab/users/daniel/input-representation-benchmark/outputs/runs/exp3/arms/meds_freqmatched/deciles_none_unfused_time_rope_first_24h-tokenized/test/reg_ridge_regression-preds-paper-length_of_stay-model-discrete-time_rope.pkl,/gpfs/data/bbj-lab/users/daniel/input-representation-benchmark/outputs/runs/exp3/arms/meds_freqmatched/deciles_none_unfused_time_rope_first_24h-tokenized/test/tokens_timelines_outcomes.parquet
exp3_length_of_stay,regression,length_of_stay,freqmatched,rmse,False,2440,242.35271848692628,216.74596584301057,270.1161435201923,/gpfs/data/bbj-lab/users/daniel/input-representation-benchmark/outputs/runs/exp3/arms/meds_freqmatched/deciles_none_unfused_time_rope_first_24h-tokenized/test/reg_ridge_regression-preds-paper-length_of_stay-model-discrete-time_rope.pkl,/gpfs/data/bbj-lab/users/daniel/input-representation-benchmark/outputs/runs/exp3/arms/meds_freqmatched/deciles_none_unfused_time_rope_first_24h-tokenized/test/tokens_timelines_outcomes.parquet
exp3_extended_regression,regression,max_dbp,meds,spearman_rho,True,2133,0.3687315868223314,0.3319080772208021,0.4052095558773565,/gpfs/data/bbj-lab/users/daniel/input-representation-benchmark/outputs/runs/exp3/meds_icu/deciles_none_unfused_time_rope_first_24h-tokenized/test/reg_ridge_regression-preds-model-discrete-time_rope.pkl,/gpfs/data/bbj-lab/users/daniel/input-representation-benchmark/outputs/runs/exp3/meds_icu/deciles_none_unfused_time_rope_first_24h-tokenized/test/tokens_timelines_extended_outcomes.parquet
exp3_extended_regression,regression,max_dbp,meds,r2,True,2133,0.1089560063895322,0.0773306887978393,0.1385903724641631,/gpfs/data/bbj-lab/users/daniel/input-representation-benchmark/outputs/runs/exp3/meds_icu/deciles_none_unfused_time_rope_first_24h-tokenized/test/reg_ridge_regression-preds-model-discrete-time_rope.pkl,/gpfs/data/bbj-lab/users/daniel/input-representation-benchmark/outputs/runs/exp3/meds_icu/deciles_none_unfused_time_rope_first_24h-tokenized/test/tokens_timelines_extended_outcomes.parquet
exp3_extended_regression,regression,max_dbp,meds,mae,False,2133,17.333376022994376,16.675082607098307,17.968517978360158,/gpfs/data/bbj-lab/users/daniel/input-representation-benchmark/outputs/runs/exp3/meds_icu/deciles_none_unfused_time_rope_first_24h-tokenized/test/reg_ridge_regression-preds-model-discrete-time_rope.pkl,/gpfs/data/bbj-lab/users/daniel/input-representation-benchmark/outputs/runs/exp3/meds_icu/deciles_none_unfused_time_rope_first_24h-tokenized/test/tokens_timelines_extended_outcomes.parquet
exp3_extended_regression,regression,max_dbp,meds,rmse,False,2133,23.35323647784324,22.004230110244396,24.667223846827905,/gpfs/data/bbj-lab/users/daniel/input-representation-benchmark/outputs/runs/exp3/meds_icu/deciles_none_unfused_time_rope_first_24h-tokenized/test/reg_ridge_regression-preds-model-discrete-time_rope.pkl,/gpfs/data/bbj-lab/users/daniel/input-representation-benchmark/outputs/runs/exp3/meds_icu/deciles_none_unfused_time_rope_first_24h-tokenized/test/tokens_timelines_extended_outcomes.parquet
exp3_extended_regression,regression,max_dbp,mapped,spearman_rho,True,2133,0.3443618622898143,0.3061901458721157,0.3829589466128226,/gpfs/data/bbj-lab/users/daniel/input-representation-benchmark/outputs/runs/exp3/arms/meds_mapped/deciles_none_unfused_time_rope_first_24h-tokenized/test/reg_ridge_regression-preds-model-discrete-time_rope.pkl,/gpfs/data/bbj-lab/users/daniel/input-representation-benchmark/outputs/runs/exp3/arms/meds_mapped/deciles_none_unfused_time_rope_first_24h-tokenized/test/tokens_timelines_extended_outcomes.parquet
exp3_extended_regression,regression,max_dbp,mapped,r2,True,2133,0.097538476355792,0.068206430669365,0.1276382900122181,/gpfs/data/bbj-lab/users/daniel/input-representation-benchmark/outputs/runs/exp3/arms/meds_mapped/deciles_none_unfused_time_rope_first_24h-tokenized/test/reg_ridge_regression-preds-model-discrete-time_rope.pkl,/gpfs/data/bbj-lab/users/daniel/input-representation-benchmark/outputs/runs/exp3/arms/meds_mapped/deciles_none_unfused_time_rope_first_24h-tokenized/test/tokens_timelines_extended_outcomes.parquet
exp3_extended_regression,regression,max_dbp,mapped,mae,False,2133,17.419848743353114,16.754170071101864,18.060264326543265,/gpfs/data/bbj-lab/users/daniel/input-representation-benchmark/outputs/runs/exp3/arms/meds_mapped/deciles_none_unfused_time_rope_first_24h-tokenized/test/reg_ridge_regression-preds-model-discrete-time_rope.pkl,/gpfs/data/bbj-lab/users/daniel/input-representation-benchmark/outputs/runs/exp3/arms/meds_mapped/deciles_none_unfused_time_rope_first_24h-tokenized/test/tokens_timelines_extended_outcomes.parquet
exp3_extended_regression,regression,max_dbp,mapped,rmse,False,2133,23.50238038286254,22.19451262304809,24.82309201651048,/gpfs/data/bbj-lab/users/daniel/input-representation-benchmark/outputs/runs/exp3/arms/meds_mapped/deciles_none_unfused_time_rope_first_24h-tokenized/test/reg_ridge_regression-preds-model-discrete-time_rope.pkl,/gpfs/data/bbj-lab/users/daniel/input-representation-benchmark/outputs/runs/exp3/arms/meds_mapped/deciles_none_unfused_time_rope_first_24h-tokenized/test/tokens_timelines_extended_outcomes.parquet
exp3_extended_regression,regression,max_dbp,randomized,spearman_rho,True,2133,0.3512060760199471,0.3123620250840792,0.3885235629925654,/gpfs/data/bbj-lab/users/daniel/input-representation-benchmark/outputs/runs/exp3/arms/meds_randomized/deciles_none_unfused_time_rope_first_24h-tokenized/test/reg_ridge_regression-preds-model-discrete-time_rope.pkl,/gpfs/data/bbj-lab/users/daniel/input-representation-benchmark/outputs/runs/exp3/arms/meds_randomized/deciles_none_unfused_time_rope_first_24h-tokenized/test/tokens_timelines_extended_outcomes.parquet
exp3_extended_regression,regression,max_dbp,randomized,r2,True,2133,0.0944745344556595,0.063055979937764,0.1232253928084312,/gpfs/data/bbj-lab/users/daniel/input-representation-benchmark/outputs/runs/exp3/arms/meds_randomized/deciles_none_unfused_time_rope_first_24h-tokenized/test/reg_ridge_regression-preds-model-discrete-time_rope.pkl,/gpfs/data/bbj-lab/users/daniel/input-representation-benchmark/outputs/runs/exp3/arms/meds_randomized/deciles_none_unfused_time_rope_first_24h-tokenized/test/tokens_timelines_extended_outcomes.parquet
exp3_extended_regression,regression,max_dbp,randomized,mae,False,2133,17.427751041244903,16.750773821806742,18.025158379340294,/gpfs/data/bbj-lab/users/daniel/input-representation-benchmark/outputs/runs/exp3/arms/meds_randomized/deciles_none_unfused_time_rope_first_24h-tokenized/test/reg_ridge_regression-preds-model-discrete-time_rope.pkl,/gpfs/data/bbj-lab/users/daniel/input-representation-benchmark/outputs/runs/exp3/arms/meds_randomized/deciles_none_unfused_time_rope_first_24h-tokenized/test/tokens_timelines_extended_outcomes.parquet
exp3_extended_regression,regression,max_dbp,randomized,rmse,False,2133,23.542242975081145,22.19126144845372,24.844410704730866,/gpfs/data/bbj-lab/users/daniel/input-representation-benchmark/outputs/runs/exp3/arms/meds_randomized/deciles_none_unfused_time_rope_first_24h-tokenized/test/reg_ridge_regression-preds-model-discrete-time_rope.pkl,/gpfs/data/bbj-lab/users/daniel/input-representation-benchmark/outputs/runs/exp3/arms/meds_randomized/deciles_none_unfused_time_rope_first_24h-tokenized/test/tokens_timelines_extended_outcomes.parquet
exp3_extended_regression,regression,max_dbp,freqmatched,spearman_rho,True,2133,0.3630239824078919,0.3259015863457561,0.4000827177637288,/gpfs/data/bbj-lab/users/daniel/input-representation-benchmark/outputs/runs/exp3/arms/meds_freqmatched/deciles_none_unfused_time_rope_first_24h-tokenized/test/reg_ridge_regression-preds-model-discrete-time_rope.pkl,/gpfs/data/bbj-lab/users/daniel/input-representation-benchmark/outputs/runs/exp3/arms/meds_freqmatched/deciles_none_unfused_time_rope_first_24h-tokenized/test/tokens_timelines_extended_outcomes.parquet
exp3_extended_regression,regression,max_dbp,freqmatched,r2,True,2133,0.1066350391337551,0.077643199110333,0.1366593889492481,/gpfs/data/bbj-lab/users/daniel/input-representation-benchmark/outputs/runs/exp3/arms/meds_freqmatched/deciles_none_unfused_time_rope_first_24h-tokenized/test/reg_ridge_regression-preds-model-discrete-time_rope.pkl,/gpfs/data/bbj-lab/users/daniel/input-representation-benchmark/outputs/runs/exp3/arms/meds_freqmatched/deciles_none_unfused_time_rope_first_24h-tokenized/test/tokens_timelines_extended_outcomes.parquet
exp3_extended_regression,regression,max_dbp,freqmatched,mae,False,2133,17.349397540663706,16.691889830146362,18.011186015612658,/gpfs/data/bbj-lab/users/daniel/input-representation-benchmark/outputs/runs/exp3/arms/meds_freqmatched/deciles_none_unfused_time_rope_first_24h-tokenized/test/reg_ridge_regression-preds-model-discrete-time_rope.pkl,/gpfs/data/bbj-lab/users/daniel/input-representation-benchmark/outputs/runs/exp3/arms/meds_freqmatched/deciles_none_unfused_time_rope_first_24h-tokenized/test/tokens_timelines_extended_outcomes.parquet
exp3_extended_regression,regression,max_dbp,freqmatched,rmse,False,2133,23.383631636458134,22.04648891127618,24.697706986902443,/gpfs/data/bbj-lab/users/daniel/input-representation-benchmark/outputs/runs/exp3/arms/meds_freqmatched/deciles_none_unfused_time_rope_first_24h-tokenized/test/reg_ridge_regression-preds-model-discrete-time_rope.pkl,/gpfs/data/bbj-lab/users/daniel/input-representation-benchmark/outputs/runs/exp3/arms/meds_freqmatched/deciles_none_unfused_time_rope_first_24h-tokenized/test/tokens_timelines_extended_outcomes.parquet
exp3_extended_regression,regression,max_heart_rate,meds,spearman_rho,True,2135,0.461965334366856,0.4260909634698346,0.494048001970237,/gpfs/data/bbj-lab/users/daniel/input-representation-benchmark/outputs/runs/exp3/meds_icu/deciles_none_unfused_time_rope_first_24h-tokenized/test/reg_ridge_regression-preds-model-discrete-time_rope.pkl,/gpfs/data/bbj-lab/users/daniel/input-representation-benchmark/outputs/runs/exp3/meds_icu/deciles_none_unfused_time_rope_first_24h-tokenized/test/tokens_timelines_extended_outcomes.parquet
exp3_extended_regression,regression,max_heart_rate,meds,r2,True,2135,0.1951506883940732,0.1611049032186469,0.2251120788716398,/gpfs/data/bbj-lab/users/daniel/input-representation-benchmark/outputs/runs/exp3/meds_icu/deciles_none_unfused_time_rope_first_24h-tokenized/test/reg_ridge_regression-preds-model-discrete-time_rope.pkl,/gpfs/data/bbj-lab/users/daniel/input-representation-benchmark/outputs/runs/exp3/meds_icu/deciles_none_unfused_time_rope_first_24h-tokenized/test/tokens_timelines_extended_outcomes.parquet
exp3_extended_regression,regression,max_heart_rate,meds,mae,False,2135,17.10924898139998,16.51710524434482,17.746073324073965,/gpfs/data/bbj-lab/users/daniel/input-representation-benchmark/outputs/runs/exp3/meds_icu/deciles_none_unfused_time_rope_first_24h-tokenized/test/reg_ridge_regression-preds-model-discrete-time_rope.pkl,/gpfs/data/bbj-lab/users/daniel/input-representation-benchmark/outputs/runs/exp3/meds_icu/deciles_none_unfused_time_rope_first_24h-tokenized/test/tokens_timelines_extended_outcomes.parquet
exp3_extended_regression,regression,max_heart_rate,meds,rmse,False,2135,22.185110822212025,21.32080452788037,23.089679212497725,/gpfs/data/bbj-lab/users/daniel/input-representation-benchmark/outputs/runs/exp3/meds_icu/deciles_none_unfused_time_rope_first_24h-tokenized/test/reg_ridge_regression-preds-model-discrete-time_rope.pkl,/gpfs/data/bbj-lab/users/daniel/input-representation-benchmark/outputs/runs/exp3/meds_icu/deciles_none_unfused_time_rope_first_24h-tokenized/test/tokens_timelines_extended_outcomes.parquet
exp3_extended_regression,regression,max_heart_rate,mapped,spearman_rho,True,2135,0.4594129301528892,0.4237650082791296,0.4921091705536998,/gpfs/data/bbj-lab/users/daniel/input-representation-benchmark/outputs/runs/exp3/arms/meds_mapped/deciles_none_unfused_time_rope_first_24h-tokenized/test/reg_ridge_regression-preds-model-discrete-time_rope.pkl,/gpfs/data/bbj-lab/users/daniel/input-representation-benchmark/outputs/runs/exp3/arms/meds_mapped/deciles_none_unfused_time_rope_first_24h-tokenized/test/tokens_timelines_extended_outcomes.parquet
exp3_extended_regression,regression,max_heart_rate,mapped,r2,True,2135,0.1878904706190698,0.152807673305512,0.2191826419334803,/gpfs/data/bbj-lab/users/daniel/input-representation-benchmark/outputs/runs/exp3/arms/meds_mapped/deciles_none_unfused_time_rope_first_24h-tokenized/test/reg_ridge_regression-preds-model-discrete-time_rope.pkl,/gpfs/data/bbj-lab/users/daniel/input-representation-benchmark/outputs/runs/exp3/arms/meds_mapped/deciles_none_unfused_time_rope_first_24h-tokenized/test/tokens_timelines_extended_outcomes.parquet
exp3_extended_regression,regression,max_heart_rate,mapped,mae,False,2135,17.07588026019824,16.487858726164934,17.715599842386865,/gpfs/data/bbj-lab/users/daniel/input-representation-benchmark/outputs/runs/exp3/arms/meds_mapped/deciles_none_unfused_time_rope_first_24h-tokenized/test/reg_ridge_regression-preds-model-discrete-time_rope.pkl,/gpfs/data/bbj-lab/users/daniel/input-representation-benchmark/outputs/runs/exp3/arms/meds_mapped/deciles_none_unfused_time_rope_first_24h-tokenized/test/tokens_timelines_extended_outcomes.parquet
exp3_extended_regression,regression,max_heart_rate,mapped,rmse,False,2135,22.28494760461642,21.42739261281179,23.20630619875609,/gpfs/data/bbj-lab/users/daniel/input-representation-benchmark/outputs/runs/exp3/arms/meds_mapped/deciles_none_unfused_time_rope_first_24h-tokenized/test/reg_ridge_regression-preds-model-discrete-time_rope.pkl,/gpfs/data/bbj-lab/users/daniel/input-representation-benchmark/outputs/runs/exp3/arms/meds_mapped/deciles_none_unfused_time_rope_first_24h-tokenized/test/tokens_timelines_extended_outcomes.parquet
exp3_extended_regression,regression,max_heart_rate,randomized,spearman_rho,True,2135,0.4726957876025361,0.4370056940243499,0.5044727219780876,/gpfs/data/bbj-lab/users/daniel/input-representation-benchmark/outputs/runs/exp3/arms/meds_randomized/deciles_none_unfused_time_rope_first_24h-tokenized/test/reg_ridge_regression-preds-model-discrete-time_rope.pkl,/gpfs/data/bbj-lab/users/daniel/input-representation-benchmark/outputs/runs/exp3/arms/meds_randomized/deciles_none_unfused_time_rope_first_24h-tokenized/test/tokens_timelines_extended_outcomes.parquet
exp3_extended_regression,regression,max_heart_rate,randomized,r2,True,2135,0.2012730468755821,0.1660872271194309,0.2319276373746267,/gpfs/data/bbj-lab/users/daniel/input-representation-benchmark/outputs/runs/exp3/arms/meds_randomized/deciles_none_unfused_time_rope_first_24h-tokenized/test/reg_ridge_regression-preds-model-discrete-time_rope.pkl,/gpfs/data/bbj-lab/users/daniel/input-representation-benchmark/outputs/runs/exp3/arms/meds_randomized/deciles_none_unfused_time_rope_first_24h-tokenized/test/tokens_timelines_extended_outcomes.parquet
exp3_extended_regression,regression,max_heart_rate,randomized,mae,False,2135,16.863593645657623,16.288969502562992,17.50332254734945,/gpfs/data/bbj-lab/users/daniel/input-representation-benchmark/outputs/runs/exp3/arms/meds_randomized/deciles_none_unfused_time_rope_first_24h-tokenized/test/reg_ridge_regression-preds-model-discrete-time_rope.pkl,/gpfs/data/bbj-lab/users/daniel/input-representation-benchmark/outputs/runs/exp3/arms/meds_randomized/deciles_none_unfused_time_rope_first_24h-tokenized/test/tokens_timelines_extended_outcomes.parquet
exp3_extended_regression,regression,max_heart_rate,randomized,rmse,False,2135,22.10057046997169,21.21104685665108,23.082107147513625,/gpfs/data/bbj-lab/users/daniel/input-representation-benchmark/outputs/runs/exp3/arms/meds_randomized/deciles_none_unfused_time_rope_first_24h-tokenized/test/reg_ridge_regression-preds-model-discrete-time_rope.pkl,/gpfs/data/bbj-lab/users/daniel/input-representation-benchmark/outputs/runs/exp3/arms/meds_randomized/deciles_none_unfused_time_rope_first_24h-tokenized/test/tokens_timelines_extended_outcomes.parquet
exp3_extended_regression,regression,max_heart_rate,freqmatched,spearman_rho,True,2135,0.4586055234558945,0.4237057304634375,0.4917593553325396,/gpfs/data/bbj-lab/users/daniel/input-representation-benchmark/outputs/runs/exp3/arms/meds_freqmatched/deciles_none_unfused_time_rope_first_24h-tokenized/test/reg_ridge_regression-preds-model-discrete-time_rope.pkl,/gpfs/data/bbj-lab/users/daniel/input-representation-benchmark/outputs/runs/exp3/arms/meds_freqmatched/deciles_none_unfused_time_rope_first_24h-tokenized/test/tokens_timelines_extended_outcomes.parquet
exp3_extended_regression,regression,max_heart_rate,freqmatched,r2,True,2135,0.1875903028551739,0.1542968977722701,0.2179953365779396,/gpfs/data/bbj-lab/users/daniel/input-representation-benchmark/outputs/runs/exp3/arms/meds_freqmatched/deciles_none_unfused_time_rope_first_24h-tokenized/test/reg_ridge_regression-preds-model-discrete-time_rope.pkl,/gpfs/data/bbj-lab/users/daniel/input-representation-benchmark/outputs/runs/exp3/arms/meds_freqmatched/deciles_none_unfused_time_rope_first_24h-tokenized/test/tokens_timelines_extended_outcomes.parquet
exp3_extended_regression,regression,max_heart_rate,freqmatched,mae,False,2135,17.107724498607887,16.511278225858437,17.73667130825619,/gpfs/data/bbj-lab/users/daniel/input-representation-benchmark/outputs/runs/exp3/arms/meds_freqmatched/deciles_none_unfused_time_rope_first_24h-tokenized/test/reg_ridge_regression-preds-model-discrete-time_rope.pkl,/gpfs/data/bbj-lab/users/daniel/input-representation-benchmark/outputs/runs/exp3/arms/meds_freqmatched/deciles_none_unfused_time_rope_first_24h-tokenized/test/tokens_timelines_extended_outcomes.parquet
exp3_extended_regression,regression,max_heart_rate,freqmatched,rmse,False,2135,22.28906564821409,21.383423789792417,23.241471552143476,/gpfs/data/bbj-lab/users/daniel/input-representation-benchmark/outputs/runs/exp3/arms/meds_freqmatched/deciles_none_unfused_time_rope_first_24h-tokenized/test/reg_ridge_regression-preds-model-discrete-time_rope.pkl,/gpfs/data/bbj-lab/users/daniel/input-representation-benchmark/outputs/runs/exp3/arms/meds_freqmatched/deciles_none_unfused_time_rope_first_24h-tokenized/test/tokens_timelines_extended_outcomes.parquet
exp3_extended_regression,regression,max_sbp,meds,spearman_rho,True,2133,0.4064607217955971,0.3710907473983695,0.4427038341986546,/gpfs/data/bbj-lab/users/daniel/input-representation-benchmark/outputs/runs/exp3/meds_icu/deciles_none_unfused_time_rope_first_24h-tokenized/test/reg_ridge_regression-preds-model-discrete-time_rope.pkl,/gpfs/data/bbj-lab/users/daniel/input-representation-benchmark/outputs/runs/exp3/meds_icu/deciles_none_unfused_time_rope_first_24h-tokenized/test/tokens_timelines_extended_outcomes.parquet
exp3_extended_regression,regression,max_sbp,meds,r2,True,2133,0.1618898232009592,0.1304425835141667,0.1925158298979427,/gpfs/data/bbj-lab/users/daniel/input-representation-benchmark/outputs/runs/exp3/meds_icu/deciles_none_unfused_time_rope_first_24h-tokenized/test/reg_ridge_regression-preds-model-discrete-time_rope.pkl,/gpfs/data/bbj-lab/users/daniel/input-representation-benchmark/outputs/runs/exp3/meds_icu/deciles_none_unfused_time_rope_first_24h-tokenized/test/tokens_timelines_extended_outcomes.parquet
exp3_extended_regression,regression,max_sbp,meds,mae,False,2133,18.49827588891131,17.830859141997287,19.14783129060978,/gpfs/data/bbj-lab/users/daniel/input-representation-benchmark/outputs/runs/exp3/meds_icu/deciles_none_unfused_time_rope_first_24h-tokenized/test/reg_ridge_regression-preds-model-discrete-time_rope.pkl,/gpfs/data/bbj-lab/users/daniel/input-representation-benchmark/outputs/runs/exp3/meds_icu/deciles_none_unfused_time_rope_first_24h-tokenized/test/tokens_timelines_extended_outcomes.parquet
exp3_extended_regression,regression,max_sbp,meds,rmse,False,2133,24.240906364800825,23.188942154154425,25.30226714594957,/gpfs/data/bbj-lab/users/daniel/input-representation-benchmark/outputs/runs/exp3/meds_icu/deciles_none_unfused_time_rope_first_24h-tokenized/test/reg_ridge_regression-preds-model-discrete-time_rope.pkl,/gpfs/data/bbj-lab/users/daniel/input-representation-benchmark/outputs/runs/exp3/meds_icu/deciles_none_unfused_time_rope_first_24h-tokenized/test/tokens_timelines_extended_outcomes.parquet
exp3_extended_regression,regression,max_sbp,mapped,spearman_rho,True,2133,0.4139274267283943,0.3788305530100225,0.4502483573852509,/gpfs/data/bbj-lab/users/daniel/input-representation-benchmark/outputs/runs/exp3/arms/meds_mapped/deciles_none_unfused_time_rope_first_24h-tokenized/test/reg_ridge_regression-preds-model-discrete-time_rope.pkl,/gpfs/data/bbj-lab/users/daniel/input-representation-benchmark/outputs/runs/exp3/arms/meds_mapped/deciles_none_unfused_time_rope_first_24h-tokenized/test/tokens_timelines_extended_outcomes.parquet
exp3_extended_regression,regression,max_sbp,mapped,r2,True,2133,0.1576156613112079,0.1251793615578245,0.1883739704672657,/gpfs/data/bbj-lab/users/daniel/input-representation-benchmark/outputs/runs/exp3/arms/meds_mapped/deciles_none_unfused_time_rope_first_24h-tokenized/test/reg_ridge_regression-preds-model-discrete-time_rope.pkl,/gpfs/data/bbj-lab/users/daniel/input-representation-benchmark/outputs/runs/exp3/arms/meds_mapped/deciles_none_unfused_time_rope_first_24h-tokenized/test/tokens_timelines_extended_outcomes.parquet
exp3_extended_regression,regression,max_sbp,mapped,mae,False,2133,18.298083881266567,17.597405129634065,18.971547271072964,/gpfs/data/bbj-lab/users/daniel/input-representation-benchmark/outputs/runs/exp3/arms/meds_mapped/deciles_none_unfused_time_rope_first_24h-tokenized/test/reg_ridge_regression-preds-model-discrete-time_rope.pkl,/gpfs/data/bbj-lab/users/daniel/input-representation-benchmark/outputs/runs/exp3/arms/meds_mapped/deciles_none_unfused_time_rope_first_24h-tokenized/test/tokens_timelines_extended_outcomes.parquet
exp3_extended_regression,regression,max_sbp,mapped,rmse,False,2133,24.30263917796556,23.24826706796433,25.373778145585927,/gpfs/data/bbj-lab/users/daniel/input-representation-benchmark/outputs/runs/exp3/arms/meds_mapped/deciles_none_unfused_time_rope_first_24h-tokenized/test/reg_ridge_regression-preds-model-discrete-time_rope.pkl,/gpfs/data/bbj-lab/users/daniel/input-representation-benchmark/outputs/runs/exp3/arms/meds_mapped/deciles_none_unfused_time_rope_first_24h-tokenized/test/tokens_timelines_extended_outcomes.parquet
exp3_extended_regression,regression,max_sbp,randomized,spearman_rho,True,2133,0.4001745439102793,0.3635788388106084,0.4374037164530393,/gpfs/data/bbj-lab/users/daniel/input-representation-benchmark/outputs/runs/exp3/arms/meds_randomized/deciles_none_unfused_time_rope_first_24h-tokenized/test/reg_ridge_regression-preds-model-discrete-time_rope.pkl,/gpfs/data/bbj-lab/users/daniel/input-representation-benchmark/outputs/runs/exp3/arms/meds_randomized/deciles_none_unfused_time_rope_first_24h-tokenized/test/tokens_timelines_extended_outcomes.parquet
exp3_extended_regression,regression,max_sbp,randomized,r2,True,2133,0.1543840329450169,0.1207414956077525,0.1884363916971933,/gpfs/data/bbj-lab/users/daniel/input-representation-benchmark/outputs/runs/exp3/arms/meds_randomized/deciles_none_unfused_time_rope_first_24h-tokenized/test/reg_ridge_regression-preds-model-discrete-time_rope.pkl,/gpfs/data/bbj-lab/users/daniel/input-representation-benchmark/outputs/runs/exp3/arms/meds_randomized/deciles_none_unfused_time_rope_first_24h-tokenized/test/tokens_timelines_extended_outcomes.parquet
exp3_extended_regression,regression,max_sbp,randomized,mae,False,2133,18.55312050204204,17.902858307315796,19.18672522915166,/gpfs/data/bbj-lab/users/daniel/input-representation-benchmark/outputs/runs/exp3/arms/meds_randomized/deciles_none_unfused_time_rope_first_24h-tokenized/test/reg_ridge_regression-preds-model-discrete-time_rope.pkl,/gpfs/data/bbj-lab/users/daniel/input-representation-benchmark/outputs/runs/exp3/arms/meds_randomized/deciles_none_unfused_time_rope_first_24h-tokenized/test/tokens_timelines_extended_outcomes.parquet
exp3_extended_regression,regression,max_sbp,randomized,rmse,False,2133,24.34921050886103,23.29538711721209,25.38736225818575,/gpfs/data/bbj-lab/users/daniel/input-representation-benchmark/outputs/runs/exp3/arms/meds_randomized/deciles_none_unfused_time_rope_first_24h-tokenized/test/reg_ridge_regression-preds-model-discrete-time_rope.pkl,/gpfs/data/bbj-lab/users/daniel/input-representation-benchmark/outputs/runs/exp3/arms/meds_randomized/deciles_none_unfused_time_rope_first_24h-tokenized/test/tokens_timelines_extended_outcomes.parquet
exp3_extended_regression,regression,max_sbp,freqmatched,spearman_rho,True,2133,0.4269152208219801,0.3935575402015767,0.4623827477012331,/gpfs/data/bbj-lab/users/daniel/input-representation-benchmark/outputs/runs/exp3/arms/meds_freqmatched/deciles_none_unfused_time_rope_first_24h-tokenized/test/reg_ridge_regression-preds-model-discrete-time_rope.pkl,/gpfs/data/bbj-lab/users/daniel/input-representation-benchmark/outputs/runs/exp3/arms/meds_freqmatched/deciles_none_unfused_time_rope_first_24h-tokenized/test/tokens_timelines_extended_outcomes.parquet
exp3_extended_regression,regression,max_sbp,freqmatched,r2,True,2133,0.1618518396964433,0.1331244726414021,0.192476575171423,/gpfs/data/bbj-lab/users/daniel/input-representation-benchmark/outputs/runs/exp3/arms/meds_freqmatched/deciles_none_unfused_time_rope_first_24h-tokenized/test/reg_ridge_regression-preds-model-discrete-time_rope.pkl,/gpfs/data/bbj-lab/users/daniel/input-representation-benchmark/outputs/runs/exp3/arms/meds_freqmatched/deciles_none_unfused_time_rope_first_24h-tokenized/test/tokens_timelines_extended_outcomes.parquet
exp3_extended_regression,regression,max_sbp,freqmatched,mae,False,2133,18.33543164773561,17.671278327803076,18.978807606604832,/gpfs/data/bbj-lab/users/daniel/input-representation-benchmark/outputs/runs/exp3/arms/meds_freqmatched/deciles_none_unfused_time_rope_first_24h-tokenized/test/reg_ridge_regression-preds-model-discrete-time_rope.pkl,/gpfs/data/bbj-lab/users/daniel/input-representation-benchmark/outputs/runs/exp3/arms/meds_freqmatched/deciles_none_unfused_time_rope_first_24h-tokenized/test/tokens_timelines_extended_outcomes.parquet
exp3_extended_regression,regression,max_sbp,freqmatched,rmse,False,2133,24.241455662595943,23.16943440468644,25.279081403319104,/gpfs/data/bbj-lab/users/daniel/input-representation-benchmark/outputs/runs/exp3/arms/meds_freqmatched/deciles_none_unfused_time_rope_first_24h-tokenized/test/reg_ridge_regression-preds-model-discrete-time_rope.pkl,/gpfs/data/bbj-lab/users/daniel/input-representation-benchmark/outputs/runs/exp3/arms/meds_freqmatched/deciles_none_unfused_time_rope_first_24h-tokenized/test/tokens_timelines_extended_outcomes.parquet
exp3_extended_regression,regression,max_sodium,meds,spearman_rho,True,2353,0.3212112007036243,0.2833696856897383,0.3572434966067609,/gpfs/data/bbj-lab/users/daniel/input-representation-benchmark/outputs/runs/exp3/meds_icu/deciles_none_unfused_time_rope_first_24h-tokenized/test/reg_ridge_regression-preds-model-discrete-time_rope.pkl,/gpfs/data/bbj-lab/users/daniel/input-representation-benchmark/outputs/runs/exp3/meds_icu/deciles_none_unfused_time_rope_first_24h-tokenized/test/tokens_timelines_extended_outcomes.parquet
exp3_extended_regression,regression,max_sodium,meds,r2,True,2353,0.1066081671730618,0.0662728236014599,0.1441255141731,/gpfs/data/bbj-lab/users/daniel/input-representation-benchmark/outputs/runs/exp3/meds_icu/deciles_none_unfused_time_rope_first_24h-tokenized/test/reg_ridge_regression-preds-model-discrete-time_rope.pkl,/gpfs/data/bbj-lab/users/daniel/input-representation-benchmark/outputs/runs/exp3/meds_icu/deciles_none_unfused_time_rope_first_24h-tokenized/test/tokens_timelines_extended_outcomes.parquet
exp3_extended_regression,regression,max_sodium,meds,mae,False,2353,3.4867507053506603,3.364870914483654,3.614340809151962,/gpfs/data/bbj-lab/users/daniel/input-representation-benchmark/outputs/runs/exp3/meds_icu/deciles_none_unfused_time_rope_first_24h-tokenized/test/reg_ridge_regression-preds-model-discrete-time_rope.pkl,/gpfs/data/bbj-lab/users/daniel/input-representation-benchmark/outputs/runs/exp3/meds_icu/deciles_none_unfused_time_rope_first_24h-tokenized/test/tokens_timelines_extended_outcomes.parquet
exp3_extended_regression,regression,max_sodium,meds,rmse,False,2353,4.679405989771461,4.493818719831359,4.865802840194385,/gpfs/data/bbj-lab/users/daniel/input-representation-benchmark/outputs/runs/exp3/meds_icu/deciles_none_unfused_time_rope_first_24h-tokenized/test/reg_ridge_regression-preds-model-discrete-time_rope.pkl,/gpfs/data/bbj-lab/users/daniel/input-representation-benchmark/outputs/runs/exp3/meds_icu/deciles_none_unfused_time_rope_first_24h-tokenized/test/tokens_timelines_extended_outcomes.parquet
exp3_extended_regression,regression,max_sodium,mapped,spearman_rho,True,2353,0.3512668240585349,0.3155041708735092,0.3873897389895508,/gpfs/data/bbj-lab/users/daniel/input-representation-benchmark/outputs/runs/exp3/arms/meds_mapped/deciles_none_unfused_time_rope_first_24h-tokenized/test/reg_ridge_regression-preds-model-discrete-time_rope.pkl,/gpfs/data/bbj-lab/users/daniel/input-representation-benchmark/outputs/runs/exp3/arms/meds_mapped/deciles_none_unfused_time_rope_first_24h-tokenized/test/tokens_timelines_extended_outcomes.parquet
exp3_extended_regression,regression,max_sodium,mapped,r2,True,2353,0.1381568212410745,0.1018333489740472,0.1729349823540963,/gpfs/data/bbj-lab/users/daniel/input-representation-benchmark/outputs/runs/exp3/arms/meds_mapped/deciles_none_unfused_time_rope_first_24h-tokenized/test/reg_ridge_regression-preds-model-discrete-time_rope.pkl,/gpfs/data/bbj-lab/users/daniel/input-representation-benchmark/outputs/runs/exp3/arms/meds_mapped/deciles_none_unfused_time_rope_first_24h-tokenized/test/tokens_timelines_extended_outcomes.parquet
exp3_extended_regression,regression,max_sodium,mapped,mae,False,2353,3.445972419072528,3.326118484154214,3.570108070642178,/gpfs/data/bbj-lab/users/daniel/input-representation-benchmark/outputs/runs/exp3/arms/meds_mapped/deciles_none_unfused_time_rope_first_24h-tokenized/test/reg_ridge_regression-preds-model-discrete-time_rope.pkl,/gpfs/data/bbj-lab/users/daniel/input-representation-benchmark/outputs/runs/exp3/arms/meds_mapped/deciles_none_unfused_time_rope_first_24h-tokenized/test/tokens_timelines_extended_outcomes.parquet
exp3_extended_regression,regression,max_sodium,mapped,rmse,False,2353,4.596040658620903,4.400361190125728,4.800218916983389,/gpfs/data/bbj-lab/users/daniel/input-representation-benchmark/outputs/runs/exp3/arms/meds_mapped/deciles_none_unfused_time_rope_first_24h-tokenized/test/reg_ridge_regression-preds-model-discrete-time_rope.pkl,/gpfs/data/bbj-lab/users/daniel/input-representation-benchmark/outputs/runs/exp3/arms/meds_mapped/deciles_none_unfused_time_rope_first_24h-tokenized/test/tokens_timelines_extended_outcomes.parquet
exp3_extended_regression,regression,max_sodium,randomized,spearman_rho,True,2353,0.334449116375151,0.296035554958947,0.372540245175655,/gpfs/data/bbj-lab/users/daniel/input-representation-benchmark/outputs/runs/exp3/arms/meds_randomized/deciles_none_unfused_time_rope_first_24h-tokenized/test/reg_ridge_regression-preds-model-discrete-time_rope.pkl,/gpfs/data/bbj-lab/users/daniel/input-representation-benchmark/outputs/runs/exp3/arms/meds_randomized/deciles_none_unfused_time_rope_first_24h-tokenized/test/tokens_timelines_extended_outcomes.parquet
exp3_extended_regression,regression,max_sodium,randomized,r2,True,2353,0.1296573278467093,0.0910239092845417,0.1666502682650932,/gpfs/data/bbj-lab/users/daniel/input-representation-benchmark/outputs/runs/exp3/arms/meds_randomized/deciles_none_unfused_time_rope_first_24h-tokenized/test/reg_ridge_regression-preds-model-discrete-time_rope.pkl,/gpfs/data/bbj-lab/users/daniel/input-representation-benchmark/outputs/runs/exp3/arms/meds_randomized/deciles_none_unfused_time_rope_first_24h-tokenized/test/tokens_timelines_extended_outcomes.parquet
exp3_extended_regression,regression,max_sodium,randomized,mae,False,2353,3.4389304492667407,3.3154233646067297,3.564813797780773,/gpfs/data/bbj-lab/users/daniel/input-representation-benchmark/outputs/runs/exp3/arms/meds_randomized/deciles_none_unfused_time_rope_first_24h-tokenized/test/reg_ridge_regression-preds-model-discrete-time_rope.pkl,/gpfs/data/bbj-lab/users/daniel/input-representation-benchmark/outputs/runs/exp3/arms/meds_randomized/deciles_none_unfused_time_rope_first_24h-tokenized/test/tokens_timelines_extended_outcomes.parquet
exp3_extended_regression,regression,max_sodium,randomized,rmse,False,2353,4.618648122425417,4.420938604886682,4.8155150006508665,/gpfs/data/bbj-lab/users/daniel/input-representation-benchmark/outputs/runs/exp3/arms/meds_randomized/deciles_none_unfused_time_rope_first_24h-tokenized/test/reg_ridge_regression-preds-model-discrete-time_rope.pkl,/gpfs/data/bbj-lab/users/daniel/input-representation-benchmark/outputs/runs/exp3/arms/meds_randomized/deciles_none_unfused_time_rope_first_24h-tokenized/test/tokens_timelines_extended_outcomes.parquet
exp3_extended_regression,regression,max_sodium,freqmatched,spearman_rho,True,2353,0.3490982630802408,0.31402642820723,0.3855118749716644,/gpfs/data/bbj-lab/users/daniel/input-representation-benchmark/outputs/runs/exp3/arms/meds_freqmatched/deciles_none_unfused_time_rope_first_24h-tokenized/test/reg_ridge_regression-preds-model-discrete-time_rope.pkl,/gpfs/data/bbj-lab/users/daniel/input-representation-benchmark/outputs/runs/exp3/arms/meds_freqmatched/deciles_none_unfused_time_rope_first_24h-tokenized/test/tokens_timelines_extended_outcomes.parquet
exp3_extended_regression,regression,max_sodium,freqmatched,r2,True,2353,0.1496857837931449,0.1109674870108591,0.186065806169021,/gpfs/data/bbj-lab/users/daniel/input-representation-benchmark/outputs/runs/exp3/arms/meds_freqmatched/deciles_none_unfused_time_rope_first_24h-tokenized/test/reg_ridge_regression-preds-model-discrete-time_rope.pkl,/gpfs/data/bbj-lab/users/daniel/input-representation-benchmark/outputs/runs/exp3/arms/meds_freqmatched/deciles_none_unfused_time_rope_first_24h-tokenized/test/tokens_timelines_extended_outcomes.parquet
exp3_extended_regression,regression,max_sodium,freqmatched,mae,False,2353,3.421061678069916,3.3009451013603304,3.5427394701017585,/gpfs/data/bbj-lab/users/daniel/input-representation-benchmark/outputs/runs/exp3/arms/meds_freqmatched/deciles_none_unfused_time_rope_first_24h-tokenized/test/reg_ridge_regression-preds-model-discrete-time_rope.pkl,/gpfs/data/bbj-lab/users/daniel/input-representation-benchmark/outputs/runs/exp3/arms/meds_freqmatched/deciles_none_unfused_time_rope_first_24h-tokenized/test/tokens_timelines_extended_outcomes.parquet
exp3_extended_regression,regression,max_sodium,freqmatched,rmse,False,2353,4.565196311155398,4.378549133197247,4.7534253258562496,/gpfs/data/bbj-lab/users/daniel/input-representation-benchmark/outputs/runs/exp3/arms/meds_freqmatched/deciles_none_unfused_time_rope_first_24h-tokenized/test/reg_ridge_regression-preds-model-discrete-time_rope.pkl,/gpfs/data/bbj-lab/users/daniel/input-representation-benchmark/outputs/runs/exp3/arms/meds_freqmatched/deciles_none_unfused_time_rope_first_24h-tokenized/test/tokens_timelines_extended_outcomes.parquet
exp3_extended_regression,regression,min_glucose,meds,spearman_rho,True,2349,0.2501987203799767,0.2117087631341022,0.2887923651283384,/gpfs/data/bbj-lab/users/daniel/input-representation-benchmark/outputs/runs/exp3/meds_icu/deciles_none_unfused_time_rope_first_24h-tokenized/test/reg_ridge_regression-preds-model-discrete-time_rope.pkl,/gpfs/data/bbj-lab/users/daniel/input-representation-benchmark/outputs/runs/exp3/meds_icu/deciles_none_unfused_time_rope_first_24h-tokenized/test/tokens_timelines_extended_outcomes.parquet
exp3_extended_regression,regression,min_glucose,meds,r2,True,2349,0.0365327433480406,0.0100101466787967,0.0626448614154962,/gpfs/data/bbj-lab/users/daniel/input-representation-benchmark/outputs/runs/exp3/meds_icu/deciles_none_unfused_time_rope_first_24h-tokenized/test/reg_ridge_regression-preds-model-discrete-time_rope.pkl,/gpfs/data/bbj-lab/users/daniel/input-representation-benchmark/outputs/runs/exp3/meds_icu/deciles_none_unfused_time_rope_first_24h-tokenized/test/tokens_timelines_extended_outcomes.parquet
exp3_extended_regression,regression,min_glucose,meds,mae,False,2349,18.85243573713561,18.052521335525288,19.73536303957396,/gpfs/data/bbj-lab/users/daniel/input-representation-benchmark/outputs/runs/exp3/meds_icu/deciles_none_unfused_time_rope_first_24h-tokenized/test/reg_ridge_regression-preds-model-discrete-time_rope.pkl,/gpfs/data/bbj-lab/users/daniel/input-representation-benchmark/outputs/runs/exp3/meds_icu/deciles_none_unfused_time_rope_first_24h-tokenized/test/tokens_timelines_extended_outcomes.parquet
exp3_extended_regression,regression,min_glucose,meds,rmse,False,2349,28.15875564812332,26.175051885210408,30.229780791185327,/gpfs/data/bbj-lab/users/daniel/input-representation-benchmark/outputs/runs/exp3/meds_icu/deciles_none_unfused_time_rope_first_24h-tokenized/test/reg_ridge_regression-preds-model-discrete-time_rope.pkl,/gpfs/data/bbj-lab/users/daniel/input-representation-benchmark/outputs/runs/exp3/meds_icu/deciles_none_unfused_time_rope_first_24h-tokenized/test/tokens_timelines_extended_outcomes.parquet
exp3_extended_regression,regression,min_glucose,mapped,spearman_rho,True,2349,0.264947955318177,0.2266251560971135,0.3033076995549801,/gpfs/data/bbj-lab/users/daniel/input-representation-benchmark/outputs/runs/exp3/arms/meds_mapped/deciles_none_unfused_time_rope_first_24h-tokenized/test/reg_ridge_regression-preds-model-discrete-time_rope.pkl,/gpfs/data/bbj-lab/users/daniel/input-representation-benchmark/outputs/runs/exp3/arms/meds_mapped/deciles_none_unfused_time_rope_first_24h-tokenized/test/tokens_timelines_extended_outcomes.parquet
exp3_extended_regression,regression,min_glucose,mapped,r2,True,2349,0.0552893224296974,0.0281917329285661,0.0813434050509956,/gpfs/data/bbj-lab/users/daniel/input-representation-benchmark/outputs/runs/exp3/arms/meds_mapped/deciles_none_unfused_time_rope_first_24h-tokenized/test/reg_ridge_regression-preds-model-discrete-time_rope.pkl,/gpfs/data/bbj-lab/users/daniel/input-representation-benchmark/outputs/runs/exp3/arms/meds_mapped/deciles_none_unfused_time_rope_first_24h-tokenized/test/tokens_timelines_extended_outcomes.parquet
exp3_extended_regression,regression,min_glucose,mapped,mae,False,2349,18.623774153054168,17.811571329872837,19.4913326042566,/gpfs/data/bbj-lab/users/daniel/input-representation-benchmark/outputs/runs/exp3/arms/meds_mapped/deciles_none_unfused_time_rope_first_24h-tokenized/test/reg_ridge_regression-preds-model-discrete-time_rope.pkl,/gpfs/data/bbj-lab/users/daniel/input-representation-benchmark/outputs/runs/exp3/arms/meds_mapped/deciles_none_unfused_time_rope_first_24h-tokenized/test/tokens_timelines_extended_outcomes.parquet
exp3_extended_regression,regression,min_glucose,mapped,rmse,False,2349,27.88331411652658,25.91872185221887,29.940039613027743,/gpfs/data/bbj-lab/users/daniel/input-representation-benchmark/outputs/runs/exp3/arms/meds_mapped/deciles_none_unfused_time_rope_first_24h-tokenized/test/reg_ridge_regression-preds-model-discrete-time_rope.pkl,/gpfs/data/bbj-lab/users/daniel/input-representation-benchmark/outputs/runs/exp3/arms/meds_mapped/deciles_none_unfused_time_rope_first_24h-tokenized/test/tokens_timelines_extended_outcomes.parquet
exp3_extended_regression,regression,min_glucose,randomized,spearman_rho,True,2349,0.2633431874450617,0.2241846716710445,0.3001224717036755,/gpfs/data/bbj-lab/users/daniel/input-representation-benchmark/outputs/runs/exp3/arms/meds_randomized/deciles_none_unfused_time_rope_first_24h-tokenized/test/reg_ridge_regression-preds-model-discrete-time_rope.pkl,/gpfs/data/bbj-lab/users/daniel/input-representation-benchmark/outputs/runs/exp3/arms/meds_randomized/deciles_none_unfused_time_rope_first_24h-tokenized/test/tokens_timelines_extended_outcomes.parquet
exp3_extended_regression,regression,min_glucose,randomized,r2,True,2349,0.04537234305204,0.0187601215786165,0.0711890663820353,/gpfs/data/bbj-lab/users/daniel/input-representation-benchmark/outputs/runs/exp3/arms/meds_randomized/deciles_none_unfused_time_rope_first_24h-tokenized/test/reg_ridge_regression-preds-model-discrete-time_rope.pkl,/gpfs/data/bbj-lab/users/daniel/input-representation-benchmark/outputs/runs/exp3/arms/meds_randomized/deciles_none_unfused_time_rope_first_24h-tokenized/test/tokens_timelines_extended_outcomes.parquet
exp3_extended_regression,regression,min_glucose,randomized,mae,False,2349,18.687646455551786,17.888927816607293,19.569585543128564,/gpfs/data/bbj-lab/users/daniel/input-representation-benchmark/outputs/runs/exp3/arms/meds_randomized/deciles_none_unfused_time_rope_first_24h-tokenized/test/reg_ridge_regression-preds-model-discrete-time_rope.pkl,/gpfs/data/bbj-lab/users/daniel/input-representation-benchmark/outputs/runs/exp3/arms/meds_randomized/deciles_none_unfused_time_rope_first_24h-tokenized/test/tokens_timelines_extended_outcomes.parquet
exp3_extended_regression,regression,min_glucose,randomized,rmse,False,2349,28.029282804581637,26.08078750610475,30.127387766415907,/gpfs/data/bbj-lab/users/daniel/input-representation-benchmark/outputs/runs/exp3/arms/meds_randomized/deciles_none_unfused_time_rope_first_24h-tokenized/test/reg_ridge_regression-preds-model-discrete-time_rope.pkl,/gpfs/data/bbj-lab/users/daniel/input-representation-benchmark/outputs/runs/exp3/arms/meds_randomized/deciles_none_unfused_time_rope_first_24h-tokenized/test/tokens_timelines_extended_outcomes.parquet
exp3_extended_regression,regression,min_glucose,freqmatched,spearman_rho,True,2349,0.2513675521151247,0.2130508816984264,0.2922331415536967,/gpfs/data/bbj-lab/users/daniel/input-representation-benchmark/outputs/runs/exp3/arms/meds_freqmatched/deciles_none_unfused_time_rope_first_24h-tokenized/test/reg_ridge_regression-preds-model-discrete-time_rope.pkl,/gpfs/data/bbj-lab/users/daniel/input-representation-benchmark/outputs/runs/exp3/arms/meds_freqmatched/deciles_none_unfused_time_rope_first_24h-tokenized/test/tokens_timelines_extended_outcomes.parquet
exp3_extended_regression,regression,min_glucose,freqmatched,r2,True,2349,0.0458854733470259,0.0161218200831181,0.075290045550366,/gpfs/data/bbj-lab/users/daniel/input-representation-benchmark/outputs/runs/exp3/arms/meds_freqmatched/deciles_none_unfused_time_rope_first_24h-tokenized/test/reg_ridge_regression-preds-model-discrete-time_rope.pkl,/gpfs/data/bbj-lab/users/daniel/input-representation-benchmark/outputs/runs/exp3/arms/meds_freqmatched/deciles_none_unfused_time_rope_first_24h-tokenized/test/tokens_timelines_extended_outcomes.parquet
exp3_extended_regression,regression,min_glucose,freqmatched,mae,False,2349,18.77768280151832,17.97962536713498,19.653418310616736,/gpfs/data/bbj-lab/users/daniel/input-representation-benchmark/outputs/runs/exp3/arms/meds_freqmatched/deciles_none_unfused_time_rope_first_24h-tokenized/test/reg_ridge_regression-preds-model-discrete-time_rope.pkl,/gpfs/data/bbj-lab/users/daniel/input-representation-benchmark/outputs/runs/exp3/arms/meds_freqmatched/deciles_none_unfused_time_rope_first_24h-tokenized/test/tokens_timelines_extended_outcomes.parquet
exp3_extended_regression,regression,min_glucose,freqmatched,rmse,False,2349,28.0217486590391,26.0509247876828,30.06248320069653,/gpfs/data/bbj-lab/users/daniel/input-representation-benchmark/outputs/runs/exp3/arms/meds_freqmatched/deciles_none_unfused_time_rope_first_24h-tokenized/test/reg_ridge_regression-preds-model-discrete-time_rope.pkl,/gpfs/data/bbj-lab/users/daniel/input-representation-benchmark/outputs/runs/exp3/arms/meds_freqmatched/deciles_none_unfused_time_rope_first_24h-tokenized/test/tokens_timelines_extended_outcomes.parquet
exp3_extended_regression,regression,min_hemoglobin,meds,spearman_rho,True,2346,0.5925741755682331,0.5646814824594133,0.6164870355127403,/gpfs/data/bbj-lab/users/daniel/input-representation-benchmark/outputs/runs/exp3/meds_icu/deciles_none_unfused_time_rope_first_24h-tokenized/test/reg_ridge_regression-preds-model-discrete-time_rope.pkl,/gpfs/data/bbj-lab/users/daniel/input-representation-benchmark/outputs/runs/exp3/meds_icu/deciles_none_unfused_time_rope_first_24h-tokenized/test/tokens_timelines_extended_outcomes.parquet
exp3_extended_regression,regression,min_hemoglobin,meds,r2,True,2346,0.3468324153158857,0.3146337369796609,0.3742220946817434,/gpfs/data/bbj-lab/users/daniel/input-representation-benchmark/outputs/runs/exp3/meds_icu/deciles_none_unfused_time_rope_first_24h-tokenized/test/reg_ridge_regression-preds-model-discrete-time_rope.pkl,/gpfs/data/bbj-lab/users/daniel/input-representation-benchmark/outputs/runs/exp3/meds_icu/deciles_none_unfused_time_rope_first_24h-tokenized/test/tokens_timelines_extended_outcomes.parquet
exp3_extended_regression,regression,min_hemoglobin,meds,mae,False,2346,1.412959248837411,1.3704671313146182,1.457059927284874,/gpfs/data/bbj-lab/users/daniel/input-representation-benchmark/outputs/runs/exp3/meds_icu/deciles_none_unfused_time_rope_first_24h-tokenized/test/reg_ridge_regression-preds-model-discrete-time_rope.pkl,/gpfs/data/bbj-lab/users/daniel/input-representation-benchmark/outputs/runs/exp3/meds_icu/deciles_none_unfused_time_rope_first_24h-tokenized/test/tokens_timelines_extended_outcomes.parquet
exp3_extended_regression,regression,min_hemoglobin,meds,rmse,False,2346,1.7639869411232243,1.7134165317253254,1.8155741586670404,/gpfs/data/bbj-lab/users/daniel/input-representation-benchmark/outputs/runs/exp3/meds_icu/deciles_none_unfused_time_rope_first_24h-tokenized/test/reg_ridge_regression-preds-model-discrete-time_rope.pkl,/gpfs/data/bbj-lab/users/daniel/input-representation-benchmark/outputs/runs/exp3/meds_icu/deciles_none_unfused_time_rope_first_24h-tokenized/test/tokens_timelines_extended_outcomes.parquet
exp3_extended_regression,regression,min_hemoglobin,mapped,spearman_rho,True,2346,0.5826522486336194,0.5544837572198437,0.6081202637940504,/gpfs/data/bbj-lab/users/daniel/input-representation-benchmark/outputs/runs/exp3/arms/meds_mapped/deciles_none_unfused_time_rope_first_24h-tokenized/test/reg_ridge_regression-preds-model-discrete-time_rope.pkl,/gpfs/data/bbj-lab/users/daniel/input-representation-benchmark/outputs/runs/exp3/arms/meds_mapped/deciles_none_unfused_time_rope_first_24h-tokenized/test/tokens_timelines_extended_outcomes.parquet
exp3_extended_regression,regression,min_hemoglobin,mapped,r2,True,2346,0.3391652718091182,0.306684458914172,0.368157563403751,/gpfs/data/bbj-lab/users/daniel/input-representation-benchmark/outputs/runs/exp3/arms/meds_mapped/deciles_none_unfused_time_rope_first_24h-tokenized/test/reg_ridge_regression-preds-model-discrete-time_rope.pkl,/gpfs/data/bbj-lab/users/daniel/input-representation-benchmark/outputs/runs/exp3/arms/meds_mapped/deciles_none_unfused_time_rope_first_24h-tokenized/test/tokens_timelines_extended_outcomes.parquet
exp3_extended_regression,regression,min_hemoglobin,mapped,mae,False,2346,1.4205792863349511,1.3798167911962786,1.4632362301526738,/gpfs/data/bbj-lab/users/daniel/input-representation-benchmark/outputs/runs/exp3/arms/meds_mapped/deciles_none_unfused_time_rope_first_24h-tokenized/test/reg_ridge_regression-preds-model-discrete-time_rope.pkl,/gpfs/data/bbj-lab/users/daniel/input-representation-benchmark/outputs/runs/exp3/arms/meds_mapped/deciles_none_unfused_time_rope_first_24h-tokenized/test/tokens_timelines_extended_outcomes.parquet
exp3_extended_regression,regression,min_hemoglobin,mapped,rmse,False,2346,1.7743099293415638,1.7244615859390844,1.825700483226428,/gpfs/data/bbj-lab/users/daniel/input-representation-benchmark/outputs/runs/exp3/arms/meds_mapped/deciles_none_unfused_time_rope_first_24h-tokenized/test/reg_ridge_regression-preds-model-discrete-time_rope.pkl,/gpfs/data/bbj-lab/users/daniel/input-representation-benchmark/outputs/runs/exp3/arms/meds_mapped/deciles_none_unfused_time_rope_first_24h-tokenized/test/tokens_timelines_extended_outcomes.parquet
exp3_extended_regression,regression,min_hemoglobin,randomized,spearman_rho,True,2346,0.5916278229723374,0.5634186793307492,0.6162810652746898,/gpfs/data/bbj-lab/users/daniel/input-representation-benchmark/outputs/runs/exp3/arms/meds_randomized/deciles_none_unfused_time_rope_first_24h-tokenized/test/reg_ridge_regression-preds-model-discrete-time_rope.pkl,/gpfs/data/bbj-lab/users/daniel/input-representation-benchmark/outputs/runs/exp3/arms/meds_randomized/deciles_none_unfused_time_rope_first_24h-tokenized/test/tokens_timelines_extended_outcomes.parquet
exp3_extended_regression,regression,min_hemoglobin,randomized,r2,True,2346,0.3432650883726696,0.3106352159782164,0.3719582936160642,/gpfs/data/bbj-lab/users/daniel/input-representation-benchmark/outputs/runs/exp3/arms/meds_randomized/deciles_none_unfused_time_rope_first_24h-tokenized/test/reg_ridge_regression-preds-model-discrete-time_rope.pkl,/gpfs/data/bbj-lab/users/daniel/input-representation-benchmark/outputs/runs/exp3/arms/meds_randomized/deciles_none_unfused_time_rope_first_24h-tokenized/test/tokens_timelines_extended_outcomes.parquet
exp3_extended_regression,regression,min_hemoglobin,randomized,mae,False,2346,1.4106680699745486,1.36819478927031,1.4538618346553034,/gpfs/data/bbj-lab/users/daniel/input-representation-benchmark/outputs/runs/exp3/arms/meds_randomized/deciles_none_unfused_time_rope_first_24h-tokenized/test/reg_ridge_regression-preds-model-discrete-time_rope.pkl,/gpfs/data/bbj-lab/users/daniel/input-representation-benchmark/outputs/runs/exp3/arms/meds_randomized/deciles_none_unfused_time_rope_first_24h-tokenized/test/tokens_timelines_extended_outcomes.parquet
exp3_extended_regression,regression,min_hemoglobin,randomized,rmse,False,2346,1.7687974596084346,1.7180145560208426,1.8209153398166669,/gpfs/data/bbj-lab/users/daniel/input-representation-benchmark/outputs/runs/exp3/arms/meds_randomized/deciles_none_unfused_time_rope_first_24h-tokenized/test/reg_ridge_regression-preds-model-discrete-time_rope.pkl,/gpfs/data/bbj-lab/users/daniel/input-representation-benchmark/outputs/runs/exp3/arms/meds_randomized/deciles_none_unfused_time_rope_first_24h-tokenized/test/tokens_timelines_extended_outcomes.parquet
exp3_extended_regression,regression,min_hemoglobin,freqmatched,spearman_rho,True,2346,0.5666992812208203,0.536417716512733,0.5947046471714567,/gpfs/data/bbj-lab/users/daniel/input-representation-benchmark/outputs/runs/exp3/arms/meds_freqmatched/deciles_none_unfused_time_rope_first_24h-tokenized/test/reg_ridge_regression-preds-model-discrete-time_rope.pkl,/gpfs/data/bbj-lab/users/daniel/input-representation-benchmark/outputs/runs/exp3/arms/meds_freqmatched/deciles_none_unfused_time_rope_first_24h-tokenized/test/tokens_timelines_extended_outcomes.parquet
exp3_extended_regression,regression,min_hemoglobin,freqmatched,r2,True,2346,0.3185786638586975,0.2842775408856509,0.3506508817539301,/gpfs/data/bbj-lab/users/daniel/input-representation-benchmark/outputs/runs/exp3/arms/meds_freqmatched/deciles_none_unfused_time_rope_first_24h-tokenized/test/reg_ridge_regression-preds-model-discrete-time_rope.pkl,/gpfs/data/bbj-lab/users/daniel/input-representation-benchmark/outputs/runs/exp3/arms/meds_freqmatched/deciles_none_unfused_time_rope_first_24h-tokenized/test/tokens_timelines_extended_outcomes.parquet
exp3_extended_regression,regression,min_hemoglobin,freqmatched,mae,False,2346,1.438417520624943,1.394060840084432,1.481771702941559,/gpfs/data/bbj-lab/users/daniel/input-representation-benchmark/outputs/runs/exp3/arms/meds_freqmatched/deciles_none_unfused_time_rope_first_24h-tokenized/test/reg_ridge_regression-preds-model-discrete-time_rope.pkl,/gpfs/data/bbj-lab/users/daniel/input-representation-benchmark/outputs/runs/exp3/arms/meds_freqmatched/deciles_none_unfused_time_rope_first_24h-tokenized/test/tokens_timelines_extended_outcomes.parquet
exp3_extended_regression,regression,min_hemoglobin,freqmatched,rmse,False,2346,1.8017350112839767,1.7477353063613512,1.854972776738424,/gpfs/data/bbj-lab/users/daniel/input-representation-benchmark/outputs/runs/exp3/arms/meds_freqmatched/deciles_none_unfused_time_rope_first_24h-tokenized/test/reg_ridge_regression-preds-model-discrete-time_rope.pkl,/gpfs/data/bbj-lab/users/daniel/input-representation-benchmark/outputs/runs/exp3/arms/meds_freqmatched/deciles_none_unfused_time_rope_first_24h-tokenized/test/tokens_timelines_extended_outcomes.parquet
exp3_extended_regression,regression,min_potassium,meds,spearman_rho,True,2354,0.3652848697354398,0.3288559549743985,0.4018492429868561,/gpfs/data/bbj-lab/users/daniel/input-representation-benchmark/outputs/runs/exp3/meds_icu/deciles_none_unfused_time_rope_first_24h-tokenized/test/reg_ridge_regression-preds-model-discrete-time_rope.pkl,/gpfs/data/bbj-lab/users/daniel/input-representation-benchmark/outputs/runs/exp3/meds_icu/deciles_none_unfused_time_rope_first_24h-tokenized/test/tokens_timelines_extended_outcomes.parquet
exp3_extended_regression,regression,min_potassium,meds,r2,True,2354,0.1240530392645999,0.0949938744812274,0.1521106309862773,/gpfs/data/bbj-lab/users/daniel/input-representation-benchmark/outputs/runs/exp3/meds_icu/deciles_none_unfused_time_rope_first_24h-tokenized/test/reg_ridge_regression-preds-model-discrete-time_rope.pkl,/gpfs/data/bbj-lab/users/daniel/input-representation-benchmark/outputs/runs/exp3/meds_icu/deciles_none_unfused_time_rope_first_24h-tokenized/test/tokens_timelines_extended_outcomes.parquet
exp3_extended_regression,regression,min_potassium,meds,mae,False,2354,0.3369521418463559,0.3256975299689026,0.34813549332249,/gpfs/data/bbj-lab/users/daniel/input-representation-benchmark/outputs/runs/exp3/meds_icu/deciles_none_unfused_time_rope_first_24h-tokenized/test/reg_ridge_regression-preds-model-discrete-time_rope.pkl,/gpfs/data/bbj-lab/users/daniel/input-representation-benchmark/outputs/runs/exp3/meds_icu/deciles_none_unfused_time_rope_first_24h-tokenized/test/tokens_timelines_extended_outcomes.parquet
exp3_extended_regression,regression,min_potassium,meds,rmse,False,2354,0.442631715744855,0.4269305795590661,0.4584555645256579,/gpfs/data/bbj-lab/users/daniel/input-representation-benchmark/outputs/runs/exp3/meds_icu/deciles_none_unfused_time_rope_first_24h-tokenized/test/reg_ridge_regression-preds-model-discrete-time_rope.pkl,/gpfs/data/bbj-lab/users/daniel/input-representation-benchmark/outputs/runs/exp3/meds_icu/deciles_none_unfused_time_rope_first_24h-tokenized/test/tokens_timelines_extended_outcomes.parquet
exp3_extended_regression,regression,min_potassium,mapped,spearman_rho,True,2354,0.3691466951611171,0.3343809187978053,0.4053232610412409,/gpfs/data/bbj-lab/users/daniel/input-representation-benchmark/outputs/runs/exp3/arms/meds_mapped/deciles_none_unfused_time_rope_first_24h-tokenized/test/reg_ridge_regression-preds-model-discrete-time_rope.pkl,/gpfs/data/bbj-lab/users/daniel/input-representation-benchmark/outputs/runs/exp3/arms/meds_mapped/deciles_none_unfused_time_rope_first_24h-tokenized/test/tokens_timelines_extended_outcomes.parquet
exp3_extended_regression,regression,min_potassium,mapped,r2,True,2354,0.1158957195764845,0.0861982305219368,0.1462893664982082,/gpfs/data/bbj-lab/users/daniel/input-representation-benchmark/outputs/runs/exp3/arms/meds_mapped/deciles_none_unfused_time_rope_first_24h-tokenized/test/reg_ridge_regression-preds-model-discrete-time_rope.pkl,/gpfs/data/bbj-lab/users/daniel/input-representation-benchmark/outputs/runs/exp3/arms/meds_mapped/deciles_none_unfused_time_rope_first_24h-tokenized/test/tokens_timelines_extended_outcomes.parquet
exp3_extended_regression,regression,min_potassium,mapped,mae,False,2354,0.3374735132626756,0.3262533441598014,0.3489259145697079,/gpfs/data/bbj-lab/users/daniel/input-representation-benchmark/outputs/runs/exp3/arms/meds_mapped/deciles_none_unfused_time_rope_first_24h-tokenized/test/reg_ridge_regression-preds-model-discrete-time_rope.pkl,/gpfs/data/bbj-lab/users/daniel/input-representation-benchmark/outputs/runs/exp3/arms/meds_mapped/deciles_none_unfused_time_rope_first_24h-tokenized/test/tokens_timelines_extended_outcomes.parquet
exp3_extended_regression,regression,min_potassium,mapped,rmse,False,2354,0.4446879596081952,0.4286061731038924,0.4612166153013354,/gpfs/data/bbj-lab/users/daniel/input-representation-benchmark/outputs/runs/exp3/arms/meds_mapped/deciles_none_unfused_time_rope_first_24h-tokenized/test/reg_ridge_regression-preds-model-discrete-time_rope.pkl,/gpfs/data/bbj-lab/users/daniel/input-representation-benchmark/outputs/runs/exp3/arms/meds_mapped/deciles_none_unfused_time_rope_first_24h-tokenized/test/tokens_timelines_extended_outcomes.parquet
exp3_extended_regression,regression,min_potassium,randomized,spearman_rho,True,2354,0.3691380076699615,0.3342552409651563,0.4051940101798028,/gpfs/data/bbj-lab/users/daniel/input-representation-benchmark/outputs/runs/exp3/arms/meds_randomized/deciles_none_unfused_time_rope_first_24h-tokenized/test/reg_ridge_regression-preds-model-discrete-time_rope.pkl,/gpfs/data/bbj-lab/users/daniel/input-representation-benchmark/outputs/runs/exp3/arms/meds_randomized/deciles_none_unfused_time_rope_first_24h-tokenized/test/tokens_timelines_extended_outcomes.parquet
exp3_extended_regression,regression,min_potassium,randomized,r2,True,2354,0.1192798900097393,0.0899155191380364,0.1485888181066049,/gpfs/data/bbj-lab/users/daniel/input-representation-benchmark/outputs/runs/exp3/arms/meds_randomized/deciles_none_unfused_time_rope_first_24h-tokenized/test/reg_ridge_regression-preds-model-discrete-time_rope.pkl,/gpfs/data/bbj-lab/users/daniel/input-representation-benchmark/outputs/runs/exp3/arms/meds_randomized/deciles_none_unfused_time_rope_first_24h-tokenized/test/tokens_timelines_extended_outcomes.parquet
exp3_extended_regression,regression,min_potassium,randomized,mae,False,2354,0.3379622634038891,0.3263897956345385,0.3490892224549843,/gpfs/data/bbj-lab/users/daniel/input-representation-benchmark/outputs/runs/exp3/arms/meds_randomized/deciles_none_unfused_time_rope_first_24h-tokenized/test/reg_ridge_regression-preds-model-discrete-time_rope.pkl,/gpfs/data/bbj-lab/users/daniel/input-representation-benchmark/outputs/runs/exp3/arms/meds_randomized/deciles_none_unfused_time_rope_first_24h-tokenized/test/tokens_timelines_extended_outcomes.parquet
exp3_extended_regression,regression,min_potassium,randomized,rmse,False,2354,0.4438360563014486,0.4278612495721313,0.4598427983653463,/gpfs/data/bbj-lab/users/daniel/input-representation-benchmark/outputs/runs/exp3/arms/meds_randomized/deciles_none_unfused_time_rope_first_24h-tokenized/test/reg_ridge_regression-preds-model-discrete-time_rope.pkl,/gpfs/data/bbj-lab/users/daniel/input-representation-benchmark/outputs/runs/exp3/arms/meds_randomized/deciles_none_unfused_time_rope_first_24h-tokenized/test/tokens_timelines_extended_outcomes.parquet
exp3_extended_regression,regression,min_potassium,freqmatched,spearman_rho,True,2354,0.3699561639759923,0.3342764384929401,0.4059827618517121,/gpfs/data/bbj-lab/users/daniel/input-representation-benchmark/outputs/runs/exp3/arms/meds_freqmatched/deciles_none_unfused_time_rope_first_24h-tokenized/test/reg_ridge_regression-preds-model-discrete-time_rope.pkl,/gpfs/data/bbj-lab/users/daniel/input-representation-benchmark/outputs/runs/exp3/arms/meds_freqmatched/deciles_none_unfused_time_rope_first_24h-tokenized/test/tokens_timelines_extended_outcomes.parquet
exp3_extended_regression,regression,min_potassium,freqmatched,r2,True,2354,0.1199408928734229,0.089159618315947,0.1498725349570185,/gpfs/data/bbj-lab/users/daniel/input-representation-benchmark/outputs/runs/exp3/arms/meds_freqmatched/deciles_none_unfused_time_rope_first_24h-tokenized/test/reg_ridge_regression-preds-model-discrete-time_rope.pkl,/gpfs/data/bbj-lab/users/daniel/input-representation-benchmark/outputs/runs/exp3/arms/meds_freqmatched/deciles_none_unfused_time_rope_first_24h-tokenized/test/tokens_timelines_extended_outcomes.parquet
exp3_extended_regression,regression,min_potassium,freqmatched,mae,False,2354,0.3372879333951153,0.325920651239496,0.3486684592323716,/gpfs/data/bbj-lab/users/daniel/input-representation-benchmark/outputs/runs/exp3/arms/meds_freqmatched/deciles_none_unfused_time_rope_first_24h-tokenized/test/reg_ridge_regression-preds-model-discrete-time_rope.pkl,/gpfs/data/bbj-lab/users/daniel/input-representation-benchmark/outputs/runs/exp3/arms/meds_freqmatched/deciles_none_unfused_time_rope_first_24h-tokenized/test/tokens_timelines_extended_outcomes.parquet
exp3_extended_regression,regression,min_potassium,freqmatched,rmse,False,2354,0.4436694699090929,0.4272868053587497,0.4600599788335617,/gpfs/data/bbj-lab/users/daniel/input-representation-benchmark/outputs/runs/exp3/arms/meds_freqmatched/deciles_none_unfused_time_rope_first_24h-tokenized/test/reg_ridge_regression-preds-model-discrete-time_rope.pkl,/gpfs/data/bbj-lab/users/daniel/input-representation-benchmark/outputs/runs/exp3/arms/meds_freqmatched/deciles_none_unfused_time_rope_first_24h-tokenized/test/tokens_timelines_extended_outcomes.parquet
exp3_extended_regression,regression,min_sodium,meds,spearman_rho,True,2353,0.3988517700667386,0.3630657623439858,0.4335431640770335,/gpfs/data/bbj-lab/users/daniel/input-representation-benchmark/outputs/runs/exp3/meds_icu/deciles_none_unfused_time_rope_first_24h-tokenized/test/reg_ridge_regression-preds-model-discrete-time_rope.pkl,/gpfs/data/bbj-lab/users/daniel/input-representation-benchmark/outputs/runs/exp3/meds_icu/deciles_none_unfused_time_rope_first_24h-tokenized/test/tokens_timelines_extended_outcomes.parquet
exp3_extended_regression,regression,min_sodium,meds,r2,True,2353,0.1296468668700324,0.0886231294952645,0.1832092376369578,/gpfs/data/bbj-lab/users/daniel/input-representation-benchmark/outputs/runs/exp3/meds_icu/deciles_none_unfused_time_rope_first_24h-tokenized/test/reg_ridge_regression-preds-model-discrete-time_rope.pkl,/gpfs/data/bbj-lab/users/daniel/input-representation-benchmark/outputs/runs/exp3/meds_icu/deciles_none_unfused_time_rope_first_24h-tokenized/test/tokens_timelines_extended_outcomes.parquet
exp3_extended_regression,regression,min_sodium,meds,mae,False,2353,3.5246847171858104,3.369859143780092,3.696809237787916,/gpfs/data/bbj-lab/users/daniel/input-representation-benchmark/outputs/runs/exp3/meds_icu/deciles_none_unfused_time_rope_first_24h-tokenized/test/reg_ridge_regression-preds-model-discrete-time_rope.pkl,/gpfs/data/bbj-lab/users/daniel/input-representation-benchmark/outputs/runs/exp3/meds_icu/deciles_none_unfused_time_rope_first_24h-tokenized/test/tokens_timelines_extended_outcomes.parquet
exp3_extended_regression,regression,min_sodium,meds,rmse,False,2353,5.433327596469588,4.5146632019559965,6.739385050588581,/gpfs/data/bbj-lab/users/daniel/input-representation-benchmark/outputs/runs/exp3/meds_icu/deciles_none_unfused_time_rope_first_24h-tokenized/test/reg_ridge_regression-preds-model-discrete-time_rope.pkl,/gpfs/data/bbj-lab/users/daniel/input-representation-benchmark/outputs/runs/exp3/meds_icu/deciles_none_unfused_time_rope_first_24h-tokenized/test/tokens_timelines_extended_outcomes.parquet
exp3_extended_regression,regression,min_sodium,mapped,spearman_rho,True,2353,0.4113556659518286,0.3761594803239204,0.4439344926815621,/gpfs/data/bbj-lab/users/daniel/input-representation-benchmark/outputs/runs/exp3/arms/meds_mapped/deciles_none_unfused_time_rope_first_24h-tokenized/test/reg_ridge_regression-preds-model-discrete-time_rope.pkl,/gpfs/data/bbj-lab/users/daniel/input-representation-benchmark/outputs/runs/exp3/arms/meds_mapped/deciles_none_unfused_time_rope_first_24h-tokenized/test/tokens_timelines_extended_outcomes.parquet
exp3_extended_regression,regression,min_sodium,mapped,r2,True,2353,0.1234039047627179,0.0813493721057292,0.177379001647586,/gpfs/data/bbj-lab/users/daniel/input-representation-benchmark/outputs/runs/exp3/arms/meds_mapped/deciles_none_unfused_time_rope_first_24h-tokenized/test/reg_ridge_regression-preds-model-discrete-time_rope.pkl,/gpfs/data/bbj-lab/users/daniel/input-representation-benchmark/outputs/runs/exp3/arms/meds_mapped/deciles_none_unfused_time_rope_first_24h-tokenized/test/tokens_timelines_extended_outcomes.parquet
exp3_extended_regression,regression,min_sodium,mapped,mae,False,2353,3.52589932384485,3.3755593343308465,3.7051958292327942,/gpfs/data/bbj-lab/users/daniel/input-representation-benchmark/outputs/runs/exp3/arms/meds_mapped/deciles_none_unfused_time_rope_first_24h-tokenized/test/reg_ridge_regression-preds-model-discrete-time_rope.pkl,/gpfs/data/bbj-lab/users/daniel/input-representation-benchmark/outputs/runs/exp3/arms/meds_mapped/deciles_none_unfused_time_rope_first_24h-tokenized/test/tokens_timelines_extended_outcomes.parquet
exp3_extended_regression,regression,min_sodium,mapped,rmse,False,2353,5.452779154598216,4.531966469240116,6.767513341510801,/gpfs/data/bbj-lab/users/daniel/input-representation-benchmark/outputs/runs/exp3/arms/meds_mapped/deciles_none_unfused_time_rope_first_24h-tokenized/test/reg_ridge_regression-preds-model-discrete-time_rope.pkl,/gpfs/data/bbj-lab/users/daniel/input-representation-benchmark/outputs/runs/exp3/arms/meds_mapped/deciles_none_unfused_time_rope_first_24h-tokenized/test/tokens_timelines_extended_outcomes.parquet
exp3_extended_regression,regression,min_sodium,randomized,spearman_rho,True,2353,0.4045427206666962,0.3703210840703187,0.4388615505285561,/gpfs/data/bbj-lab/users/daniel/input-representation-benchmark/outputs/runs/exp3/arms/meds_randomized/deciles_none_unfused_time_rope_first_24h-tokenized/test/reg_ridge_regression-preds-model-discrete-time_rope.pkl,/gpfs/data/bbj-lab/users/daniel/input-representation-benchmark/outputs/runs/exp3/arms/meds_randomized/deciles_none_unfused_time_rope_first_24h-tokenized/test/tokens_timelines_extended_outcomes.parquet
exp3_extended_regression,regression,min_sodium,randomized,r2,True,2353,0.1298145209154717,0.0894686513431635,0.1834893260517708,/gpfs/data/bbj-lab/users/daniel/input-representation-benchmark/outputs/runs/exp3/arms/meds_randomized/deciles_none_unfused_time_rope_first_24h-tokenized/test/reg_ridge_regression-preds-model-discrete-time_rope.pkl,/gpfs/data/bbj-lab/users/daniel/input-representation-benchmark/outputs/runs/exp3/arms/meds_randomized/deciles_none_unfused_time_rope_first_24h-tokenized/test/tokens_timelines_extended_outcomes.parquet
exp3_extended_regression,regression,min_sodium,randomized,mae,False,2353,3.5389742420201293,3.385263068578213,3.711503118438247,/gpfs/data/bbj-lab/users/daniel/input-representation-benchmark/outputs/runs/exp3/arms/meds_randomized/deciles_none_unfused_time_rope_first_24h-tokenized/test/reg_ridge_regression-preds-model-discrete-time_rope.pkl,/gpfs/data/bbj-lab/users/daniel/input-representation-benchmark/outputs/runs/exp3/arms/meds_randomized/deciles_none_unfused_time_rope_first_24h-tokenized/test/tokens_timelines_extended_outcomes.parquet
exp3_extended_regression,regression,min_sodium,randomized,rmse,False,2353,5.432804266806978,4.510110439546896,6.731722471224566,/gpfs/data/bbj-lab/users/daniel/input-representation-benchmark/outputs/runs/exp3/arms/meds_randomized/deciles_none_unfused_time_rope_first_24h-tokenized/test/reg_ridge_regression-preds-model-discrete-time_rope.pkl,/gpfs/data/bbj-lab/users/daniel/input-representation-benchmark/outputs/runs/exp3/arms/meds_randomized/deciles_none_unfused_time_rope_first_24h-tokenized/test/tokens_timelines_extended_outcomes.parquet
exp3_extended_regression,regression,min_sodium,freqmatched,spearman_rho,True,2353,0.4146636870340898,0.3795934351038645,0.4493032793776689,/gpfs/data/bbj-lab/users/daniel/input-representation-benchmark/outputs/runs/exp3/arms/meds_freqmatched/deciles_none_unfused_time_rope_first_24h-tokenized/test/reg_ridge_regression-preds-model-discrete-time_rope.pkl,/gpfs/data/bbj-lab/users/daniel/input-representation-benchmark/outputs/runs/exp3/arms/meds_freqmatched/deciles_none_unfused_time_rope_first_24h-tokenized/test/tokens_timelines_extended_outcomes.parquet
exp3_extended_regression,regression,min_sodium,freqmatched,r2,True,2353,0.140105678992775,0.0974638727557438,0.1948635165318145,/gpfs/data/bbj-lab/users/daniel/input-representation-benchmark/outputs/runs/exp3/arms/meds_freqmatched/deciles_none_unfused_time_rope_first_24h-tokenized/test/reg_ridge_regression-preds-model-discrete-time_rope.pkl,/gpfs/data/bbj-lab/users/daniel/input-representation-benchmark/outputs/runs/exp3/arms/meds_freqmatched/deciles_none_unfused_time_rope_first_24h-tokenized/test/tokens_timelines_extended_outcomes.parquet
exp3_extended_regression,regression,min_sodium,freqmatched,mae,False,2353,3.505011682967268,3.3455353104022985,3.6776676256421177,/gpfs/data/bbj-lab/users/daniel/input-representation-benchmark/outputs/runs/exp3/arms/meds_freqmatched/deciles_none_unfused_time_rope_first_24h-tokenized/test/reg_ridge_regression-preds-model-discrete-time_rope.pkl,/gpfs/data/bbj-lab/users/daniel/input-representation-benchmark/outputs/runs/exp3/arms/meds_freqmatched/deciles_none_unfused_time_rope_first_24h-tokenized/test/tokens_timelines_extended_outcomes.parquet
exp3_extended_regression,regression,min_sodium,freqmatched,rmse,False,2353,5.400583472151908,4.475356384287629,6.707305137726754,/gpfs/data/bbj-lab/users/daniel/input-representation-benchmark/outputs/runs/exp3/arms/meds_freqmatched/deciles_none_unfused_time_rope_first_24h-tokenized/test/reg_ridge_regression-preds-model-discrete-time_rope.pkl,/gpfs/data/bbj-lab/users/daniel/input-representation-benchmark/outputs/runs/exp3/arms/meds_freqmatched/deciles_none_unfused_time_rope_first_24h-tokenized/test/tokens_timelines_extended_outcomes.parquet
exp3_extended_regression,regression,peak_bnp,meds,spearman_rho,True,292,0.1766287501558758,0.0716509660789194,0.2810572366473126,/gpfs/data/bbj-lab/users/daniel/input-representation-benchmark/outputs/runs/exp3/meds_icu/deciles_none_unfused_time_rope_first_24h-tokenized/test/reg_ridge_regression-preds-model-discrete-time_rope.pkl,/gpfs/data/bbj-lab/users/daniel/input-representation-benchmark/outputs/runs/exp3/meds_icu/deciles_none_unfused_time_rope_first_24h-tokenized/test/tokens_timelines_extended_outcomes.parquet
exp3_extended_regression,regression,peak_bnp,meds,r2,True,292,-0.1064928103779172,-0.3487432033999869,0.0300531490697804,/gpfs/data/bbj-lab/users/daniel/input-representation-benchmark/outputs/runs/exp3/meds_icu/deciles_none_unfused_time_rope_first_24h-tokenized/test/reg_ridge_regression-preds-model-discrete-time_rope.pkl,/gpfs/data/bbj-lab/users/daniel/input-representation-benchmark/outputs/runs/exp3/meds_icu/deciles_none_unfused_time_rope_first_24h-tokenized/test/tokens_timelines_extended_outcomes.parquet
exp3_extended_regression,regression,peak_bnp,meds,mae,False,292,5628.962172523961,4919.714921194155,6407.08765059471,/gpfs/data/bbj-lab/users/daniel/input-representation-benchmark/outputs/runs/exp3/meds_icu/deciles_none_unfused_time_rope_first_24h-tokenized/test/reg_ridge_regression-preds-model-discrete-time_rope.pkl,/gpfs/data/bbj-lab/users/daniel/input-representation-benchmark/outputs/runs/exp3/meds_icu/deciles_none_unfused_time_rope_first_24h-tokenized/test/tokens_timelines_extended_outcomes.parquet
exp3_extended_regression,regression,peak_bnp,meds,rmse,False,292,8555.991726649248,6999.828916852236,10085.333223841615,/gpfs/data/bbj-lab/users/daniel/input-representation-benchmark/outputs/runs/exp3/meds_icu/deciles_none_unfused_time_rope_first_24h-tokenized/test/reg_ridge_regression-preds-model-discrete-time_rope.pkl,/gpfs/data/bbj-lab/users/daniel/input-representation-benchmark/outputs/runs/exp3/meds_icu/deciles_none_unfused_time_rope_first_24h-tokenized/test/tokens_timelines_extended_outcomes.parquet
exp3_extended_regression,regression,peak_bnp,mapped,spearman_rho,True,292,0.1333277260724441,0.0232333293541854,0.242175804999192,/gpfs/data/bbj-lab/users/daniel/input-representation-benchmark/outputs/runs/exp3/arms/meds_mapped/deciles_none_unfused_time_rope_first_24h-tokenized/test/reg_ridge_regression-preds-model-discrete-time_rope.pkl,/gpfs/data/bbj-lab/users/daniel/input-representation-benchmark/outputs/runs/exp3/arms/meds_mapped/deciles_none_unfused_time_rope_first_24h-tokenized/test/tokens_timelines_extended_outcomes.parquet
exp3_extended_regression,regression,peak_bnp,mapped,r2,True,292,-0.1964851691335638,-0.446993701343499,-0.0864747172966442,/gpfs/data/bbj-lab/users/daniel/input-representation-benchmark/outputs/runs/exp3/arms/meds_mapped/deciles_none_unfused_time_rope_first_24h-tokenized/test/reg_ridge_regression-preds-model-discrete-time_rope.pkl,/gpfs/data/bbj-lab/users/daniel/input-representation-benchmark/outputs/runs/exp3/arms/meds_mapped/deciles_none_unfused_time_rope_first_24h-tokenized/test/tokens_timelines_extended_outcomes.parquet
exp3_extended_regression,regression,peak_bnp,mapped,mae,False,292,5794.211013094689,5070.115965788792,6631.33844085567,/gpfs/data/bbj-lab/users/daniel/input-representation-benchmark/outputs/runs/exp3/arms/meds_mapped/deciles_none_unfused_time_rope_first_24h-tokenized/test/reg_ridge_regression-preds-model-discrete-time_rope.pkl,/gpfs/data/bbj-lab/users/daniel/input-representation-benchmark/outputs/runs/exp3/arms/meds_mapped/deciles_none_unfused_time_rope_first_24h-tokenized/test/tokens_timelines_extended_outcomes.parquet
exp3_extended_regression,regression,peak_bnp,mapped,rmse,False,292,8897.125520664995,7411.505616021656,10446.26905894032,/gpfs/data/bbj-lab/users/daniel/input-representation-benchmark/outputs/runs/exp3/arms/meds_mapped/deciles_none_unfused_time_rope_first_24h-tokenized/test/reg_ridge_regression-preds-model-discrete-time_rope.pkl,/gpfs/data/bbj-lab/users/daniel/input-representation-benchmark/outputs/runs/exp3/arms/meds_mapped/deciles_none_unfused_time_rope_first_24h-tokenized/test/tokens_timelines_extended_outcomes.parquet
exp3_extended_regression,regression,peak_bnp,randomized,spearman_rho,True,292,0.077057121029198,-0.0309088822847082,0.1947516117896935,/gpfs/data/bbj-lab/users/daniel/input-representation-benchmark/outputs/runs/exp3/arms/meds_randomized/deciles_none_unfused_time_rope_first_24h-tokenized/test/reg_ridge_regression-preds-model-discrete-time_rope.pkl,/gpfs/data/bbj-lab/users/daniel/input-representation-benchmark/outputs/runs/exp3/arms/meds_randomized/deciles_none_unfused_time_rope_first_24h-tokenized/test/tokens_timelines_extended_outcomes.parquet
exp3_extended_regression,regression,peak_bnp,randomized,r2,True,292,-0.2291414178510984,-0.5398982501231976,-0.0600541949377807,/gpfs/data/bbj-lab/users/daniel/input-representation-benchmark/outputs/runs/exp3/arms/meds_randomized/deciles_none_unfused_time_rope_first_24h-tokenized/test/reg_ridge_regression-preds-model-discrete-time_rope.pkl,/gpfs/data/bbj-lab/users/daniel/input-representation-benchmark/outputs/runs/exp3/arms/meds_randomized/deciles_none_unfused_time_rope_first_24h-tokenized/test/tokens_timelines_extended_outcomes.parquet
exp3_extended_regression,regression,peak_bnp,randomized,mae,False,292,5864.983426325007,5135.086808557214,6685.695717864994,/gpfs/data/bbj-lab/users/daniel/input-representation-benchmark/outputs/runs/exp3/arms/meds_randomized/deciles_none_unfused_time_rope_first_24h-tokenized/test/reg_ridge_regression-preds-model-discrete-time_rope.pkl,/gpfs/data/bbj-lab/users/daniel/input-representation-benchmark/outputs/runs/exp3/arms/meds_randomized/deciles_none_unfused_time_rope_first_24h-tokenized/test/tokens_timelines_extended_outcomes.parquet
exp3_extended_regression,regression,peak_bnp,randomized,rmse,False,292,9017.724941788489,7473.528421640157,10685.972130668497,/gpfs/data/bbj-lab/users/daniel/input-representation-benchmark/outputs/runs/exp3/arms/meds_randomized/deciles_none_unfused_time_rope_first_24h-tokenized/test/reg_ridge_regression-preds-model-discrete-time_rope.pkl,/gpfs/data/bbj-lab/users/daniel/input-representation-benchmark/outputs/runs/exp3/arms/meds_randomized/deciles_none_unfused_time_rope_first_24h-tokenized/test/tokens_timelines_extended_outcomes.parquet
exp3_extended_regression,regression,peak_bnp,freqmatched,spearman_rho,True,292,0.169894641985679,0.0577227971427498,0.2784326362032135,/gpfs/data/bbj-lab/users/daniel/input-representation-benchmark/outputs/runs/exp3/arms/meds_freqmatched/deciles_none_unfused_time_rope_first_24h-tokenized/test/reg_ridge_regression-preds-model-discrete-time_rope.pkl,/gpfs/data/bbj-lab/users/daniel/input-representation-benchmark/outputs/runs/exp3/arms/meds_freqmatched/deciles_none_unfused_time_rope_first_24h-tokenized/test/tokens_timelines_extended_outcomes.parquet
exp3_extended_regression,regression,peak_bnp,freqmatched,r2,True,292,-0.1690521360868397,-0.4272540693950704,-0.0276603234704998,/gpfs/data/bbj-lab/users/daniel/input-representation-benchmark/outputs/runs/exp3/arms/meds_freqmatched/deciles_none_unfused_time_rope_first_24h-tokenized/test/reg_ridge_regression-preds-model-discrete-time_rope.pkl,/gpfs/data/bbj-lab/users/daniel/input-representation-benchmark/outputs/runs/exp3/arms/meds_freqmatched/deciles_none_unfused_time_rope_first_24h-tokenized/test/tokens_timelines_extended_outcomes.parquet
exp3_extended_regression,regression,peak_bnp,freqmatched,mae,False,292,5616.195255267429,4903.1174778169725,6434.582598490901,/gpfs/data/bbj-lab/users/daniel/input-representation-benchmark/outputs/runs/exp3/arms/meds_freqmatched/deciles_none_unfused_time_rope_first_24h-tokenized/test/reg_ridge_regression-preds-model-discrete-time_rope.pkl,/gpfs/data/bbj-lab/users/daniel/input-representation-benchmark/outputs/runs/exp3/arms/meds_freqmatched/deciles_none_unfused_time_rope_first_24h-tokenized/test/tokens_timelines_extended_outcomes.parquet
exp3_extended_regression,regression,peak_bnp,freqmatched,rmse,False,292,8794.537349611046,7198.857613699105,10409.773223653723,/gpfs/data/bbj-lab/users/daniel/input-representation-benchmark/outputs/runs/exp3/arms/meds_freqmatched/deciles_none_unfused_time_rope_first_24h-tokenized/test/reg_ridge_regression-preds-model-discrete-time_rope.pkl,/gpfs/data/bbj-lab/users/daniel/input-representation-benchmark/outputs/runs/exp3/arms/meds_freqmatched/deciles_none_unfused_time_rope_first_24h-tokenized/test/tokens_timelines_extended_outcomes.parquet
exp3_extended_regression,regression,peak_creatinine,meds,spearman_rho,True,2350,0.4367063941415493,0.400583519091588,0.4711796888910143,/gpfs/data/bbj-lab/users/daniel/input-representation-benchmark/outputs/runs/exp3/meds_icu/deciles_none_unfused_time_rope_first_24h-tokenized/test/reg_ridge_regression-preds-model-discrete-time_rope.pkl,/gpfs/data/bbj-lab/users/daniel/input-representation-benchmark/outputs/runs/exp3/meds_icu/deciles_none_unfused_time_rope_first_24h-tokenized/test/tokens_timelines_extended_outcomes.parquet
exp3_extended_regression,regression,peak_creatinine,meds,r2,True,2350,0.2069773447446885,0.1671842709880606,0.2456385021085431,/gpfs/data/bbj-lab/users/daniel/input-representation-benchmark/outputs/runs/exp3/meds_icu/deciles_none_unfused_time_rope_first_24h-tokenized/test/reg_ridge_regression-preds-model-discrete-time_rope.pkl,/gpfs/data/bbj-lab/users/daniel/input-representation-benchmark/outputs/runs/exp3/meds_icu/deciles_none_unfused_time_rope_first_24h-tokenized/test/tokens_timelines_extended_outcomes.parquet
exp3_extended_regression,regression,peak_creatinine,meds,mae,False,2350,1.047792641168613,0.9913587526004826,1.1053318944721864,/gpfs/data/bbj-lab/users/daniel/input-representation-benchmark/outputs/runs/exp3/meds_icu/deciles_none_unfused_time_rope_first_24h-tokenized/test/reg_ridge_regression-preds-model-discrete-time_rope.pkl,/gpfs/data/bbj-lab/users/daniel/input-representation-benchmark/outputs/runs/exp3/meds_icu/deciles_none_unfused_time_rope_first_24h-tokenized/test/tokens_timelines_extended_outcomes.parquet
exp3_extended_regression,regression,peak_creatinine,meds,rmse,False,2350,1.7847120446593023,1.5771283649684775,2.0128717845181776,/gpfs/data/bbj-lab/users/daniel/input-representation-benchmark/outputs/runs/exp3/meds_icu/deciles_none_unfused_time_rope_first_24h-tokenized/test/reg_ridge_regression-preds-model-discrete-time_rope.pkl,/gpfs/data/bbj-lab/users/daniel/input-representation-benchmark/outputs/runs/exp3/meds_icu/deciles_none_unfused_time_rope_first_24h-tokenized/test/tokens_timelines_extended_outcomes.parquet
exp3_extended_regression,regression,peak_creatinine,mapped,spearman_rho,True,2350,0.4260871697559535,0.3895192042740892,0.4587975580117151,/gpfs/data/bbj-lab/users/daniel/input-representation-benchmark/outputs/runs/exp3/arms/meds_mapped/deciles_none_unfused_time_rope_first_24h-tokenized/test/reg_ridge_regression-preds-model-discrete-time_rope.pkl,/gpfs/data/bbj-lab/users/daniel/input-representation-benchmark/outputs/runs/exp3/arms/meds_mapped/deciles_none_unfused_time_rope_first_24h-tokenized/test/tokens_timelines_extended_outcomes.parquet
exp3_extended_regression,regression,peak_creatinine,mapped,r2,True,2350,0.1879854614040756,0.1450033450960234,0.2310467790635809,/gpfs/data/bbj-lab/users/daniel/input-representation-benchmark/outputs/runs/exp3/arms/meds_mapped/deciles_none_unfused_time_rope_first_24h-tokenized/test/reg_ridge_regression-preds-model-discrete-time_rope.pkl,/gpfs/data/bbj-lab/users/daniel/input-representation-benchmark/outputs/runs/exp3/arms/meds_mapped/deciles_none_unfused_time_rope_first_24h-tokenized/test/tokens_timelines_extended_outcomes.parquet
exp3_extended_regression,regression,peak_creatinine,mapped,mae,False,2350,1.0394186106003946,0.9801714265495316,1.0992948896689303,/gpfs/data/bbj-lab/users/daniel/input-representation-benchmark/outputs/runs/exp3/arms/meds_mapped/deciles_none_unfused_time_rope_first_24h-tokenized/test/reg_ridge_regression-preds-model-discrete-time_rope.pkl,/gpfs/data/bbj-lab/users/daniel/input-representation-benchmark/outputs/runs/exp3/arms/meds_mapped/deciles_none_unfused_time_rope_first_24h-tokenized/test/tokens_timelines_extended_outcomes.parquet
exp3_extended_regression,regression,peak_creatinine,mapped,rmse,False,2350,1.805956394485528,1.5896610533428746,2.0433422408385487,/gpfs/data/bbj-lab/users/daniel/input-representation-benchmark/outputs/runs/exp3/arms/meds_mapped/deciles_none_unfused_time_rope_first_24h-tokenized/test/reg_ridge_regression-preds-model-discrete-time_rope.pkl,/gpfs/data/bbj-lab/users/daniel/input-representation-benchmark/outputs/runs/exp3/arms/meds_mapped/deciles_none_unfused_time_rope_first_24h-tokenized/test/tokens_timelines_extended_outcomes.parquet
exp3_extended_regression,regression,peak_creatinine,randomized,spearman_rho,True,2350,0.431955937542714,0.3957864265876056,0.4636296889709658,/gpfs/data/bbj-lab/users/daniel/input-representation-benchmark/outputs/runs/exp3/arms/meds_randomized/deciles_none_unfused_time_rope_first_24h-tokenized/test/reg_ridge_regression-preds-model-discrete-time_rope.pkl,/gpfs/data/bbj-lab/users/daniel/input-representation-benchmark/outputs/runs/exp3/arms/meds_randomized/deciles_none_unfused_time_rope_first_24h-tokenized/test/tokens_timelines_extended_outcomes.parquet
exp3_extended_regression,regression,peak_creatinine,randomized,r2,True,2350,0.2027844361202363,0.1609961569837035,0.2442274329843269,/gpfs/data/bbj-lab/users/daniel/input-representation-benchmark/outputs/runs/exp3/arms/meds_randomized/deciles_none_unfused_time_rope_first_24h-tokenized/test/reg_ridge_regression-preds-model-discrete-time_rope.pkl,/gpfs/data/bbj-lab/users/daniel/input-representation-benchmark/outputs/runs/exp3/arms/meds_randomized/deciles_none_unfused_time_rope_first_24h-tokenized/test/tokens_timelines_extended_outcomes.parquet
exp3_extended_regression,regression,peak_creatinine,randomized,mae,False,2350,1.0429557606745097,0.9862358784617816,1.1019861794265229,/gpfs/data/bbj-lab/users/daniel/input-representation-benchmark/outputs/runs/exp3/arms/meds_randomized/deciles_none_unfused_time_rope_first_24h-tokenized/test/reg_ridge_regression-preds-model-discrete-time_rope.pkl,/gpfs/data/bbj-lab/users/daniel/input-representation-benchmark/outputs/runs/exp3/arms/meds_randomized/deciles_none_unfused_time_rope_first_24h-tokenized/test/tokens_timelines_extended_outcomes.parquet
exp3_extended_regression,regression,peak_creatinine,randomized,rmse,False,2350,1.7894239335553492,1.5765126442450057,2.0211611371584093,/gpfs/data/bbj-lab/users/daniel/input-representation-benchmark/outputs/runs/exp3/arms/meds_randomized/deciles_none_unfused_time_rope_first_24h-tokenized/test/reg_ridge_regression-preds-model-discrete-time_rope.pkl,/gpfs/data/bbj-lab/users/daniel/input-representation-benchmark/outputs/runs/exp3/arms/meds_randomized/deciles_none_unfused_time_rope_first_24h-tokenized/test/tokens_timelines_extended_outcomes.parquet
exp3_extended_regression,regression,peak_creatinine,freqmatched,spearman_rho,True,2350,0.3964139893060684,0.361479775080845,0.4336249198609561,/gpfs/data/bbj-lab/users/daniel/input-representation-benchmark/outputs/runs/exp3/arms/meds_freqmatched/deciles_none_unfused_time_rope_first_24h-tokenized/test/reg_ridge_regression-preds-model-discrete-time_rope.pkl,/gpfs/data/bbj-lab/users/daniel/input-representation-benchmark/outputs/runs/exp3/arms/meds_freqmatched/deciles_none_unfused_time_rope_first_24h-tokenized/test/tokens_timelines_extended_outcomes.parquet
exp3_extended_regression,regression,peak_creatinine,freqmatched,r2,True,2350,0.1722621616538289,0.1321564097889437,0.2148857294710313,/gpfs/data/bbj-lab/users/daniel/input-representation-benchmark/outputs/runs/exp3/arms/meds_freqmatched/deciles_none_unfused_time_rope_first_24h-tokenized/test/reg_ridge_regression-preds-model-discrete-time_rope.pkl,/gpfs/data/bbj-lab/users/daniel/input-representation-benchmark/outputs/runs/exp3/arms/meds_freqmatched/deciles_none_unfused_time_rope_first_24h-tokenized/test/tokens_timelines_extended_outcomes.parquet
exp3_extended_regression,regression,peak_creatinine,freqmatched,mae,False,2350,1.060353406407398,1.0023782966930133,1.119606079333537,/gpfs/data/bbj-lab/users/daniel/input-representation-benchmark/outputs/runs/exp3/arms/meds_freqmatched/deciles_none_unfused_time_rope_first_24h-tokenized/test/reg_ridge_regression-preds-model-discrete-time_rope.pkl,/gpfs/data/bbj-lab/users/daniel/input-representation-benchmark/outputs/runs/exp3/arms/meds_freqmatched/deciles_none_unfused_time_rope_first_24h-tokenized/test/tokens_timelines_extended_outcomes.parquet
exp3_extended_regression,regression,peak_creatinine,freqmatched,rmse,False,2350,1.8233572223365475,1.6015189932749676,2.0683161873349247,/gpfs/data/bbj-lab/users/daniel/input-representation-benchmark/outputs/runs/exp3/arms/meds_freqmatched/deciles_none_unfused_time_rope_first_24h-tokenized/test/reg_ridge_regression-preds-model-discrete-time_rope.pkl,/gpfs/data/bbj-lab/users/daniel/input-representation-benchmark/outputs/runs/exp3/arms/meds_freqmatched/deciles_none_unfused_time_rope_first_24h-tokenized/test/tokens_timelines_extended_outcomes.parquet
exp3_extended_regression,regression,peak_potassium,meds,spearman_rho,True,2354,0.4671194132244023,0.4347343503541608,0.498436671635155,/gpfs/data/bbj-lab/users/daniel/input-representation-benchmark/outputs/runs/exp3/meds_icu/deciles_none_unfused_time_rope_first_24h-tokenized/test/reg_ridge_regression-preds-model-discrete-time_rope.pkl,/gpfs/data/bbj-lab/users/daniel/input-representation-benchmark/outputs/runs/exp3/meds_icu/deciles_none_unfused_time_rope_first_24h-tokenized/test/tokens_timelines_extended_outcomes.parquet
exp3_extended_regression,regression,peak_potassium,meds,r2,True,2354,0.1488041450984816,0.1159655008985054,0.1796881259114133,/gpfs/data/bbj-lab/users/daniel/input-representation-benchmark/outputs/runs/exp3/meds_icu/deciles_none_unfused_time_rope_first_24h-tokenized/test/reg_ridge_regression-preds-model-discrete-time_rope.pkl,/gpfs/data/bbj-lab/users/daniel/input-representation-benchmark/outputs/runs/exp3/meds_icu/deciles_none_unfused_time_rope_first_24h-tokenized/test/tokens_timelines_extended_outcomes.parquet
exp3_extended_regression,regression,peak_potassium,meds,mae,False,2354,0.5359430169629895,0.5129426550661781,0.5609717683584963,/gpfs/data/bbj-lab/users/daniel/input-representation-benchmark/outputs/runs/exp3/meds_icu/deciles_none_unfused_time_rope_first_24h-tokenized/test/reg_ridge_regression-preds-model-discrete-time_rope.pkl,/gpfs/data/bbj-lab/users/daniel/input-representation-benchmark/outputs/runs/exp3/meds_icu/deciles_none_unfused_time_rope_first_24h-tokenized/test/tokens_timelines_extended_outcomes.parquet
exp3_extended_regression,regression,peak_potassium,meds,rmse,False,2354,0.7949952958127762,0.7431634165152512,0.8494283800772015,/gpfs/data/bbj-lab/users/daniel/input-representation-benchmark/outputs/runs/exp3/meds_icu/deciles_none_unfused_time_rope_first_24h-tokenized/test/reg_ridge_regression-preds-model-discrete-time_rope.pkl,/gpfs/data/bbj-lab/users/daniel/input-representation-benchmark/outputs/runs/exp3/meds_icu/deciles_none_unfused_time_rope_first_24h-tokenized/test/tokens_timelines_extended_outcomes.parquet
exp3_extended_regression,regression,peak_potassium,mapped,spearman_rho,True,2354,0.4515813326559873,0.4189576750279085,0.4848044166174691,/gpfs/data/bbj-lab/users/daniel/input-representation-benchmark/outputs/runs/exp3/arms/meds_mapped/deciles_none_unfused_time_rope_first_24h-tokenized/test/reg_ridge_regression-preds-model-discrete-time_rope.pkl,/gpfs/data/bbj-lab/users/daniel/input-representation-benchmark/outputs/runs/exp3/arms/meds_mapped/deciles_none_unfused_time_rope_first_24h-tokenized/test/tokens_timelines_extended_outcomes.parquet
exp3_extended_regression,regression,peak_potassium,mapped,r2,True,2354,0.1454056409751046,0.1153379888897701,0.175101094342525,/gpfs/data/bbj-lab/users/daniel/input-representation-benchmark/outputs/runs/exp3/arms/meds_mapped/deciles_none_unfused_time_rope_first_24h-tokenized/test/reg_ridge_regression-preds-model-discrete-time_rope.pkl,/gpfs/data/bbj-lab/users/daniel/input-representation-benchmark/outputs/runs/exp3/arms/meds_mapped/deciles_none_unfused_time_rope_first_24h-tokenized/test/tokens_timelines_extended_outcomes.parquet
exp3_extended_regression,regression,peak_potassium,mapped,mae,False,2354,0.5438790617876799,0.5211389746761411,0.5689995166427676,/gpfs/data/bbj-lab/users/daniel/input-representation-benchmark/outputs/runs/exp3/arms/meds_mapped/deciles_none_unfused_time_rope_first_24h-tokenized/test/reg_ridge_regression-preds-model-discrete-time_rope.pkl,/gpfs/data/bbj-lab/users/daniel/input-representation-benchmark/outputs/runs/exp3/arms/meds_mapped/deciles_none_unfused_time_rope_first_24h-tokenized/test/tokens_timelines_extended_outcomes.parquet
exp3_extended_regression,regression,peak_potassium,mapped,rmse,False,2354,0.7965807730761085,0.7465815465126,0.8493114005857281,/gpfs/data/bbj-lab/users/daniel/input-representation-benchmark/outputs/runs/exp3/arms/meds_mapped/deciles_none_unfused_time_rope_first_24h-tokenized/test/reg_ridge_regression-preds-model-discrete-time_rope.pkl,/gpfs/data/bbj-lab/users/daniel/input-representation-benchmark/outputs/runs/exp3/arms/meds_mapped/deciles_none_unfused_time_rope_first_24h-tokenized/test/tokens_timelines_extended_outcomes.parquet
exp3_extended_regression,regression,peak_potassium,randomized,spearman_rho,True,2354,0.4482394519082328,0.414486628191788,0.4815184603576979,/gpfs/data/bbj-lab/users/daniel/input-representation-benchmark/outputs/runs/exp3/arms/meds_randomized/deciles_none_unfused_time_rope_first_24h-tokenized/test/reg_ridge_regression-preds-model-discrete-time_rope.pkl,/gpfs/data/bbj-lab/users/daniel/input-representation-benchmark/outputs/runs/exp3/arms/meds_randomized/deciles_none_unfused_time_rope_first_24h-tokenized/test/tokens_timelines_extended_outcomes.parquet
exp3_extended_regression,regression,peak_potassium,randomized,r2,True,2354,0.143784855898847,0.1114753149303938,0.1765362364452863,/gpfs/data/bbj-lab/users/daniel/input-representation-benchmark/outputs/runs/exp3/arms/meds_randomized/deciles_none_unfused_time_rope_first_24h-tokenized/test/reg_ridge_regression-preds-model-discrete-time_rope.pkl,/gpfs/data/bbj-lab/users/daniel/input-representation-benchmark/outputs/runs/exp3/arms/meds_randomized/deciles_none_unfused_time_rope_first_24h-tokenized/test/tokens_timelines_extended_outcomes.parquet
exp3_extended_regression,regression,peak_potassium,randomized,mae,False,2354,0.5406198640794633,0.5178410951907225,0.5650191977311004,/gpfs/data/bbj-lab/users/daniel/input-representation-benchmark/outputs/runs/exp3/arms/meds_randomized/deciles_none_unfused_time_rope_first_24h-tokenized/test/reg_ridge_regression-preds-model-discrete-time_rope.pkl,/gpfs/data/bbj-lab/users/daniel/input-representation-benchmark/outputs/runs/exp3/arms/meds_randomized/deciles_none_unfused_time_rope_first_24h-tokenized/test/tokens_timelines_extended_outcomes.parquet
exp3_extended_regression,regression,peak_potassium,randomized,rmse,False,2354,0.7973357948248774,0.7459328599048676,0.8518598293893515,/gpfs/data/bbj-lab/users/daniel/input-representation-benchmark/outputs/runs/exp3/arms/meds_randomized/deciles_none_unfused_time_rope_first_24h-tokenized/test/reg_ridge_regression-preds-model-discrete-time_rope.pkl,/gpfs/data/bbj-lab/users/daniel/input-representation-benchmark/outputs/runs/exp3/arms/meds_randomized/deciles_none_unfused_time_rope_first_24h-tokenized/test/tokens_timelines_extended_outcomes.parquet
exp3_extended_regression,regression,peak_potassium,freqmatched,spearman_rho,True,2354,0.4552723187394252,0.4227213267772255,0.4866259072273679,/gpfs/data/bbj-lab/users/daniel/input-representation-benchmark/outputs/runs/exp3/arms/meds_freqmatched/deciles_none_unfused_time_rope_first_24h-tokenized/test/reg_ridge_regression-preds-model-discrete-time_rope.pkl,/gpfs/data/bbj-lab/users/daniel/input-representation-benchmark/outputs/runs/exp3/arms/meds_freqmatched/deciles_none_unfused_time_rope_first_24h-tokenized/test/tokens_timelines_extended_outcomes.parquet
exp3_extended_regression,regression,peak_potassium,freqmatched,r2,True,2354,0.1469230741553233,0.1163916820190373,0.1761884590340588,/gpfs/data/bbj-lab/users/daniel/input-representation-benchmark/outputs/runs/exp3/arms/meds_freqmatched/deciles_none_unfused_time_rope_first_24h-tokenized/test/reg_ridge_regression-preds-model-discrete-time_rope.pkl,/gpfs/data/bbj-lab/users/daniel/input-representation-benchmark/outputs/runs/exp3/arms/meds_freqmatched/deciles_none_unfused_time_rope_first_24h-tokenized/test/tokens_timelines_extended_outcomes.parquet
exp3_extended_regression,regression,peak_potassium,freqmatched,mae,False,2354,0.5406576871261316,0.5178998516550903,0.5652255284989951,/gpfs/data/bbj-lab/users/daniel/input-representation-benchmark/outputs/runs/exp3/arms/meds_freqmatched/deciles_none_unfused_time_rope_first_24h-tokenized/test/reg_ridge_regression-preds-model-discrete-time_rope.pkl,/gpfs/data/bbj-lab/users/daniel/input-representation-benchmark/outputs/runs/exp3/arms/meds_freqmatched/deciles_none_unfused_time_rope_first_24h-tokenized/test/tokens_timelines_extended_outcomes.parquet
exp3_extended_regression,regression,peak_potassium,freqmatched,rmse,False,2354,0.795873247258099,0.7447771899272972,0.8489859894186311,/gpfs/data/bbj-lab/users/daniel/input-representation-benchmark/outputs/runs/exp3/arms/meds_freqmatched/deciles_none_unfused_time_rope_first_24h-tokenized/test/reg_ridge_regression-preds-model-discrete-time_rope.pkl,/gpfs/data/bbj-lab/users/daniel/input-representation-benchmark/outputs/runs/exp3/arms/meds_freqmatched/deciles_none_unfused_time_rope_first_24h-tokenized/test/tokens_timelines_extended_outcomes.parquet
exp3_extended_regression,regression,peak_troponin,meds,spearman_rho,True,381,0.2760464224645975,0.1779556984458824,0.3690958712730702,/gpfs/data/bbj-lab/users/daniel/input-representation-benchmark/outputs/runs/exp3/meds_icu/deciles_none_unfused_time_rope_first_24h-tokenized/test/reg_ridge_regression-preds-model-discrete-time_rope.pkl,/gpfs/data/bbj-lab/users/daniel/input-representation-benchmark/outputs/runs/exp3/meds_icu/deciles_none_unfused_time_rope_first_24h-tokenized/test/tokens_timelines_extended_outcomes.parquet
exp3_extended_regression,regression,peak_troponin,meds,r2,True,381,0.0013000189585693,-0.3009661188010527,0.1422200081691032,/gpfs/data/bbj-lab/users/daniel/input-representation-benchmark/outputs/runs/exp3/meds_icu/deciles_none_unfused_time_rope_first_24h-tokenized/test/reg_ridge_regression-preds-model-discrete-time_rope.pkl,/gpfs/data/bbj-lab/users/daniel/input-representation-benchmark/outputs/runs/exp3/meds_icu/deciles_none_unfused_time_rope_first_24h-tokenized/test/tokens_timelines_extended_outcomes.parquet
exp3_extended_regression,regression,peak_troponin,meds,mae,False,381,1.1598864759873797,0.9991520233236458,1.3414671185694131,/gpfs/data/bbj-lab/users/daniel/input-representation-benchmark/outputs/runs/exp3/meds_icu/deciles_none_unfused_time_rope_first_24h-tokenized/test/reg_ridge_regression-preds-model-discrete-time_rope.pkl,/gpfs/data/bbj-lab/users/daniel/input-representation-benchmark/outputs/runs/exp3/meds_icu/deciles_none_unfused_time_rope_first_24h-tokenized/test/tokens_timelines_extended_outcomes.parquet
exp3_extended_regression,regression,peak_troponin,meds,rmse,False,381,2.0628561201402977,1.5253155783693806,2.6245769913877206,/gpfs/data/bbj-lab/users/daniel/input-representation-benchmark/outputs/runs/exp3/meds_icu/deciles_none_unfused_time_rope_first_24h-tokenized/test/reg_ridge_regression-preds-model-discrete-time_rope.pkl,/gpfs/data/bbj-lab/users/daniel/input-representation-benchmark/outputs/runs/exp3/meds_icu/deciles_none_unfused_time_rope_first_24h-tokenized/test/tokens_timelines_extended_outcomes.parquet
exp3_extended_regression,regression,peak_troponin,mapped,spearman_rho,True,381,0.2663767707536665,0.1656263552687998,0.3602417163854066,/gpfs/data/bbj-lab/users/daniel/input-representation-benchmark/outputs/runs/exp3/arms/meds_mapped/deciles_none_unfused_time_rope_first_24h-tokenized/test/reg_ridge_regression-preds-model-discrete-time_rope.pkl,/gpfs/data/bbj-lab/users/daniel/input-representation-benchmark/outputs/runs/exp3/arms/meds_mapped/deciles_none_unfused_time_rope_first_24h-tokenized/test/tokens_timelines_extended_outcomes.parquet
exp3_extended_regression,regression,peak_troponin,mapped,r2,True,381,0.04919145251846,-0.2015963380314876,0.1686642519398989,/gpfs/data/bbj-lab/users/daniel/input-representation-benchmark/outputs/runs/exp3/arms/meds_mapped/deciles_none_unfused_time_rope_first_24h-tokenized/test/reg_ridge_regression-preds-model-discrete-time_rope.pkl,/gpfs/data/bbj-lab/users/daniel/input-representation-benchmark/outputs/runs/exp3/arms/meds_mapped/deciles_none_unfused_time_rope_first_24h-tokenized/test/tokens_timelines_extended_outcomes.parquet
exp3_extended_regression,regression,peak_troponin,mapped,mae,False,381,1.1532848008837944,0.9986679304856404,1.336528875130035,/gpfs/data/bbj-lab/users/daniel/input-representation-benchmark/outputs/runs/exp3/arms/meds_mapped/deciles_none_unfused_time_rope_first_24h-tokenized/test/reg_ridge_regression-preds-model-discrete-time_rope.pkl,/gpfs/data/bbj-lab/users/daniel/input-representation-benchmark/outputs/runs/exp3/arms/meds_mapped/deciles_none_unfused_time_rope_first_24h-tokenized/test/tokens_timelines_extended_outcomes.parquet
exp3_extended_regression,regression,peak_troponin,mapped,rmse,False,381,2.012787634577535,1.4966802778681254,2.5510065020650288,/gpfs/data/bbj-lab/users/daniel/input-representation-benchmark/outputs/runs/exp3/arms/meds_mapped/deciles_none_unfused_time_rope_first_24h-tokenized/test/reg_ridge_regression-preds-model-discrete-time_rope.pkl,/gpfs/data/bbj-lab/users/daniel/input-representation-benchmark/outputs/runs/exp3/arms/meds_mapped/deciles_none_unfused_time_rope_first_24h-tokenized/test/tokens_timelines_extended_outcomes.parquet
exp3_extended_regression,regression,peak_troponin,randomized,spearman_rho,True,381,0.1808649744961465,0.0728933841039583,0.283416486270777,/gpfs/data/bbj-lab/users/daniel/input-representation-benchmark/outputs/runs/exp3/arms/meds_randomized/deciles_none_unfused_time_rope_first_24h-tokenized/test/reg_ridge_regression-preds-model-discrete-time_rope.pkl,/gpfs/data/bbj-lab/users/daniel/input-representation-benchmark/outputs/runs/exp3/arms/meds_randomized/deciles_none_unfused_time_rope_first_24h-tokenized/test/tokens_timelines_extended_outcomes.parquet
exp3_extended_regression,regression,peak_troponin,randomized,r2,True,381,0.0494615703589327,-0.2130829436553694,0.1914862929969748,/gpfs/data/bbj-lab/users/daniel/input-representation-benchmark/outputs/runs/exp3/arms/meds_randomized/deciles_none_unfused_time_rope_first_24h-tokenized/test/reg_ridge_regression-preds-model-discrete-time_rope.pkl,/gpfs/data/bbj-lab/users/daniel/input-representation-benchmark/outputs/runs/exp3/arms/meds_randomized/deciles_none_unfused_time_rope_first_24h-tokenized/test/tokens_timelines_extended_outcomes.parquet
exp3_extended_regression,regression,peak_troponin,randomized,mae,False,381,1.11214202643008,0.9556078895631884,1.2967208380317503,/gpfs/data/bbj-lab/users/daniel/input-representation-benchmark/outputs/runs/exp3/arms/meds_randomized/deciles_none_unfused_time_rope_first_24h-tokenized/test/reg_ridge_regression-preds-model-discrete-time_rope.pkl,/gpfs/data/bbj-lab/users/daniel/input-representation-benchmark/outputs/runs/exp3/arms/meds_randomized/deciles_none_unfused_time_rope_first_24h-tokenized/test/tokens_timelines_extended_outcomes.parquet
exp3_extended_regression,regression,peak_troponin,randomized,rmse,False,381,2.0125017050543423,1.5093801895683512,2.5513808620501623,/gpfs/data/bbj-lab/users/daniel/input-representation-benchmark/outputs/runs/exp3/arms/meds_randomized/deciles_none_unfused_time_rope_first_24h-tokenized/test/reg_ridge_regression-preds-model-discrete-time_rope.pkl,/gpfs/data/bbj-lab/users/daniel/input-representation-benchmark/outputs/runs/exp3/arms/meds_randomized/deciles_none_unfused_time_rope_first_24h-tokenized/test/tokens_timelines_extended_outcomes.parquet
exp3_extended_regression,regression,peak_troponin,freqmatched,spearman_rho,True,381,0.3081888579885953,0.205368486203679,0.4047913278476882,/gpfs/data/bbj-lab/users/daniel/input-representation-benchmark/outputs/runs/exp3/arms/meds_freqmatched/deciles_none_unfused_time_rope_first_24h-tokenized/test/reg_ridge_regression-preds-model-discrete-time_rope.pkl,/gpfs/data/bbj-lab/users/daniel/input-representation-benchmark/outputs/runs/exp3/arms/meds_freqmatched/deciles_none_unfused_time_rope_first_24h-tokenized/test/tokens_timelines_extended_outcomes.parquet
exp3_extended_regression,regression,peak_troponin,freqmatched,r2,True,381,0.064003228921274,-0.2089748003797333,0.188198479979549,/gpfs/data/bbj-lab/users/daniel/input-representation-benchmark/outputs/runs/exp3/arms/meds_freqmatched/deciles_none_unfused_time_rope_first_24h-tokenized/test/reg_ridge_regression-preds-model-discrete-time_rope.pkl,/gpfs/data/bbj-lab/users/daniel/input-representation-benchmark/outputs/runs/exp3/arms/meds_freqmatched/deciles_none_unfused_time_rope_first_24h-tokenized/test/tokens_timelines_extended_outcomes.parquet
exp3_extended_regression,regression,peak_troponin,freqmatched,mae,False,381,1.131797519289054,0.976515159859086,1.305770098756548,/gpfs/data/bbj-lab/users/daniel/input-representation-benchmark/outputs/runs/exp3/arms/meds_freqmatched/deciles_none_unfused_time_rope_first_24h-tokenized/test/reg_ridge_regression-preds-model-discrete-time_rope.pkl,/gpfs/data/bbj-lab/users/daniel/input-representation-benchmark/outputs/runs/exp3/arms/meds_freqmatched/deciles_none_unfused_time_rope_first_24h-tokenized/test/tokens_timelines_extended_outcomes.parquet
exp3_extended_regression,regression,peak_troponin,freqmatched,rmse,False,381,1.99704840876636,1.5129386383439276,2.519867365011319,/gpfs/data/bbj-lab/users/daniel/input-representation-benchmark/outputs/runs/exp3/arms/meds_freqmatched/deciles_none_unfused_time_rope_first_24h-tokenized/test/reg_ridge_regression-preds-model-discrete-time_rope.pkl,/gpfs/data/bbj-lab/users/daniel/input-representation-benchmark/outputs/runs/exp3/arms/meds_freqmatched/deciles_none_unfused_time_rope_first_24h-tokenized/test/tokens_timelines_extended_outcomes.parquet
